1003.468	1003.468	100.000	468	0	0	1	468	1	468	0.0	956
1003.468	569.83	40.541	74	43	1	280	353	10	82	1.72e-08	47.0
1480.466	1480.466	100.000	466	0	0	1	466	1	466	0.0	820
1235.460	1235.460	100.000	460	0	0	1	460	1	460	0.0	945
1011.458	1011.458	100.000	458	0	0	1	458	1	458	0.0	945
1216.455	1216.455	100.000	455	0	0	1	455	1	455	0.0	936
1216.455	1669.436	44.898	441	213	13	1	433	1	419	7.32e-115	340
1216.455	1144.434	40.929	452	246	10	1	450	1	433	1.96e-99	300
1216.455	759.306	41.195	318	166	8	117	433	3	300	1.13e-73	229
1216.455	540.305	42.953	298	154	7	122	417	3	286	7.54e-72	224
1216.455	387.437	34.140	372	223	9	49	410	45	404	1.93e-65	212
1216.455	585.420	33.250	400	236	13	28	417	23	401	8.66e-64	207
1216.455	1715.306	38.033	305	175	9	127	426	3	298	2.21e-62	200
1216.455	886.403	36.870	377	204	15	44	410	24	376	2.37e-61	200
1216.455	1444.322	36.957	322	177	11	114	428	9	311	1.71e-56	185
1216.455	341.423	31.429	385	232	10	45	417	41	405	6.76e-55	184
1216.455	251.453	30.637	408	251	10	45	440	41	428	7.88e-55	184
1216.455	296.296	37.500	272	154	6	139	409	22	278	8.03e-54	177
1216.455	932.297	36.923	260	155	5	151	409	28	279	8.30e-53	175
1216.455	1059.297	36.923	260	155	5	151	409	28	279	8.30e-53	175
1216.455	617.299	38.111	307	172	9	128	431	1	292	1.29e-52	174
1216.455	984.299	38.710	248	142	5	156	402	35	273	1.32e-50	169
1216.455	1766.314	33.564	289	176	6	122	407	3	278	2.93e-50	169
1216.455	25.315	35.366	246	149	4	158	402	34	270	6.81e-46	157
1216.455	63.314	35.366	246	149	4	158	402	33	269	9.07e-46	157
1216.455	1532.314	36.481	233	138	5	178	409	58	281	3.54e-43	150
1216.455	1622.315	32.660	297	175	9	124	407	1	285	7.81e-43	149
1216.455	1172.301	33.984	256	152	5	158	409	35	277	3.41e-41	144
1216.455	1487.325	33.007	306	189	8	142	440	20	316	1.13e-40	143
1216.455	952.313	30.132	302	197	7	122	417	12	305	1.82e-40	142
1216.455	807.309	30.201	298	198	5	122	417	12	301	4.69e-40	141
1216.455	837.313	30.132	302	197	7	122	417	12	305	9.92e-40	140
1216.455	481.313	34.231	260	159	7	145	402	19	268	2.60e-39	139
1216.455	113.305	29.866	298	186	8	131	425	13	290	3.41e-36	130
1216.455	203.305	30.392	306	185	10	119	416	5	290	5.97e-36	130
1216.455	670.343	30.422	332	205	11	114	431	4	323	1.28e-35	130
1216.455	1569.311	29.739	306	192	8	121	419	2	291	1.55e-35	129
1216.455	435.316	32.645	242	154	6	158	397	32	266	2.06e-34	126
1216.455	1265.316	32.645	242	154	6	158	397	32	266	2.06e-34	126
1216.455	1030.310	31.048	248	154	6	160	402	39	274	6.43e-34	124
1216.455	1354.306	29.508	305	189	10	119	416	5	290	2.43e-32	120
1216.455	1305.306	30.164	305	187	10	119	416	5	290	4.02e-32	119
1216.455	1399.304	29.677	310	186	11	117	416	3	290	4.59e-31	117
1216.455	714.294	28.758	306	189	8	130	427	2	286	3.15e-30	114
1216.455	158.286	29.965	287	177	10	127	409	5	271	5.89e-29	110
1216.455	760.107	26.724	116	69	4	2	117	7	106	2.54e-08	47.4
1216.455	539.112	29.204	113	65	5	2	111	5	105	1.67e-07	45.1
1611.455	1611.455	100.000	455	0	0	1	455	1	455	0.0	896
90.454	90.454	100.000	454	0	0	1	454	1	454	0.0	711
251.453	251.453	100.000	453	0	0	1	453	1	453	0.0	727
251.453	341.423	99.762	421	1	0	1	421	1	421	0.0	664
251.453	585.420	53.538	424	189	5	1	422	1	418	2.48e-124	363
251.453	886.403	55.138	399	171	5	21	417	2	394	4.55e-124	362
251.453	387.437	50.244	410	192	5	17	418	17	422	3.61e-111	330
251.453	1444.322	57.312	253	104	4	162	412	56	306	3.70e-91	275
251.453	540.305	39.841	251	142	4	162	408	44	289	1.50e-51	172
251.453	1669.436	40.996	261	140	6	162	415	163	416	1.65e-51	175
251.453	1144.434	39.764	254	138	6	165	410	163	409	3.13e-48	166
251.453	759.306	38.462	260	149	5	162	417	46	298	2.41e-46	158
251.453	296.296	40.000	240	131	6	181	413	61	294	1.27e-42	148
251.453	617.299	40.551	254	131	8	176	417	47	292	3.06e-42	147
251.453	1487.325	39.231	260	134	8	169	419	60	304	2.53e-41	145
251.453	932.297	39.167	240	133	6	181	413	62	295	9.35e-40	140
251.453	1059.297	39.167	240	133	6	181	413	62	295	9.35e-40	140
251.453	1715.306	38.372	258	142	6	162	408	43	294	1.13e-39	140
251.453	63.314	38.211	246	139	5	162	401	42	280	4.34e-39	139
251.453	1216.455	33.696	276	165	6	166	428	170	440	2.18e-38	140
251.453	25.315	39.035	228	127	5	180	401	60	281	2.22e-38	137
251.453	984.299	37.500	240	138	6	180	413	63	296	3.76e-38	136
251.453	1532.314	35.606	264	151	9	171	421	52	309	5.68e-38	135
251.453	481.313	37.805	246	127	8	173	401	43	279	4.74e-37	133
251.453	203.305	36.364	253	145	8	162	404	44	290	1.31e-36	132
251.453	435.316	38.189	254	133	10	162	402	41	283	1.42e-36	132
251.453	1265.316	38.189	254	133	10	162	402	41	283	1.42e-36	132
251.453	1399.304	34.328	268	153	7	162	419	44	298	1.13e-35	129
251.453	1569.311	35.907	259	153	9	163	413	42	295	8.97e-35	127
251.453	1354.306	33.992	253	151	7	162	404	44	290	1.26e-34	126
251.453	1622.315	34.524	252	150	7	173	416	66	310	1.57e-34	126
251.453	714.294	35.458	251	150	7	162	408	36	278	2.81e-34	125
251.453	1305.306	33.992	253	151	7	162	404	44	290	1.02e-33	124
251.453	670.343	32.714	269	162	8	162	416	58	321	1.04e-31	119
251.453	1766.314	35.606	264	136	9	164	400	27	283	2.63e-31	117
251.453	1172.301	35.484	248	142	9	162	401	44	281	5.43e-30	114
251.453	952.313	29.200	250	166	6	162	405	61	305	3.52e-29	111
251.453	807.309	29.600	250	165	6	162	405	57	301	3.91e-29	111
251.453	837.313	30.000	250	164	6	162	405	61	305	1.37e-28	110
251.453	158.286	33.898	236	135	8	180	408	61	282	1.37e-28	109
251.453	113.305	32.114	246	152	8	168	407	47	283	2.91e-27	106
251.453	1030.310	34.188	234	139	8	172	397	55	281	1.99e-26	103
691.451	691.451	100.000	451	0	0	1	451	1	451	0.0	900
1320.446	1320.446	100.000	446	0	0	1	446	1	446	0.0	849
101.442	101.442	100.000	442	0	0	1	442	1	442	0.0	809
101.442	1559.401	36.213	301	173	7	120	412	55	344	1.31e-44	155
101.442	1559.401	32.727	330	148	12	64	388	100	360	1.42e-28	111
101.442	1559.401	40.698	172	76	6	264	416	65	229	2.51e-24	99.4
396.439	396.439	100.000	439	0	0	1	439	1	439	0.0	878
387.437	387.437	100.000	420	0	0	18	437	18	437	0.0	707
387.437	886.403	61.483	418	144	5	21	437	2	403	1.98e-153	436
387.437	585.420	50.739	406	188	6	18	421	18	413	7.88e-126	367
387.437	341.423	50.123	407	195	4	18	422	18	418	7.58e-120	351
387.437	251.453	50.123	407	195	4	18	422	18	418	1.50e-119	352
387.437	1444.322	57.752	258	104	4	160	416	51	304	3.46e-98	292
387.437	1669.436	32.653	392	244	7	44	430	50	426	1.81e-60	198
387.437	1144.434	38.868	265	141	6	175	425	170	427	3.37e-56	187
387.437	1216.455	33.602	372	225	9	45	404	49	410	8.58e-53	179
387.437	540.305	38.235	238	141	3	175	411	54	286	5.12e-52	172
387.437	759.306	38.655	238	140	2	175	411	55	287	2.62e-50	168
387.437	617.299	38.627	233	132	4	187	414	55	281	1.49e-49	166
387.437	296.296	37.190	242	139	6	176	413	55	287	1.40e-48	163
387.437	932.297	36.777	242	140	6	176	413	56	288	9.62e-48	161
387.437	1059.297	36.777	242	140	6	176	413	56	288	9.62e-48	161
387.437	1766.314	39.111	225	125	5	187	406	66	283	1.72e-46	158
387.437	984.299	35.556	225	136	4	186	407	66	284	5.53e-46	156
387.437	481.313	36.585	246	138	7	176	414	52	286	5.59e-45	154
387.437	1715.306	34.008	247	149	5	176	414	54	294	3.33e-44	152
387.437	25.315	35.268	224	136	4	187	407	64	281	6.04e-44	151
387.437	63.314	35.622	233	137	5	178	407	58	280	6.68e-44	151
387.437	435.316	36.564	227	132	5	187	407	62	282	9.19e-44	151
387.437	1265.316	36.564	227	132	5	187	407	62	282	9.19e-44	151
387.437	1305.306	36.441	236	137	5	176	404	55	284	6.39e-42	145
387.437	1354.306	35.593	236	139	5	176	404	55	284	8.28e-42	145
387.437	670.343	35.185	270	153	7	176	430	69	331	3.57e-41	145
387.437	1487.325	31.835	267	157	8	178	436	66	315	3.71e-41	144
387.437	1532.314	32.184	261	160	6	184	437	64	314	1.43e-40	142
387.437	1622.315	32.018	228	148	3	187	413	76	297	2.16e-40	142
387.437	1399.304	34.322	236	142	5	176	404	55	284	6.81e-40	140
387.437	1172.301	30.081	246	160	7	178	421	60	295	1.12e-38	137
387.437	113.305	32.083	240	151	7	175	411	51	281	2.31e-38	136
387.437	203.305	33.475	236	144	5	176	404	55	284	6.27e-38	135
387.437	1030.310	32.946	258	156	9	175	423	55	304	1.90e-36	131
387.437	714.294	31.102	254	165	6	175	427	45	289	5.39e-36	129
387.437	1569.311	31.004	229	149	6	189	412	65	289	1.23e-35	129
387.437	952.313	26.724	232	162	4	179	407	75	301	2.57e-30	114
387.437	837.313	26.724	232	162	4	179	407	75	301	2.84e-30	114
387.437	158.286	28.017	232	151	6	185	413	63	281	6.65e-30	112
387.437	807.309	27.155	232	161	4	179	407	71	297	7.38e-30	113
1669.436	1669.436	100.000	436	0	0	1	436	1	436	0.0	774
1669.436	1144.434	55.690	413	177	4	1	411	1	409	4.91e-149	426
1669.436	1216.455	43.852	431	216	12	1	411	1	425	9.64e-104	311
1669.436	540.305	51.550	258	115	6	153	405	33	285	5.82e-84	255
1669.436	759.306	53.906	256	109	6	154	405	36	286	5.93e-82	250
1669.436	1715.306	49.049	263	124	5	155	409	34	294	2.86e-81	248
1669.436	585.420	36.317	391	228	11	33	411	25	406	5.21e-69	220
1669.436	886.403	36.041	394	226	11	33	411	6	388	8.36e-63	204
1669.436	387.437	32.697	419	261	8	10	411	2	416	2.85e-61	201
1669.436	984.299	42.339	248	141	2	155	401	37	283	4.55e-60	193
1669.436	341.423	35.427	398	234	11	27	411	23	410	5.52e-60	197
1669.436	251.453	35.427	398	234	11	27	411	23	410	7.88e-60	197
1669.436	1622.315	40.698	258	146	5	154	408	44	297	2.76e-59	192
1669.436	296.296	44.841	252	130	6	155	401	34	281	3.02e-59	191
1669.436	25.315	42.276	246	138	3	155	398	34	277	3.37e-59	191
1669.436	617.299	41.870	246	141	2	155	398	25	270	9.03e-59	190
1669.436	63.314	41.870	246	139	3	155	398	33	276	1.07e-58	190
1669.436	1444.322	41.573	267	139	9	154	411	46	304	1.85e-58	190
1669.436	932.297	44.048	252	132	6	155	401	35	282	4.87e-58	188
1669.436	1059.297	44.048	252	132	6	155	401	35	282	4.87e-58	188
1669.436	1532.314	39.919	248	146	2	153	398	35	281	3.58e-54	178
1669.436	481.313	38.400	250	151	2	154	401	30	278	1.66e-53	177
1669.436	1766.314	36.000	250	157	3	154	401	35	283	7.97e-53	175
1669.436	1487.325	39.382	259	150	5	155	407	41	298	1.73e-52	174
1669.436	435.316	37.903	248	149	4	155	398	32	278	3.32e-48	163
1669.436	1265.316	37.903	248	149	4	155	398	32	278	3.32e-48	163
1669.436	714.294	36.885	244	143	5	155	394	27	263	5.87e-47	159
1669.436	1172.301	36.287	237	140	6	155	386	35	265	7.64e-47	159
1669.436	952.313	35.223	247	152	7	154	395	51	294	2.26e-45	155
1669.436	837.313	35.223	247	152	7	154	395	51	294	2.45e-45	155
1669.436	807.309	34.818	247	153	7	154	395	47	290	1.25e-44	153
1669.436	113.305	33.333	252	161	5	155	405	35	280	1.39e-41	145
1669.436	670.343	36.331	278	149	11	155	411	47	317	1.97e-41	145
1669.436	1354.306	34.981	263	156	8	154	406	34	291	2.44e-41	144
1669.436	1305.306	34.221	263	158	8	154	406	34	291	2.83e-40	141
1669.436	1399.304	34.363	259	155	7	158	406	38	291	2.92e-39	139
1669.436	203.305	34.363	259	155	8	158	406	38	291	2.63e-38	136
1669.436	1030.310	34.979	243	149	6	161	398	43	281	7.41e-38	135
1669.436	1569.311	34.118	255	152	8	155	398	32	281	1.51e-37	134
1669.436	158.286	30.556	252	162	7	155	403	35	276	1.12e-27	106
1669.436	539.112	32.110	109	63	2	8	112	5	106	3.16e-10	52.8
1299.435	1299.435	100.000	435	0	0	1	435	1	435	0.0	868
1299.435	1348.435	100.000	435	0	0	1	435	1	435	0.0	868
1299.435	237.353	33.921	227	133	5	146	372	132	341	6.20e-28	108
1299.435	355.353	33.921	227	133	5	146	372	132	341	6.20e-28	108
1299.435	1412.394	31.855	248	158	5	125	370	147	385	7.92e-25	100
1299.435	1.231	31.624	234	141	6	183	406	5	229	2.47e-24	96.3
1299.435	409.234	32.051	234	140	8	185	408	7	231	9.72e-22	89.0
1299.435	232.391	24.026	308	209	11	74	372	46	337	9.28e-14	67.4
1299.435	361.391	24.026	308	209	11	74	372	46	337	9.28e-14	67.4
1299.435	1340.418	25.275	273	154	13	140	388	142	388	1.04e-07	48.5
1348.435	1299.435	100.000	435	0	0	1	435	1	435	0.0	868
1348.435	1348.435	100.000	435	0	0	1	435	1	435	0.0	868
1348.435	237.353	33.921	227	133	5	146	372	132	341	6.20e-28	108
1348.435	355.353	33.921	227	133	5	146	372	132	341	6.20e-28	108
1348.435	1412.394	31.855	248	158	5	125	370	147	385	7.92e-25	100
1348.435	1.231	31.624	234	141	6	183	406	5	229	2.47e-24	96.3
1348.435	409.234	32.051	234	140	8	185	408	7	231	9.72e-22	89.0
1348.435	232.391	24.026	308	209	11	74	372	46	337	9.28e-14	67.4
1348.435	361.391	24.026	308	209	11	74	372	46	337	9.28e-14	67.4
1348.435	1340.418	25.275	273	154	13	140	388	142	388	1.04e-07	48.5
1144.434	1144.434	100.000	416	0	0	19	434	19	434	0.0	739
1144.434	1669.436	55.288	416	182	4	19	433	22	434	5.47e-153	436
1144.434	1216.455	41.935	434	231	10	19	433	19	450	6.50e-97	293
1144.434	759.306	51.311	267	122	5	152	415	37	298	3.37e-84	256
1144.434	540.305	48.708	271	128	6	152	417	35	299	7.29e-83	252
1144.434	1715.306	49.434	265	127	4	152	410	34	297	5.02e-82	250
1144.434	585.420	38.482	382	213	10	38	409	37	406	1.68e-67	216
1144.434	1622.315	42.578	256	139	6	152	404	45	295	3.60e-66	209
1144.434	617.299	44.245	278	143	8	152	421	25	298	2.00e-64	204
1144.434	296.296	46.988	249	126	5	151	396	33	278	2.85e-63	201
1144.434	984.299	42.857	266	145	5	151	412	36	298	2.47e-62	199
1144.434	25.315	42.545	275	150	7	152	423	34	303	9.15e-62	198
1144.434	1532.314	42.085	259	145	4	151	407	37	292	5.61e-61	196
1144.434	481.313	40.357	280	162	4	152	428	31	308	6.00e-61	196
1144.434	932.297	44.980	249	131	5	151	396	34	279	6.47e-61	195
1144.434	1059.297	44.980	249	131	5	151	396	34	279	6.47e-61	195
1144.434	63.314	41.786	280	155	7	152	428	33	307	2.16e-60	194
1144.434	1444.322	40.909	264	140	8	154	409	49	304	2.17e-60	195
1144.434	387.437	38.571	280	150	7	156	427	160	425	1.88e-58	193
1144.434	1487.325	43.137	255	139	6	151	401	40	292	3.01e-58	189
1144.434	886.403	32.187	407	253	11	30	423	6	402	1.49e-56	187
1144.434	341.423	39.785	279	151	8	151	420	152	422	3.86e-56	187
1144.434	251.453	40.449	267	143	7	151	409	152	410	6.88e-56	187
1144.434	1766.314	38.400	250	150	4	152	399	36	283	9.91e-54	177
1144.434	113.305	38.078	281	159	8	151	430	34	300	2.24e-53	176
1144.434	435.316	40.996	261	148	6	151	407	31	289	3.04e-53	176
1144.434	1265.316	40.996	261	148	6	151	407	31	289	3.04e-53	176
1144.434	1172.301	38.889	252	144	5	152	399	35	280	4.30e-53	175
1144.434	807.309	38.132	257	152	6	152	404	48	301	8.86e-50	167
1144.434	952.313	37.354	257	154	6	152	404	52	305	2.93e-49	165
1144.434	837.313	37.354	257	154	6	152	404	52	305	6.40e-48	162
1144.434	714.294	34.831	267	160	6	151	413	26	282	3.74e-46	157
1144.434	1030.310	37.903	248	144	6	158	400	43	285	3.88e-45	154
1144.434	1569.311	35.424	271	160	8	151	411	31	296	2.09e-40	142
1144.434	670.343	36.704	267	144	11	156	407	53	309	1.26e-38	138
1144.434	1354.306	35.521	259	151	8	155	403	38	290	2.34e-37	133
1144.434	1399.304	34.457	267	159	7	155	411	38	298	3.30e-37	133
1144.434	203.305	34.749	259	153	8	155	403	38	290	1.37e-36	131
1144.434	158.286	36.187	257	149	8	154	406	36	281	2.90e-36	130
1144.434	1305.306	33.977	259	155	8	155	403	38	290	1.72e-35	128
849.431	849.431	100.000	431	0	0	1	431	1	431	0.0	823
365.425	365.425	100.000	425	0	0	1	425	1	425	0.0	802
365.425	1518.414	51.074	419	187	6	6	422	10	412	5.09e-125	364
365.425	463.410	51.422	422	186	7	4	422	3	408	1.28e-121	355
365.425	688.397	48.166	409	195	5	14	421	2	394	3.10e-117	343
365.425	1321.415	40.670	418	232	8	9	422	7	412	3.22e-85	262
365.425	796.423	37.240	384	223	7	41	421	48	416	4.29e-62	202
365.425	848.421	37.108	415	242	8	11	421	17	416	4.44e-62	202
365.425	963.421	37.240	384	223	7	41	421	48	416	4.83e-62	202
341.423	341.423	100.000	423	0	0	1	423	1	423	0.0	669
341.423	251.453	99.762	421	1	0	1	421	1	421	0.0	665
341.423	886.403	55.138	399	171	5	21	417	2	394	1.08e-124	362
341.423	585.420	54.137	423	185	6	1	420	1	417	3.18e-124	362
341.423	387.437	50.244	410	192	5	17	418	17	422	1.06e-111	330
341.423	1444.322	57.312	253	104	4	162	412	56	306	1.41e-91	275
341.423	540.305	39.841	251	142	4	162	408	44	289	7.97e-52	172
341.423	1669.436	41.406	256	136	6	162	410	163	411	1.43e-51	174
341.423	1144.434	39.764	254	138	6	165	410	163	409	2.01e-48	166
341.423	759.306	38.462	260	149	5	162	417	46	298	1.68e-46	157
341.423	617.299	40.000	260	137	7	176	423	47	299	2.54e-43	149
341.423	296.296	40.000	240	131	6	181	413	61	294	8.68e-43	147
341.423	1487.325	39.231	260	134	8	169	419	60	304	1.26e-41	145
341.423	932.297	39.167	240	133	6	181	413	62	295	5.93e-40	140
341.423	1059.297	39.167	240	133	6	181	413	62	295	5.93e-40	140
341.423	1715.306	38.372	258	142	6	162	408	43	294	7.04e-40	140
341.423	63.314	38.211	246	139	5	162	401	42	280	2.08e-39	139
341.423	25.315	39.035	228	127	5	180	401	60	281	1.17e-38	137
341.423	1216.455	35.178	253	146	6	166	405	170	417	1.90e-38	139
341.423	984.299	37.500	240	138	6	180	413	63	296	2.57e-38	135
341.423	1532.314	37.083	240	136	7	171	401	52	285	4.13e-38	135
341.423	481.313	37.805	246	127	8	173	401	43	279	2.39e-37	133
341.423	435.316	37.226	274	144	10	162	422	41	299	6.83e-37	132
341.423	1265.316	37.226	274	144	10	162	422	41	299	6.83e-37	132
341.423	203.305	36.364	253	145	8	162	404	44	290	8.69e-37	132
341.423	1399.304	34.328	268	153	7	162	419	44	298	8.36e-36	129
341.423	1569.311	35.907	259	153	9	163	413	42	295	4.84e-35	127
341.423	1354.306	33.992	253	151	7	162	404	44	290	7.70e-35	126
341.423	1622.315	34.510	255	155	7	173	422	66	313	1.05e-34	126
341.423	714.294	35.458	251	150	7	162	408	36	278	1.24e-34	125
341.423	1305.306	33.992	253	151	7	162	404	44	290	6.42e-34	124
341.423	670.343	32.714	269	162	8	162	416	58	321	4.69e-32	120
341.423	1766.314	35.606	264	136	9	164	400	27	283	1.96e-31	117
341.423	1172.301	34.836	244	149	8	162	401	44	281	3.17e-30	114
341.423	952.313	29.200	250	166	6	162	405	61	305	2.30e-29	112
341.423	807.309	29.600	250	165	6	162	405	57	301	2.34e-29	111
341.423	837.313	30.000	250	164	6	162	405	61	305	9.41e-29	110
341.423	158.286	33.898	236	135	8	180	408	61	282	1.28e-28	109
341.423	113.305	32.114	246	152	8	168	407	47	283	2.62e-27	105
341.423	1030.310	34.188	234	139	8	172	397	55	281	1.69e-26	103
796.423	796.423	100.000	423	0	0	1	423	1	423	0.0	785
796.423	848.421	98.571	420	6	0	1	420	1	420	0.0	769
796.423	963.421	98.571	420	6	0	1	420	1	420	0.0	768
796.423	688.397	38.177	406	235	11	19	418	1	396	2.63e-75	236
796.423	1518.414	38.861	404	230	11	20	416	18	411	5.11e-72	228
796.423	463.410	39.506	405	233	10	17	416	10	407	7.35e-71	224
796.423	365.425	37.590	415	240	8	17	416	11	421	9.32e-66	211
796.423	1321.415	34.974	386	232	9	20	394	12	389	9.21e-62	201
1191.422	1191.422	100.000	422	0	0	1	422	1	422	0.0	766
820.421	820.421	100.000	415	0	0	1	415	1	415	0.0	808
848.421	848.421	100.000	421	0	0	1	421	1	421	0.0	781
848.421	963.421	99.525	421	2	0	1	421	1	421	0.0	778
848.421	796.423	98.571	420	6	0	1	420	1	420	0.0	769
848.421	688.397	38.424	406	234	11	19	418	1	396	2.25e-75	236
848.421	1518.414	38.614	404	231	10	20	416	18	411	1.07e-71	227
848.421	463.410	39.753	405	232	10	17	416	10	407	9.66e-71	224
848.421	365.425	37.590	415	240	8	17	416	11	421	1.10e-65	211
848.421	1321.415	34.456	386	234	8	20	394	12	389	3.17e-60	197
963.421	963.421	100.000	421	0	0	1	421	1	421	0.0	782
963.421	848.421	99.525	421	2	0	1	421	1	421	0.0	778
963.421	796.423	98.571	420	6	0	1	420	1	420	0.0	768
963.421	688.397	38.025	405	237	9	19	418	1	396	7.40e-76	237
963.421	1518.414	38.614	404	231	10	20	416	18	411	5.78e-72	227
963.421	463.410	39.506	405	233	10	17	416	10	407	1.26e-70	224
963.421	365.425	37.590	415	240	8	17	416	11	421	1.17e-65	211
963.421	1321.415	34.456	386	234	8	20	394	12	389	1.87e-60	197
205.420	205.420	100.000	420	0	0	1	420	1	420	0.0	842
205.420	1340.418	23.708	329	229	9	62	383	71	384	1.08e-11	61.2
585.420	585.420	100.000	420	0	0	1	420	1	420	0.0	685
585.420	341.423	54.703	404	177	6	1	399	1	403	5.40e-129	374
585.420	251.453	54.703	404	177	6	1	399	1	403	1.46e-128	374
585.420	387.437	50.636	393	184	6	17	399	17	409	1.02e-119	351
585.420	886.403	54.047	383	169	6	21	399	2	381	1.25e-119	349
585.420	1444.322	59.023	266	107	2	136	399	32	297	3.76e-114	332
585.420	1669.436	39.118	340	190	9	67	398	73	403	5.71e-65	210
585.420	1144.434	43.750	256	127	10	152	397	152	400	4.94e-59	194
585.420	1487.325	37.308	260	149	4	146	396	36	290	2.01e-55	181
585.420	540.305	38.431	255	145	6	150	397	33	282	2.57e-55	181
585.420	481.313	38.722	266	147	6	138	394	18	276	9.92e-55	179
585.420	1715.306	39.273	275	147	9	137	398	21	288	1.15e-54	179
585.420	63.314	39.147	258	143	6	147	396	28	279	1.47e-53	176
585.420	1532.314	35.907	259	148	4	148	396	34	284	4.55e-53	175
585.420	759.306	39.773	264	149	6	139	397	25	283	1.23e-52	174
585.420	25.315	38.521	257	146	6	147	396	29	280	1.64e-52	174
585.420	617.299	37.405	262	148	8	143	394	16	271	5.28e-52	172
585.420	1216.455	31.534	352	219	10	63	397	67	413	2.72e-50	171
585.420	1172.301	36.694	248	149	6	155	398	39	282	2.23e-49	165
585.420	435.316	35.556	270	159	5	137	396	17	281	3.73e-48	162
585.420	1265.316	35.556	270	159	5	137	396	17	281	3.73e-48	162
585.420	296.296	34.962	266	155	7	137	394	24	279	3.84e-47	159
585.420	1766.314	36.486	222	127	6	181	394	66	281	2.69e-45	154
585.420	932.297	33.835	266	158	7	137	394	25	280	3.36e-45	154
585.420	1059.297	33.835	266	158	7	137	394	25	280	3.36e-45	154
585.420	984.299	36.364	264	151	9	141	396	29	283	4.06e-45	154
585.420	1622.315	34.783	276	168	7	148	417	42	311	5.85e-45	154
585.420	203.305	33.948	271	162	7	138	397	23	287	2.59e-44	152
585.420	714.294	36.214	243	147	6	155	394	31	268	4.49e-44	150
585.420	1354.306	34.799	273	161	7	136	397	21	287	8.37e-44	150
585.420	1569.311	34.701	268	159	9	138	396	24	284	1.98e-42	147
585.420	1305.306	33.700	273	164	7	136	397	21	287	5.99e-42	145
585.420	1030.310	31.890	254	159	6	152	397	38	285	1.36e-41	144
585.420	1399.304	31.136	273	171	6	136	397	21	287	3.94e-40	140
585.420	837.313	31.660	259	163	9	147	396	47	300	1.92e-38	136
585.420	158.286	32.830	265	157	9	138	394	21	272	4.22e-38	135
585.420	952.313	31.250	272	169	10	138	396	34	300	4.37e-38	135
585.420	113.305	33.597	253	153	9	152	398	35	278	4.62e-38	135
585.420	807.309	31.538	260	164	9	146	396	42	296	1.76e-37	134
585.420	670.343	29.242	277	170	10	137	394	33	302	1.18e-31	119
585.420	539.112	38.636	44	27	0	63	106	63	106	1.35e-07	45.1
1340.418	1340.418	100.000	418	0	0	1	418	1	418	0.0	872
1340.418	232.391	26.923	234	156	7	178	402	135	362	1.07e-16	76.3
1340.418	361.391	26.923	234	156	7	178	402	135	362	1.07e-16	76.3
1340.418	237.353	27.962	211	128	8	176	379	148	341	4.64e-14	68.2
1340.418	355.353	27.962	211	128	8	176	379	148	341	4.64e-14	68.2
1340.418	205.420	24.924	329	225	10	71	384	62	383	8.62e-14	67.8
1340.418	1412.394	32.927	82	54	1	297	378	306	386	8.59e-08	48.9
1746.416	1746.416	100.000	416	0	0	1	416	1	416	0.0	808
1746.416	743.389	44.479	317	159	8	101	409	77	384	2.39e-78	243
1746.416	270.381	45.875	303	151	6	109	409	86	377	7.59e-78	241
1746.416	322.381	45.875	303	151	6	109	409	86	377	7.59e-78	241
1746.416	1503.370	44.373	311	158	7	103	409	67	366	2.28e-77	240
1746.416	80.373	44.337	309	159	6	103	408	70	368	5.87e-77	239
1746.416	1465.373	44.872	312	157	8	103	409	68	369	4.32e-76	236
1746.416	998.388	40.665	391	199	11	18	402	5	368	1.81e-75	235
1746.416	1682.403	39.899	396	220	8	25	405	1	393	3.38e-75	235
1746.416	900.363	41.143	350	185	8	66	408	25	360	1.16e-72	228
1746.416	455.385	43.038	316	162	8	99	408	75	378	3.32e-71	224
1746.416	1285.385	43.038	316	162	8	99	408	75	378	3.32e-71	224
1746.416	1133.370	39.456	294	160	8	103	395	74	350	5.38e-53	176
1746.416	559.83	43.750	80	42	2	331	409	2	79	6.81e-15	65.1
1199.415	1199.415	100.000	415	0	0	1	415	1	415	0.0	848
1199.415	1751.498	32.804	189	104	6	2	174	5	186	3.33e-22	93.6
1321.415	1321.415	100.000	415	0	0	1	415	1	415	0.0	820
1321.415	1518.414	47.059	408	206	3	8	413	14	413	8.31e-124	360
1321.415	688.397	45.522	402	208	4	12	411	2	394	1.39e-118	346
1321.415	463.410	45.278	413	207	6	7	412	8	408	3.94e-106	315
1321.415	365.425	40.909	418	231	8	7	412	9	422	7.28e-91	276
1321.415	796.423	35.049	408	246	9	12	411	20	416	3.25e-69	220
1321.415	963.421	34.559	408	248	8	12	411	20	416	6.91e-68	217
1321.415	848.421	34.559	408	248	8	12	411	20	416	1.76e-67	216
497.414	497.414	100.000	414	0	0	1	414	1	414	0.0	862
497.414	456.216	43.529	85	47	1	329	413	123	206	7.54e-15	68.6
497.414	1286.216	43.529	85	47	1	329	413	123	206	7.54e-15	68.6
497.414	1019.115	45.714	70	33	2	328	396	27	92	2.02e-12	58.9
497.414	1097.117	42.857	77	37	3	328	402	28	99	1.41e-11	56.6
497.414	1249.283	50.794	63	21	2	347	409	24	76	1.69e-09	53.5
497.414	1428.181	31.579	95	56	3	5	90	57	151	3.85e-08	48.1
497.414	1245.181	28.571	84	58	2	5	86	57	140	2.48e-07	45.8
497.414	504.181	32.000	75	49	2	3	75	55	129	5.57e-07	44.7
497.414	405.133	34.247	73	46	2	5	75	9	81	9.63e-07	43.1
701.414	701.414	100.000	414	0	0	1	414	1	414	0.0	686
783.414	783.414	100.000	414	0	0	1	414	1	414	0.0	738
871.414	871.414	100.000	414	0	0	1	414	1	414	0.0	842
1194.414	1194.414	100.000	398	0	0	17	414	17	414	0.0	733
1518.414	1518.414	100.000	414	0	0	1	414	1	414	0.0	806
1518.414	688.397	64.304	395	138	2	18	411	2	394	1.12e-178	499
1518.414	463.410	63.504	411	145	2	7	414	2	410	5.84e-171	480
1518.414	365.425	52.267	419	182	6	10	412	6	422	9.00e-131	379
1518.414	1321.415	47.059	408	206	3	14	413	8	413	5.83e-115	338
1518.414	796.423	39.687	383	214	11	18	390	20	395	1.73e-75	236
1518.414	963.421	39.426	383	215	10	18	390	20	395	2.21e-75	236
1518.414	848.421	39.426	383	215	10	18	390	20	395	5.15e-75	235
650.412	650.412	100.000	392	0	0	1	392	1	392	0.0	797
1326.412	1326.412	100.000	412	0	0	1	412	1	412	0.0	825
463.410	463.410	100.000	410	0	0	1	410	1	410	0.0	803
463.410	1518.414	63.504	411	145	2	2	410	7	414	9.10e-173	484
463.410	688.397	59.194	397	156	3	13	407	2	394	2.15e-155	440
463.410	365.425	51.659	422	185	7	3	408	4	422	8.38e-123	358
463.410	1321.415	45.278	413	207	6	8	408	7	412	3.74e-99	297
463.410	796.423	38.802	384	223	10	10	386	17	395	1.42e-69	221
463.410	848.421	39.108	381	220	10	13	386	20	395	2.65e-69	220
463.410	963.421	38.601	386	225	10	10	388	17	397	3.56e-69	220
1551.408	1551.408	100.000	408	0	0	1	408	1	408	0.0	791
830.404	830.404	100.000	404	0	0	1	404	1	404	0.0	700
830.404	945.404	98.762	404	5	0	1	404	1	404	0.0	693
945.404	945.404	100.000	404	0	0	1	404	1	404	0.0	701
945.404	830.404	98.762	404	5	0	1	404	1	404	0.0	694
886.403	886.403	100.000	403	0	0	1	403	1	403	0.0	688
886.403	387.437	62.440	418	140	6	2	403	21	437	8.52e-150	427
886.403	341.423	55.890	399	168	5	2	394	21	417	4.54e-128	371
886.403	251.453	55.890	399	168	5	2	394	21	417	8.46e-128	371
886.403	585.420	53.077	390	176	6	2	388	21	406	1.21e-121	355
886.403	1444.322	57.040	277	114	4	128	401	46	320	1.81e-104	307
886.403	1669.436	39.216	357	193	11	57	402	82	425	7.05e-62	201
886.403	540.305	39.925	268	154	2	133	398	39	301	4.55e-60	192
886.403	759.306	40.426	282	156	7	119	395	25	299	1.91e-57	186
886.403	1144.434	37.319	276	159	7	133	402	156	423	2.14e-53	179
886.403	1216.455	35.799	338	190	10	57	376	82	410	3.03e-50	171
886.403	1715.306	36.071	280	163	7	117	386	21	294	2.17e-49	165
886.403	25.315	36.972	284	165	9	124	402	29	303	3.62e-48	162
886.403	63.314	37.931	261	149	8	124	379	28	280	5.85e-47	159
886.403	1487.325	34.831	267	160	6	120	379	32	291	7.60e-47	159
886.403	617.299	36.882	263	151	8	124	379	20	274	1.60e-46	157
886.403	670.343	33.557	298	175	8	117	396	33	325	1.21e-45	156
886.403	435.316	35.714	266	157	6	121	379	24	282	2.05e-44	152
886.403	1265.316	35.714	266	157	6	121	379	24	282	2.05e-44	152
886.403	1622.315	34.470	264	162	7	125	385	42	297	3.70e-44	151
886.403	296.296	36.861	274	158	9	117	384	22	286	5.19e-44	150
886.403	1532.314	35.135	259	156	7	126	379	34	285	6.91e-44	150
886.403	481.313	36.431	269	149	8	121	379	23	279	2.00e-43	149
886.403	984.299	34.981	263	160	7	121	379	29	284	1.53e-41	144
886.403	932.297	37.500	272	151	10	121	384	27	287	1.95e-41	143
886.403	1059.297	37.500	272	151	10	121	384	27	287	1.95e-41	143
886.403	1766.314	34.201	269	157	8	117	373	18	278	1.31e-40	142
886.403	1399.304	34.328	268	159	8	118	375	23	283	3.88e-39	137
886.403	1569.311	33.333	273	169	8	125	389	28	295	3.87e-38	135
886.403	1172.301	32.847	274	172	9	132	403	38	301	1.30e-37	133
886.403	714.294	34.510	255	157	8	132	384	30	276	4.24e-37	132
886.403	203.305	33.582	268	161	8	118	375	23	283	9.99e-37	131
886.403	113.305	35.507	276	157	12	117	383	18	281	1.01e-35	128
886.403	1030.310	32.794	247	152	7	135	375	43	281	2.48e-35	127
886.403	1305.306	32.090	268	165	8	118	375	23	283	3.89e-35	127
886.403	1354.306	31.343	268	167	8	118	375	23	283	9.48e-35	126
886.403	807.309	31.102	254	163	6	126	372	42	290	1.37e-34	125
886.403	952.313	30.075	266	170	6	118	372	34	294	5.47e-34	124
886.403	837.313	30.075	266	170	6	118	372	34	294	8.06e-33	120
886.403	158.286	30.147	272	165	10	118	380	21	276	1.21e-32	119
1682.403	1682.403	100.000	403	0	0	1	403	1	403	0.0	792
1682.403	900.363	45.479	365	177	7	39	403	21	363	7.90e-95	284
1682.403	998.388	41.250	400	200	9	1	399	12	377	5.01e-91	275
1682.403	1746.416	39.899	396	220	8	1	393	25	405	1.14e-71	226
1682.403	743.389	33.498	406	229	11	4	401	16	388	2.57e-59	193
1682.403	1503.370	35.106	376	215	9	30	398	14	367	3.40e-56	184
1682.403	270.381	39.016	305	166	6	96	398	92	378	1.83e-54	180
1682.403	322.381	39.016	305	166	6	96	398	92	378	1.83e-54	180
1682.403	80.373	36.338	355	199	10	42	393	35	365	1.14e-53	178
1682.403	1133.370	34.165	401	218	13	1	400	12	367	1.36e-52	175
1682.403	1465.373	37.874	301	169	6	96	393	80	365	9.31e-51	170
1682.403	455.385	36.525	282	162	6	99	379	97	362	6.58e-45	155
1682.403	1285.385	36.525	282	162	6	99	379	97	362	6.58e-45	155
1682.403	559.83	33.766	77	48	1	317	393	2	75	7.59e-09	47.8
1559.401	1559.401	100.000	401	0	0	1	401	1	401	0.0	738
1559.401	101.442	35.000	300	178	6	55	344	120	412	4.55e-40	143
1559.401	419.254	40.000	180	89	9	179	347	78	249	7.41e-15	69.3
1559.401	419.254	33.684	190	103	6	84	268	78	249	3.40e-09	52.4
1601.401	1601.401	100.000	401	0	0	1	401	1	401	0.0	599
397.400	397.400	100.000	384	0	0	1	384	1	384	0.0	696
397.400	878.396	61.308	367	136	4	1	366	1	362	2.42e-145	414
397.400	1539.355	44.012	334	172	9	39	366	29	353	8.94e-76	234
397.400	1478.351	37.989	358	197	10	18	366	8	349	5.75e-60	194
397.400	58.258	29.167	216	134	4	166	365	42	254	3.35e-23	93.2
397.400	767.260	30.159	189	104	3	170	336	48	230	6.16e-23	92.4
397.400	662.288	26.201	229	149	4	153	363	53	279	2.21e-21	88.6
397.400	1034.292	29.897	194	119	3	154	330	52	245	7.01e-21	87.4
397.400	1662.275	32.663	199	112	8	158	343	43	232	1.14e-20	86.3
397.400	938.235	28.230	209	139	5	158	365	33	231	6.80e-20	83.2
397.400	1053.235	28.230	209	139	5	158	365	33	231	6.80e-20	83.2
397.400	1255.262	27.461	193	112	4	166	336	46	232	1.40e-18	80.1
397.400	495.263	28.261	230	140	8	158	366	33	258	4.95e-18	78.6
397.400	532.273	31.163	215	127	9	170	366	58	269	4.42e-17	75.9
397.400	1580.268	32.624	141	83	4	148	287	24	153	1.27e-16	74.7
397.400	590.256	27.513	189	112	5	170	339	47	229	1.37e-16	74.3
397.400	291.253	26.244	221	148	4	152	363	32	246	1.54e-16	73.9
397.400	425.206	27.647	170	95	4	189	336	13	176	2.71e-16	72.4
397.400	609.255	27.586	203	120	6	151	339	29	218	6.96e-16	72.0
397.400	816.261	28.571	210	123	6	148	339	24	224	1.89e-15	70.9
397.400	16.264	27.723	202	114	6	155	336	46	235	2.06e-14	68.2
397.400	1540.273	31.148	183	109	8	170	336	59	240	1.06e-13	65.9
397.400	109.273	26.943	193	126	6	154	338	55	240	1.47e-13	65.5
397.400	1477.269	28.218	202	127	7	170	354	57	257	1.51e-13	65.5
397.400	828.270	23.556	225	148	5	157	363	43	261	3.23e-13	64.7
397.400	1296.265	25.758	198	137	4	165	355	57	251	5.22e-13	63.9
397.400	1345.265	25.758	198	137	4	165	355	57	251	5.22e-13	63.9
397.400	1209.274	26.570	207	132	7	150	343	35	234	6.39e-13	63.5
397.400	221.271	26.804	194	130	5	170	355	68	257	9.50e-13	63.2
397.400	943.271	23.474	213	142	5	157	354	44	250	1.33e-12	62.8
397.400	245.271	27.826	230	142	8	158	365	40	267	1.72e-12	62.4
397.400	347.271	27.826	230	142	8	158	365	40	267	1.72e-12	62.4
397.400	1771.257	26.761	213	134	7	157	362	46	243	3.44e-11	58.2
397.400	710.264	25.123	203	137	7	165	361	60	253	5.25e-11	57.8
397.400	1438.266	27.861	201	121	8	158	341	47	240	6.55e-11	57.4
397.400	153.257	27.053	207	138	6	158	358	53	252	1.59e-10	56.2
397.400	977.265	25.000	204	119	7	158	338	35	227	2.31e-09	52.8
397.400	1168.253	25.258	194	131	6	150	338	34	218	2.41e-08	49.7
397.400	1084.253	24.402	209	135	5	166	358	45	246	3.67e-08	49.3
397.400	1406.267	24.121	199	139	5	165	355	59	253	5.64e-08	48.5
397.400	877.285	25.610	246	137	12	155	366	47	280	9.03e-07	45.1
81.399	81.399	100.000	399	0	0	1	399	1	399	0.0	814
309.398	309.398	100.000	398	0	0	1	398	1	398	0.0	801
