1092.81	1092.81	100.000	71	0	0	1	71	1	71	2.45e-40	120
1126.81	1126.81	100.000	69	0	0	1	69	1	69	2.52e-36	110
1306.81	1306.81	100.000	81	0	0	1	81	1	81	2.71e-44	130
1306.81	1355.81	97.531	81	2	0	1	81	1	81	1.39e-42	126
1306.81	202.79	86.076	79	10	1	1	79	1	78	5.66e-37	112
1306.81	1398.81	80.282	71	14	0	1	71	1	71	4.88e-32	99.4
1306.81	671.80	58.824	51	21	0	19	69	18	68	1.04e-17	63.2
1306.81	1714.77	40.323	62	31	2	19	79	18	74	3.33e-10	43.9
1306.81	758.75	35.000	60	35	1	19	78	19	74	5.33e-09	40.8
1306.81	436.80	39.655	58	27	2	25	78	23	76	6.10e-07	35.8
1306.81	1266.80	39.655	58	27	2	25	78	23	76	6.10e-07	35.8
1355.81	1355.81	100.000	81	0	0	1	81	1	81	1.28e-30	95.9
1355.81	1306.81	97.531	81	2	0	1	81	1	81	2.07e-30	95.5
1355.81	202.79	86.076	79	10	1	1	79	1	78	1.26e-24	80.9
1355.81	1398.81	80.282	71	14	0	1	71	1	71	8.16e-20	68.6
1355.81	671.80	60.784	51	20	0	19	69	18	68	2.32e-08	39.3
1398.81	1398.81	100.000	81	0	0	1	81	1	81	1.85e-56	160
1398.81	1306.81	81.481	81	15	0	1	81	1	81	2.19e-49	143
1398.81	1355.81	81.481	81	15	0	1	81	1	81	2.58e-49	143
1398.81	202.79	84.810	79	11	1	1	79	1	78	4.87e-49	142
1398.81	671.80	56.061	66	29	0	4	69	3	68	1.35e-22	75.5
1398.81	1714.77	37.333	75	41	2	6	79	5	74	1.63e-12	50.1
1398.81	1143.73	33.333	81	46	1	1	81	1	73	3.60e-11	46.2
1398.81	758.75	31.667	60	37	1	19	78	19	74	3.00e-09	41.6
1398.81	1670.74	41.379	58	32	2	1	57	1	57	2.89e-07	36.6
1701.81	1701.81	100.000	81	0	0	1	81	1	81	5.28e-58	165
1737.81	1737.81	100.000	81	0	0	1	81	1	81	1.45e-58	166
436.80	436.80	100.000	80	0	0	1	80	1	80	2.40e-25	82.4
436.80	1266.80	100.000	80	0	0	1	80	1	80	2.40e-25	82.4
436.80	1488.79	73.750	80	20	1	1	80	1	79	4.60e-18	63.9
436.80	1531.80	68.421	38	12	0	43	80	43	80	1.62e-15	57.8
436.80	26.79	61.250	80	30	1	1	80	1	79	5.54e-15	56.2
436.80	64.79	61.250	80	30	1	1	80	1	79	6.11e-15	56.2
436.80	480.77	55.263	38	13	1	43	80	44	77	1.58e-09	42.4
671.80	671.80	100.000	80	0	0	1	80	1	80	2.46e-45	132
671.80	1355.81	57.576	66	28	0	3	68	4	69	2.11e-18	65.1
671.80	202.79	54.545	66	30	0	3	68	4	69	5.53e-18	63.9
671.80	1398.81	56.061	66	29	0	3	68	4	69	1.14e-17	63.2
671.80	1306.81	56.061	66	29	0	3	68	4	69	2.13e-17	62.4
671.80	758.75	31.667	60	34	1	19	78	20	72	6.33e-07	35.4
1004.80	1004.80	100.000	80	0	0	1	80	1	80	1.01e-56	161
1004.80	122.85	36.986	73	36	2	12	76	6	76	1.30e-08	40.0
1247.80	1247.80	100.000	80	0	0	1	80	1	80	3.49e-49	142
1266.80	436.80	100.000	80	0	0	1	80	1	80	2.40e-25	82.4
1266.80	1266.80	100.000	80	0	0	1	80	1	80	2.40e-25	82.4
1266.80	1488.79	73.750	80	20	1	1	80	1	79	4.60e-18	63.9
1266.80	1531.80	68.421	38	12	0	43	80	43	80	1.62e-15	57.8
1266.80	26.79	61.250	80	30	1	1	80	1	79	5.54e-15	56.2
1266.80	64.79	61.250	80	30	1	1	80	1	79	6.11e-15	56.2
1266.80	480.77	55.263	38	13	1	43	80	44	77	1.58e-09	42.4
1531.80	1531.80	100.000	80	0	0	1	80	1	80	4.66e-33	102
1531.80	1488.79	67.500	80	25	1	1	80	1	79	6.10e-21	71.2
1531.80	436.80	67.391	46	15	0	35	80	35	80	4.58e-20	69.3
1531.80	1266.80	67.391	46	15	0	35	80	35	80	4.58e-20	69.3
1531.80	26.79	76.087	46	10	1	35	80	35	79	7.09e-19	66.2
1531.80	64.79	76.087	46	10	1	35	80	35	79	1.68e-18	65.1
1531.80	480.77	59.574	47	15	1	34	80	35	77	4.79e-16	58.9
1610.80	1610.80	100.000	80	0	0	1	80	1	80	8.39e-56	159
26.79	26.79	100.000	79	0	0	1	79	1	79	3.98e-27	87.0
26.79	64.79	98.734	79	1	0	1	79	1	79	2.50e-25	82.4
26.79	1488.79	70.886	79	23	0	1	79	1	79	6.51e-20	68.6
26.79	436.80	61.250	80	30	1	1	79	1	80	1.05e-16	60.5
26.79	1266.80	61.250	80	30	1	1	79	1	80	1.05e-16	60.5
26.79	1531.80	78.571	42	8	1	39	79	39	80	1.10e-16	60.5
26.79	480.77	56.098	41	15	1	39	79	40	77	7.76e-11	45.4
43.79	43.79	100.000	79	0	0	1	79	1	79	6.77e-56	159
64.79	64.79	100.000	79	0	0	1	79	1	79	4.74e-27	86.7
64.79	26.79	98.734	79	1	0	1	79	1	79	8.56e-26	83.6
64.79	1488.79	70.886	79	23	0	1	79	1	79	5.96e-20	68.9
64.79	436.80	61.250	80	30	1	1	79	1	80	1.60e-16	60.1
64.79	1266.80	61.250	80	30	1	1	79	1	80	1.60e-16	60.1
64.79	1531.80	78.571	42	8	1	39	79	39	80	2.61e-16	59.7
64.79	480.77	56.098	41	15	1	39	79	40	77	3.18e-10	43.9
77.79	77.79	100.000	79	0	0	1	79	1	79	4.06e-55	157
147.79	147.79	100.000	79	0	0	1	79	1	79	8.26e-53	151
202.79	202.79	100.000	67	0	0	1	67	1	67	1.42e-45	133
202.79	1398.81	85.075	67	10	0	1	67	1	67	8.38e-42	124
202.79	1306.81	88.060	67	8	0	1	67	1	67	2.02e-41	123
202.79	1355.81	88.060	67	8	0	1	67	1	67	2.20e-41	122
202.79	671.80	53.968	63	29	0	4	66	3	65	6.82e-22	73.6
202.79	1714.77	42.623	61	34	1	6	65	5	65	4.75e-10	43.5
202.79	1143.73	33.333	66	44	0	1	66	1	66	2.72e-09	41.6
202.79	758.75	43.750	48	23	1	19	66	19	62	3.61e-08	38.5
202.79	1670.74	37.931	58	34	2	1	57	1	57	4.31e-07	35.8
632.79	632.79	100.000	79	0	0	1	79	1	79	3.08e-55	157
824.79	824.79	100.000	79	0	0	1	79	1	79	1.55e-56	161
824.79	873.65	51.515	33	16	0	10	42	21	53	3.62e-09	41.2
824.79	239.66	51.515	33	16	0	10	42	21	53	8.91e-09	40.0
824.79	353.66	51.515	33	16	0	10	42	21	53	8.91e-09	40.0
968.79	968.79	100.000	79	0	0	1	79	1	79	1.88e-55	158
1308.79	1308.79	100.000	79	0	0	1	79	1	79	3.68e-45	132
1308.79	1357.79	100.000	79	0	0	1	79	1	79	3.68e-45	132
1308.79	200.78	96.104	77	3	0	1	77	1	77	7.28e-42	124
1308.79	1396.78	90.909	77	7	0	1	77	1	77	1.01e-40	121
1308.79	673.81	55.714	70	31	0	1	70	1	70	1.95e-16	60.1
1308.79	1529.72	42.647	68	37	2	2	67	3	70	4.31e-10	43.5
1308.79	66.72	43.333	60	33	1	9	67	11	70	2.75e-09	41.6
1308.79	33.72	43.333	60	33	1	9	67	11	70	2.85e-09	41.6
1308.79	478.72	44.068	59	32	1	10	67	12	70	4.11e-09	41.2
1308.79	1490.72	40.000	60	35	1	9	67	11	70	1.73e-07	37.0
1308.79	438.72	45.614	57	30	1	9	64	11	67	5.37e-07	35.4
1308.79	1268.72	45.614	57	30	1	9	64	11	67	5.37e-07	35.4
1357.79	1308.79	100.000	79	0	0	1	79	1	79	3.68e-45	132
1357.79	1357.79	100.000	79	0	0	1	79	1	79	3.68e-45	132
1357.79	200.78	96.104	77	3	0	1	77	1	77	7.28e-42	124
1357.79	1396.78	90.909	77	7	0	1	77	1	77	1.01e-40	121
1357.79	673.81	55.714	70	31	0	1	70	1	70	1.95e-16	60.1
1357.79	1529.72	42.647	68	37	2	2	67	3	70	4.31e-10	43.5
1357.79	66.72	43.333	60	33	1	9	67	11	70	2.75e-09	41.6
1357.79	33.72	43.333	60	33	1	9	67	11	70	2.85e-09	41.6
1357.79	478.72	44.068	59	32	1	10	67	12	70	4.11e-09	41.2
1357.79	1490.72	40.000	60	35	1	9	67	11	70	1.73e-07	37.0
1357.79	438.72	45.614	57	30	1	9	64	11	67	5.37e-07	35.4
1357.79	1268.72	45.614	57	30	1	9	64	11	67	5.37e-07	35.4
1369.79	1369.79	100.000	79	0	0	1	79	1	79	7.37e-57	162
1488.79	1488.79	100.000	79	0	0	1	79	1	79	4.60e-54	154
1488.79	436.80	73.750	80	20	1	1	79	1	80	3.84e-39	117
1488.79	1266.80	73.750	80	20	1	1	79	1	80	3.84e-39	117
1488.79	26.79	70.886	79	23	0	1	79	1	79	1.29e-38	115
1488.79	64.79	70.886	79	23	0	1	79	1	79	1.68e-38	115
1488.79	1531.80	67.500	80	25	1	1	79	1	80	1.23e-36	110
1488.79	480.77	55.128	78	32	1	2	79	3	77	6.09e-25	81.3
1488.79	715.77	46.154	52	27	1	24	75	26	76	6.81e-11	45.8
1488.79	1623.84	38.806	67	39	2	12	77	12	77	7.22e-10	43.1
1488.79	618.84	44.643	56	30	1	4	58	5	60	1.25e-09	42.7
200.78	200.78	100.000	78	0	0	1	78	1	78	1.48e-44	130
200.78	1308.79	96.104	77	3	0	1	77	1	77	7.19e-42	124
200.78	1357.79	96.104	77	3	0	1	77	1	77	7.19e-42	124
200.78	1396.78	92.308	78	6	0	1	78	1	78	1.56e-40	120
200.78	673.81	55.714	70	31	0	1	70	1	70	3.20e-16	59.3
200.78	1529.72	44.118	68	36	2	2	67	3	70	2.56e-10	43.9
200.78	66.72	45.000	60	32	1	9	67	11	70	1.37e-09	42.4
200.78	33.72	45.000	60	32	1	9	67	11	70	1.42e-09	42.4
200.78	478.72	45.763	59	31	1	10	67	12	70	2.78e-09	41.6
200.78	1490.72	41.176	68	38	2	2	67	3	70	1.13e-07	37.4
200.78	438.72	43.860	57	31	1	9	64	11	67	1.95e-07	36.6
200.78	1268.72	43.860	57	31	1	9	64	11	67	1.95e-07	36.6
200.78	987.89	50.000	38	18	1	1	37	1	38	2.92e-07	36.6
210.78	210.78	100.000	78	0	0	1	78	1	78	1.39e-43	128
210.78	1403.77	65.278	72	23	1	8	77	4	75	2.14e-19	67.4
460.78	460.78	100.000	78	0	0	1	78	1	78	1.90e-41	123
1396.78	1396.78	100.000	78	0	0	1	78	1	78	7.48e-45	131
1396.78	1308.79	90.909	77	7	0	1	77	1	77	1.00e-40	121
1396.78	1357.79	90.909	77	7	0	1	77	1	77	1.00e-40	121
1396.78	200.78	92.308	78	6	0	1	78	1	78	1.56e-40	120
1396.78	673.81	58.824	68	28	0	1	68	1	68	1.38e-16	60.1
1396.78	1529.72	42.647	68	37	2	2	67	3	70	1.71e-10	44.7
1396.78	478.72	45.763	59	31	1	10	67	12	70	6.94e-10	43.1
1396.78	66.72	41.667	60	34	1	9	67	11	70	6.34e-09	40.4
1396.78	33.72	41.667	60	34	1	9	67	11	70	7.06e-09	40.4
1396.78	1490.72	40.000	60	35	1	9	67	11	70	8.32e-08	37.7
1396.78	438.72	43.860	57	31	1	9	64	11	67	8.36e-07	35.0
1396.78	1268.72	43.860	57	31	1	9	64	11	67	8.36e-07	35.0
0.77	0.77	100.000	77	0	0	1	77	1	77	6.21e-39	116
220.77	220.77	100.000	77	0	0	1	77	1	77	6.98e-36	108
480.77	480.77	100.000	77	0	0	1	77	1	77	1.42e-38	115
480.77	1488.79	55.128	78	32	1	3	77	2	79	1.11e-17	62.8
480.77	1531.80	55.263	76	30	1	6	77	5	80	1.86e-16	59.7
480.77	26.79	55.128	78	32	1	3	77	2	79	7.19e-16	58.5
480.77	64.79	55.128	78	32	1	3	77	2	79	5.07e-15	56.2
480.77	436.80	48.101	79	37	2	3	77	2	80	3.07e-14	54.3
480.77	1266.80	48.101	79	37	2	3	77	2	80	3.07e-14	54.3
715.77	715.77	100.000	63	0	0	1	63	1	63	5.31e-35	106
715.77	1173.73	55.172	58	26	0	3	60	2	59	2.76e-12	48.9
715.77	1488.79	50.000	38	19	0	26	63	24	61	1.46e-08	39.7
715.77	1029.73	45.161	62	34	0	1	62	1	62	8.26e-07	35.0
741.77	741.77	100.000	77	0	0	1	77	1	77	1.57e-53	153
1049.77	1049.77	100.000	77	0	0	1	77	1	77	4.67e-53	152
1121.77	1121.77	100.000	77	0	0	1	77	1	77	1.10e-39	118
1353.77	1353.77	100.000	77	0	0	1	77	1	77	8.73e-53	151
1403.77	1403.77	100.000	77	0	0	1	77	1	77	4.38e-21	71.6
1403.77	210.78	82.051	39	5	1	4	42	8	44	3.91e-09	41.2
1572.77	1572.77	100.000	77	0	0	1	77	1	77	1.50e-51	148
1714.77	1714.77	100.000	77	0	0	1	77	1	77	3.24e-36	109
185.76	185.76	100.000	76	0	0	1	76	1	76	8.84e-54	154
185.76	1318.76	66.216	74	25	0	1	74	1	74	6.89e-35	106
185.76	1367.76	66.216	74	25	0	1	74	1	74	6.89e-35	106
185.76	1377.76	59.211	76	31	0	1	76	1	76	2.82e-31	97.1
185.76	1638.76	59.459	74	30	0	1	74	1	74	1.08e-30	95.9
1093.76	1093.76	100.000	76	0	0	1	76	1	76	4.10e-51	147
1093.76	568.71	48.387	62	32	0	11	72	9	70	6.04e-15	55.8
1318.76	1318.76	100.000	76	0	0	1	76	1	76	4.38e-54	154
1318.76	1367.76	100.000	76	0	0	1	76	1	76	4.38e-54	154
1318.76	1377.76	65.789	76	26	0	1	76	1	76	3.57e-35	107
1318.76	185.76	66.216	74	25	0	1	74	1	74	6.89e-35	106
1318.76	1638.76	55.263	76	34	0	1	76	1	76	7.74e-30	93.6
1367.76	1318.76	100.000	76	0	0	1	76	1	76	4.38e-54	154
1367.76	1367.76	100.000	76	0	0	1	76	1	76	4.38e-54	154
1367.76	1377.76	65.789	76	26	0	1	76	1	76	3.57e-35	107
1367.76	185.76	66.216	74	25	0	1	74	1	74	6.89e-35	106
1367.76	1638.76	55.263	76	34	0	1	76	1	76	7.74e-30	93.6
1377.76	1377.76	100.000	76	0	0	1	76	1	76	3.36e-54	155
1377.76	1318.76	65.789	76	26	0	1	76	1	76	3.57e-35	107
1377.76	1367.76	65.789	76	26	0	1	76	1	76	3.57e-35	107
1377.76	185.76	59.211	76	31	0	1	76	1	76	2.82e-31	97.1
1377.76	1638.76	53.947	76	35	0	1	76	1	76	1.76e-28	90.1
1638.76	1638.76	100.000	76	0	0	1	76	1	76	3.55e-54	155
1638.76	185.76	59.459	74	30	0	1	74	1	74	1.08e-30	95.9
1638.76	1318.76	55.263	76	34	0	1	76	1	76	7.74e-30	93.6
1638.76	1367.76	55.263	76	34	0	1	76	1	76	7.74e-30	93.6
1638.76	1377.76	53.947	76	35	0	1	76	1	76	1.76e-28	90.1
541.75	541.75	100.000	75	0	0	1	75	1	75	1.20e-50	145
541.75	758.75	58.667	75	31	0	1	75	1	75	6.85e-30	93.6
541.75	1143.73	37.681	69	42	1	4	72	5	72	1.07e-11	47.4
541.75	1714.77	36.066	61	32	1	16	69	15	75	2.49e-10	44.3
541.75	1670.74	35.714	70	44	1	3	72	4	72	2.63e-10	43.9
541.75	671.80	27.397	73	48	2	1	69	1	72	1.50e-07	37.0
541.75	202.79	31.646	79	50	1	1	75	1	79	4.08e-07	35.8
564.75	564.75	100.000	75	0	0	1	75	1	75	5.35e-52	149
