1114.65	1114.65	100.000	65	0	0	1	65	1	65	5.86e-33	100
1231.65	1231.65	100.000	52	0	0	14	65	14	65	2.06e-34	103
1237.65	1237.65	100.000	50	0	0	16	65	16	65	2.70e-32	98.2
1248.65	1248.65	100.000	65	0	0	1	65	1	65	8.90e-44	127
1282.65	452.65	100.000	65	0	0	1	65	1	65	4.28e-46	133
1282.65	1282.65	100.000	65	0	0	1	65	1	65	4.28e-46	133
1730.64	1730.64	100.000	64	0	0	1	64	1	64	1.37e-44	129
884.63	884.63	100.000	46	0	0	1	46	1	46	8.36e-21	69.3
884.63	389.64	79.545	44	9	0	1	44	2	45	2.10e-15	55.5
884.63	248.64	62.500	32	12	0	15	46	16	47	5.27e-11	44.3
884.63	344.64	62.500	32	12	0	15	46	16	47	5.27e-11	44.3
1089.63	1089.63	100.000	63	0	0	1	63	1	63	2.39e-42	123
1089.63	873.65	50.000	44	22	0	4	47	10	53	1.53e-11	45.8
1089.63	239.66	45.455	44	24	0	4	47	10	53	2.30e-10	42.7
1089.63	353.66	45.455	44	24	0	4	47	10	53	2.30e-10	42.7
1089.63	1240.68	39.583	48	29	0	14	61	17	64	1.74e-07	35.4
1632.63	1632.63	100.000	63	0	0	1	63	1	63	4.48e-18	62.4
181.62	181.62	100.000	62	0	0	1	62	1	62	4.95e-43	125
267.62	267.62	100.000	62	0	0	1	62	1	62	6.37e-43	124
461.62	461.62	100.000	62	0	0	1	62	1	62	7.52e-29	89.4
1047.62	1047.62	100.000	62	0	0	1	62	1	62	2.30e-42	123
1106.62	1106.62	100.000	62	0	0	1	62	1	62	1.70e-38	113
1111.62	1111.62	100.000	62	0	0	1	62	1	62	1.77e-44	129
1111.62	1113.62	87.097	62	8	0	1	62	1	62	2.68e-40	118
1113.62	1113.62	100.000	62	0	0	1	62	1	62	1.89e-44	128
1113.62	1111.62	87.097	62	8	0	1	62	1	62	2.68e-40	118
1600.62	1600.62	100.000	62	0	0	1	62	1	62	1.82e-25	80.9
264.61	264.61	100.000	44	0	0	1	44	1	44	7.26e-29	89.4
264.61	328.61	100.000	44	0	0	1	44	1	44	7.26e-29	89.4
328.61	264.61	100.000	44	0	0	1	44	1	44	7.26e-29	89.4
328.61	328.61	100.000	44	0	0	1	44	1	44	7.26e-29	89.4
499.61	499.61	100.000	61	0	0	1	61	1	61	3.05e-40	118
997.61	997.61	100.000	61	0	0	1	61	1	61	1.55e-42	124
1293.61	1293.61	100.000	61	0	0	1	61	1	61	1.48e-44	129
1293.61	1342.61	100.000	61	0	0	1	61	1	61	1.48e-44	129
1342.61	1293.61	100.000	61	0	0	1	61	1	61	1.48e-44	129
1342.61	1342.61	100.000	61	0	0	1	61	1	61	1.48e-44	129
1516.61	1516.61	100.000	61	0	0	1	61	1	61	5.03e-27	84.7
1589.61	1589.61	100.000	61	0	0	1	61	1	61	4.56e-41	120
687.60	687.60	100.000	60	0	0	1	60	1	60	2.53e-39	115
776.60	776.60	100.000	60	0	0	1	60	1	60	4.55e-27	84.7
905.60	905.60	100.000	60	0	0	1	60	1	60	7.57e-40	117
905.60	1506.79	67.925	53	17	0	4	56	22	74	5.82e-22	72.4
1363.60	1363.60	100.000	60	0	0	1	60	1	60	6.47e-43	124
1471.60	1471.60	100.000	60	0	0	1	60	1	60	2.67e-42	123
1508.60	1508.60	100.000	60	0	0	1	60	1	60	1.26e-42	124
269.59	269.59	100.000	59	0	0	1	59	1	59	3.87e-42	122
269.59	323.59	100.000	59	0	0	1	59	1	59	3.87e-42	122
323.59	269.59	100.000	59	0	0	1	59	1	59	3.87e-42	122
323.59	323.59	100.000	59	0	0	1	59	1	59	3.87e-42	122
693.59	693.59	100.000	59	0	0	1	59	1	59	6.68e-38	112
860.59	860.59	100.000	31	0	0	19	49	19	49	5.47e-20	66.6
1643.59	1643.59	100.000	42	0	0	1	42	1	42	4.41e-16	57.0
44.58	44.58	100.000	58	0	0	1	58	1	58	1.35e-39	116
155.58	155.58	100.000	58	0	0	1	58	1	58	3.06e-40	117
1104.58	1104.58	100.000	58	0	0	1	58	1	58	6.94e-41	119
1517.58	1517.58	100.000	58	0	0	1	58	1	58	5.74e-37	109
371.57	371.57	100.000	57	0	0	1	57	1	57	6.92e-41	119
563.57	563.57	100.000	57	0	0	1	57	1	57	5.34e-40	117
92.56	92.56	100.000	56	0	0	1	56	1	56	6.49e-38	111
278.56	278.56	100.000	56	0	0	1	56	1	56	7.36e-24	76.3
1289.56	1289.56	100.000	56	0	0	1	56	1	56	6.35e-22	71.6
1289.56	1338.56	100.000	56	0	0	1	56	1	56	6.35e-22	71.6
1338.56	1289.56	100.000	56	0	0	1	56	1	56	6.35e-22	71.6
1338.56	1338.56	100.000	56	0	0	1	56	1	56	6.35e-22	71.6
744.55	744.55	100.000	55	0	0	1	55	1	55	8.91e-38	111
697.54	697.54	100.000	54	0	0	1	54	1	54	3.00e-09	39.3
123.53	123.53	100.000	53	0	0	1	53	1	53	2.88e-32	97.4
416.53	416.53	100.000	53	0	0	1	53	1	53	6.34e-35	103
416.53	1250.53	100.000	53	0	0	1	53	1	53	6.34e-35	103
