1187.197	1187.197	100.000	197	0	0	1	197	1	197	1.41e-148	405
1555.197	1555.197	100.000	182	0	0	1	182	1	182	3.12e-109	305
521.196	521.196	100.000	196	0	0	1	196	1	196	1.56e-93	265
904.195	904.195	100.000	195	0	0	1	195	1	195	8.39e-146	397
904.195	742.210	68.599	207	52	2	1	194	1	207	2.17e-102	288
862.194	862.194	100.000	194	0	0	1	194	1	194	5.87e-127	350
1644.194	1644.194	100.000	194	0	0	1	194	1	194	1.51e-110	308
1644.194	457.183	45.775	142	76	1	12	153	6	146	5.13e-37	121
1644.194	1287.183	45.775	142	76	1	12	153	6	146	5.13e-37	121
1068.193	1068.193	100.000	193	0	0	1	193	1	193	7.49e-124	342
1068.193	923.219	99.482	193	1	0	1	193	27	219	1.05e-122	340
197.192	197.192	100.000	99	0	0	36	134	36	134	3.68e-43	137
605.192	605.192	100.000	192	0	0	1	192	1	192	1.18e-143	392
517.190	517.190	100.000	190	0	0	1	190	1	190	1.04e-140	384
91.189	91.189	100.000	189	0	0	1	189	1	189	1.36e-125	346
573.189	573.189	100.000	189	0	0	1	189	1	189	7.24e-143	390
1103.189	1103.189	100.000	189	0	0	1	189	1	189	4.25e-141	385
1154.189	1154.189	100.000	189	0	0	1	189	1	189	2.40e-126	348
52.188	52.188	100.000	188	0	0	1	188	1	188	4.24e-88	251
52.188	506.183	51.913	183	77	3	5	183	7	182	3.35e-22	83.2
52.188	524.147	73.913	23	6	0	1	23	1	23	5.37e-07	41.6
148.188	148.188	100.000	155	0	0	1	155	1	155	2.84e-102	287
231.188	231.188	100.000	188	0	0	1	188	1	188	5.38e-121	334
231.188	362.188	100.000	188	0	0	1	188	1	188	5.38e-121	334
362.188	231.188	100.000	188	0	0	1	188	1	188	5.38e-121	334
362.188	362.188	100.000	188	0	0	1	188	1	188	5.38e-121	334
1336.188	1336.188	100.000	188	0	0	1	188	1	188	9.38e-140	382
1336.188	1414.176	64.607	178	58	2	14	188	1	176	2.15e-67	198
1646.188	1646.188	100.000	188	0	0	1	188	1	188	2.15e-136	373
1777.188	1777.188	100.000	188	0	0	1	188	1	188	6.62e-123	339
1777.188	1776.176	48.387	186	56	6	2	187	29	174	1.03e-28	99.8
1777.188	972.198	38.235	204	95	7	1	183	1	194	9.01e-15	63.9
1777.188	1585.145	35.519	183	69	7	1	181	1	136	1.75e-09	48.5
1777.188	506.183	41.071	168	84	7	4	168	9	164	2.41e-09	48.5
1777.188	1584.138	34.807	181	67	6	1	181	1	130	1.49e-08	45.8
1777.188	287.137	48.864	88	41	2	3	87	5	91	7.42e-08	43.9
1777.188	1157.129	43.519	108	57	2	10	115	9	114	1.10e-07	43.1
1777.188	973.148	29.936	157	77	7	36	184	14	145	8.97e-07	40.8
104.187	104.187	100.000	187	0	0	1	187	1	187	3.32e-89	254
138.187	138.187	100.000	187	0	0	1	187	1	187	3.28e-124	342
633.187	633.187	100.000	187	0	0	1	187	1	187	4.69e-141	385
230.186	230.186	100.000	186	0	0	1	186	1	186	3.34e-117	325
230.186	363.186	97.849	186	4	0	1	186	1	186	2.60e-115	320
363.186	363.186	100.000	186	0	0	1	186	1	186	3.89e-117	324
363.186	230.186	97.849	186	4	0	1	186	1	186	2.87e-115	320
1037.186	1037.186	100.000	186	0	0	1	186	1	186	1.29e-127	351
964.184	964.184	100.000	184	0	0	1	184	1	184	1.39e-121	335
1768.184	1768.184	100.000	184	0	0	1	184	1	184	1.03e-134	369
1768.184	615.178	43.478	184	91	3	4	184	5	178	1.20e-39	127
1768.184	982.177	34.973	183	103	2	2	184	11	177	2.66e-24	88.2
1768.184	1533.151	37.931	116	66	2	68	182	40	150	9.74e-18	70.5
1768.184	1620.206	31.624	117	79	1	69	184	90	206	7.24e-17	69.3
1768.184	294.182	37.963	108	59	3	81	184	79	182	1.94e-16	67.8
1768.184	934.182	38.318	107	60	2	81	184	79	182	2.82e-16	67.4
1768.184	1057.182	38.318	107	60	2	81	184	79	182	2.82e-16	67.4
1768.184	482.150	32.667	150	94	3	34	182	6	149	4.47e-16	66.2
1768.184	24.152	31.469	143	91	4	42	182	14	151	4.18e-15	63.5
1768.184	62.152	31.469	143	91	4	42	182	14	151	6.55e-15	63.2
1768.184	434.147	31.429	140	92	1	43	182	11	146	1.26e-12	57.0
1768.184	1264.147	31.429	140	92	1	43	182	11	146	1.26e-12	57.0
1768.184	1486.149	28.696	115	80	1	68	182	36	148	3.23e-12	55.8
1768.184	1171.135	31.405	121	71	4	68	184	23	135	6.00e-08	43.9
3.183	3.183	100.000	183	0	0	1	183	1	183	1.86e-137	375
3.183	509.96	42.466	73	18	2	99	151	3	71	7.22e-10	48.1
3.183	863.96	36.145	83	29	2	99	161	3	81	5.60e-08	43.1
3.183	47.93	36.986	73	22	2	99	151	3	71	5.71e-08	43.1
3.183	236.98	38.356	73	21	2	99	151	3	71	1.30e-07	42.4
3.183	357.98	38.356	73	21	2	99	151	3	71	1.30e-07	42.4
28.183	28.183	100.000	183	0	0	1	183	1	183	4.49e-122	337
284.183	284.183	100.000	183	0	0	1	183	1	183	4.06e-130	357
284.183	287.137	47.826	184	43	5	1	180	1	135	2.87e-41	130
284.183	286.139	46.927	179	48	5	4	180	2	135	2.64e-35	115
284.183	506.183	35.000	180	97	3	10	181	15	182	7.69e-25	89.7
284.183	1585.145	55.056	89	33	3	4	92	2	83	1.89e-24	87.8
284.183	1158.136	50.980	102	37	2	4	105	2	90	8.40e-24	85.9
284.183	972.198	48.077	104	49	3	4	106	2	101	1.44e-23	87.0
284.183	1584.138	45.631	103	47	2	4	106	2	95	7.37e-23	83.6
284.183	1731.165	50.962	104	38	4	5	95	3	106	3.64e-22	82.4
284.183	1776.176	37.363	182	63	8	1	164	26	174	1.12e-20	79.0
284.183	1157.129	43.103	116	45	3	4	98	2	117	4.89e-19	73.2
284.183	1777.188	39.568	139	61	6	4	136	2	123	2.68e-18	72.8
284.183	1159.148	37.419	155	70	5	4	140	2	147	2.87e-18	72.0
284.183	1655.142	57.143	63	27	0	11	73	10	72	2.11e-16	66.6
284.183	1656.129	62.963	54	20	0	9	62	8	61	5.13e-16	65.5
284.183	1426.156	45.361	97	45	3	10	101	14	107	1.92e-14	62.0
284.183	1657.128	68.750	48	15	0	10	57	10	57	2.18e-14	61.2
284.183	9.148	76.316	38	9	0	11	48	16	53	1.47e-13	59.3
284.183	973.148	50.725	69	30	3	24	91	1	66	1.47e-13	59.3
284.183	1243.139	69.048	42	13	0	10	51	14	55	2.55e-13	58.5
284.183	52.188	33.854	192	107	7	1	181	1	183	4.12e-13	58.9
284.183	1425.166	38.843	121	60	5	1	110	2	119	6.68e-13	58.2
284.183	655.154	53.623	69	27	2	12	80	13	76	6.87e-13	57.8
284.183	779.160	44.000	75	37	2	24	94	1	74	1.43e-12	57.0
284.183	1468.173	51.562	64	26	2	2	62	3	64	1.98e-12	57.0
284.183	524.147	63.265	49	17	1	10	57	13	61	2.96e-12	55.8
457.183	457.183	100.000	183	0	0	1	183	1	183	1.69e-135	370
457.183	1287.183	100.000	183	0	0	1	183	1	183	1.69e-135	370
457.183	1644.194	45.775	142	76	1	6	146	12	153	1.26e-41	133
506.183	506.183	100.000	183	0	0	1	183	1	183	7.96e-92	260
506.183	52.188	53.005	183	75	3	7	182	5	183	8.46e-26	92.4
506.183	779.160	39.496	119	59	4	56	166	28	141	1.23e-12	57.0
506.183	9.148	84.000	25	4	0	1	25	1	25	7.56e-10	49.3
506.183	1243.139	87.500	24	3	0	2	25	1	24	1.38e-09	48.5
506.183	1426.156	87.500	24	3	0	2	25	1	24	2.36e-09	48.1
552.183	552.183	100.000	183	0	0	1	183	1	183	8.98e-135	369
1287.183	457.183	100.000	183	0	0	1	183	1	183	1.69e-135	370
1287.183	1287.183	100.000	183	0	0	1	183	1	183	1.69e-135	370
1287.183	1644.194	45.775	142	76	1	6	146	12	153	1.26e-41	133
294.182	294.182	100.000	182	0	0	1	182	1	182	3.69e-130	357
294.182	934.182	97.253	182	5	0	1	182	1	182	1.39e-127	350
294.182	1057.182	97.253	182	5	0	1	182	1	182	1.39e-127	350
294.182	982.177	58.564	181	68	2	2	182	4	177	4.75e-69	202
294.182	615.178	36.842	171	105	2	12	182	11	178	1.59e-25	91.7
294.182	482.150	34.899	149	92	2	32	180	6	149	5.68e-21	79.0
294.182	1620.206	36.290	124	76	2	61	182	84	206	5.05e-18	72.4
294.182	1768.184	37.963	108	59	3	79	182	81	184	1.92e-16	67.8
294.182	1533.151	31.915	141	88	2	40	180	18	150	3.50e-16	66.2
294.182	1486.149	35.714	126	73	4	58	180	28	148	5.26e-16	65.9
294.182	1031.141	33.333	99	64	1	60	158	18	114	8.71e-15	62.4
294.182	434.147	34.146	123	77	1	58	180	28	146	6.30e-14	60.5
294.182	1264.147	34.146	123	77	1	58	180	28	146	6.30e-14	60.5
294.182	809.47	63.415	41	14	1	3	42	4	44	3.66e-11	50.4
294.182	835.47	72.727	33	9	0	3	35	4	36	7.30e-11	49.7
294.182	950.47	72.727	33	9	0	3	35	4	36	7.30e-11	49.7
294.182	157.132	29.000	100	69	1	62	161	17	114	1.01e-10	51.2
294.182	668.124	34.343	99	54	4	66	157	15	109	6.29e-10	48.9
294.182	62.152	29.286	140	96	2	41	180	15	151	1.74e-09	48.5
294.182	24.152	27.517	149	105	2	32	180	6	151	4.13e-09	47.4
294.182	1171.135	27.007	137	82	4	53	182	10	135	5.50e-07	41.2
648.182	648.182	100.000	165	0	0	18	182	18	182	9.07e-122	336
912.182	912.182	100.000	182	0	0	1	182	1	182	5.93e-134	367
912.182	1077.182	100.000	182	0	0	1	182	1	182	5.93e-134	367
934.182	934.182	100.000	182	0	0	1	182	1	182	1.03e-130	358
934.182	1057.182	100.000	182	0	0	1	182	1	182	1.03e-130	358
934.182	294.182	97.253	182	5	0	1	182	1	182	1.39e-127	350
934.182	982.177	58.011	181	69	2	2	182	4	177	6.45e-69	202
934.182	615.178	37.427	171	104	2	12	182	11	178	4.52e-25	90.5
934.182	482.150	35.570	149	91	2	32	180	6	149	2.94e-21	79.7
934.182	1620.206	33.333	123	81	1	61	182	84	206	5.55e-18	72.4
934.182	1768.184	38.318	107	60	2	79	182	81	184	2.79e-16	67.4
934.182	1486.149	36.508	126	72	4	58	180	28	148	3.28e-16	66.2
934.182	1533.151	32.520	123	79	1	58	180	32	150	8.79e-16	65.5
934.182	1031.141	33.333	99	64	1	60	158	18	114	7.07e-15	62.8
934.182	434.147	34.959	123	76	1	58	180	28	146	3.98e-14	60.8
934.182	1264.147	34.959	123	76	1	58	180	28	146	3.98e-14	60.8
934.182	809.47	70.588	34	10	0	3	36	4	37	4.86e-11	50.1
934.182	835.47	72.727	33	9	0	3	35	4	36	6.85e-11	49.7
934.182	950.47	72.727	33	9	0	3	35	4	36	6.85e-11	49.7
934.182	157.132	28.713	101	70	1	62	162	17	115	1.36e-10	51.2
934.182	668.124	33.333	105	59	4	60	157	9	109	9.66e-10	48.5
934.182	62.152	29.286	140	96	2	41	180	15	151	1.35e-09	48.9
934.182	24.152	28.571	140	97	2	41	180	15	151	3.24e-09	47.8
934.182	1171.135	27.007	137	82	4	53	182	10	135	7.55e-07	40.8
1057.182	934.182	100.000	182	0	0	1	182	1	182	1.03e-130	358
1057.182	1057.182	100.000	182	0	0	1	182	1	182	1.03e-130	358
1057.182	294.182	97.253	182	5	0	1	182	1	182	1.39e-127	350
1057.182	982.177	58.011	181	69	2	2	182	4	177	6.45e-69	202
1057.182	615.178	37.427	171	104	2	12	182	11	178	4.52e-25	90.5
1057.182	482.150	35.570	149	91	2	32	180	6	149	2.94e-21	79.7
1057.182	1620.206	33.333	123	81	1	61	182	84	206	5.55e-18	72.4
1057.182	1768.184	38.318	107	60	2	79	182	81	184	2.79e-16	67.4
1057.182	1486.149	36.508	126	72	4	58	180	28	148	3.28e-16	66.2
1057.182	1533.151	32.520	123	79	1	58	180	32	150	8.79e-16	65.5
1057.182	1031.141	33.333	99	64	1	60	158	18	114	7.07e-15	62.8
1057.182	434.147	34.959	123	76	1	58	180	28	146	3.98e-14	60.8
1057.182	1264.147	34.959	123	76	1	58	180	28	146	3.98e-14	60.8
1057.182	809.47	70.588	34	10	0	3	36	4	37	4.86e-11	50.1
1057.182	835.47	72.727	33	9	0	3	35	4	36	6.85e-11	49.7
1057.182	950.47	72.727	33	9	0	3	35	4	36	6.85e-11	49.7
1057.182	157.132	28.713	101	70	1	62	162	17	115	1.36e-10	51.2
1057.182	668.124	33.333	105	59	4	60	157	9	109	9.66e-10	48.5
1057.182	62.152	29.286	140	96	2	41	180	15	151	1.35e-09	48.9
1057.182	24.152	28.571	140	97	2	41	180	15	151	3.24e-09	47.8
1057.182	1171.135	27.007	137	82	4	53	182	10	135	7.55e-07	40.8
1077.182	912.182	100.000	182	0	0	1	182	1	182	5.93e-134	367
1077.182	1077.182	100.000	182	0	0	1	182	1	182	5.93e-134	367
526.181	526.181	100.000	181	0	0	1	181	1	181	1.64e-112	312
526.181	1428.181	76.074	163	39	0	19	181	19	181	2.23e-88	251
526.181	1428.181	45.098	51	28	0	126	176	4	54	2.28e-11	53.9
526.181	1245.181	72.928	181	49	0	1	181	1	181	9.45e-87	247
526.181	504.181	72.840	162	44	0	20	181	20	181	2.61e-85	243
526.181	504.181	49.057	53	27	0	126	178	4	56	2.33e-12	56.6
526.181	504.181	60.526	38	15	0	19	56	141	178	1.97e-10	51.6
526.181	777.181	71.779	163	46	0	19	181	19	181	3.47e-82	236
526.181	777.181	49.057	53	27	0	126	178	4	56	1.24e-13	60.1
526.181	777.181	33.962	106	66	1	71	176	12	113	4.51e-12	55.8
526.181	405.133	75.000	120	30	0	57	176	9	128	6.60e-61	180
526.181	405.133	55.263	38	17	0	19	56	93	130	4.32e-10	49.7
777.181	777.181	100.000	181	0	0	1	181	1	181	3.87e-133	364
777.181	1428.181	78.652	178	38	0	1	178	1	178	1.44e-103	290
777.181	504.181	75.691	181	44	0	1	181	1	181	5.18e-103	288
777.181	1245.181	75.281	178	44	0	1	178	1	178	6.29e-99	278
777.181	526.181	72.376	181	50	0	1	181	1	181	9.03e-91	257
777.181	405.133	75.000	120	30	0	57	176	9	128	2.04e-64	189
777.181	405.133	50.980	51	25	0	4	54	78	128	2.75e-14	60.8
777.181	405.133	31.933	119	77	1	3	117	14	132	5.43e-13	57.4
916.181	916.181	100.000	181	0	0	1	181	1	181	3.78e-128	352
916.181	1074.181	100.000	181	0	0	1	181	1	181	3.78e-128	352
1074.181	916.181	100.000	181	0	0	1	181	1	181	3.78e-128	352
1074.181	1074.181	100.000	181	0	0	1	181	1	181	3.78e-128	352
304.180	304.180	100.000	158	0	0	23	180	23	180	1.30e-117	325
391.180	391.180	100.000	180	0	0	1	180	1	180	1.18e-131	360
391.180	881.133	47.581	124	62	2	55	178	11	131	1.85e-31	105
391.180	486.140	52.273	88	42	0	93	180	53	140	1.42e-25	90.5
391.180	534.136	45.946	111	57	1	73	180	26	136	2.13e-24	87.4
391.180	765.139	41.237	97	54	3	85	178	41	137	1.24e-14	62.0
391.180	588.135	41.758	91	51	2	90	178	43	133	2.78e-09	47.4
41.179	41.179	100.000	179	0	0	1	179	1	179	2.87e-135	370
41.179	782.146	36.036	111	70	1	70	179	36	146	5.12e-20	76.3
41.179	511.176	27.027	185	116	5	1	176	1	175	6.52e-15	63.5
129.179	129.179	100.000	179	0	0	1	179	1	179	1.85e-130	357
