1193.178	1193.178	100.000	178	0	0	1	178	1	178	1.12e-124	342
1552.178	1552.178	100.000	178	0	0	1	178	1	178	3.16e-134	367
561.177	561.177	100.000	177	0	0	1	177	1	177	4.54e-113	313
1119.177	1119.177	100.000	177	0	0	1	177	1	177	3.33e-135	369
1325.177	1325.177	100.000	165	0	0	13	177	13	177	2.38e-108	301
936.176	936.176	100.000	176	0	0	1	176	1	176	3.41e-115	318
936.176	1055.163	100.000	163	0	0	14	176	1	163	2.05e-104	290
936.176	980.173	36.420	162	96	3	20	175	11	171	3.19e-22	82.4
936.176	1721.176	30.065	153	92	4	39	176	24	176	5.00e-09	47.0
1721.176	1721.176	100.000	176	0	0	1	176	1	176	2.62e-115	318
1721.176	1055.163	32.026	153	89	5	24	176	26	163	2.47e-13	58.5
1721.176	936.176	32.026	153	89	5	24	176	39	176	4.25e-13	58.2
1721.176	980.173	26.115	157	92	5	26	175	32	171	1.61e-07	42.7
19.175	19.175	100.000	175	0	0	1	175	1	175	3.98e-124	341
819.175	819.175	100.000	175	0	0	1	175	1	175	1.12e-103	289
1422.174	1422.174	100.000	174	0	0	1	174	1	174	5.97e-130	355
76.173	76.173	100.000	173	0	0	1	173	1	173	1.10e-118	327
76.173	558.173	82.659	173	30	0	1	173	1	173	1.57e-98	276
411.173	411.173	100.000	173	0	0	1	173	1	173	5.84e-106	295
558.173	558.173	100.000	173	0	0	1	173	1	173	1.66e-104	291
558.173	76.173	82.659	173	30	0	1	173	1	173	4.17e-88	249
980.173	980.173	100.000	173	0	0	1	173	1	173	1.82e-112	311
980.173	1055.163	36.420	162	96	3	11	171	7	162	1.06e-25	90.9
980.173	936.176	36.420	162	96	3	11	171	20	175	1.58e-25	90.9
980.173	1721.176	26.282	156	93	4	32	171	26	175	5.58e-09	47.0
1410.173	1410.173	100.000	173	0	0	1	173	1	173	5.11e-131	358
458.172	458.172	100.000	172	0	0	1	172	1	172	2.20e-111	308
513.172	513.172	100.000	172	0	0	1	172	1	172	2.41e-108	301
1164.172	1164.172	100.000	172	0	0	1	172	1	172	1.56e-120	332
1553.172	1553.172	100.000	172	0	0	1	172	1	172	6.51e-126	345
356.171	356.171	100.000	171	0	0	1	171	1	171	1.08e-87	248
462.171	462.171	100.000	171	0	0	1	171	1	171	1.37e-115	319
372.170	372.170	100.000	170	0	0	1	170	1	170	1.18e-123	339
372.170	263.167	79.394	165	34	0	4	168	2	166	1.35e-95	268
372.170	329.167	79.394	165	34	0	4	168	2	166	1.35e-95	268
372.170	1457.163	72.121	165	43	2	1	165	1	162	1.77e-83	237
372.170	468.163	64.242	165	55	2	1	165	1	161	1.97e-70	204
915.170	915.170	100.000	170	0	0	1	170	1	170	1.46e-123	339
915.170	1075.170	100.000	170	0	0	1	170	1	170	1.46e-123	339
915.170	1186.165	38.816	152	81	4	2	149	7	150	2.83e-25	89.7
915.170	727.164	36.735	147	78	7	10	152	14	149	6.75e-19	73.2
1075.170	915.170	100.000	170	0	0	1	170	1	170	1.46e-123	339
1075.170	1075.170	100.000	170	0	0	1	170	1	170	1.46e-123	339
1075.170	1186.165	38.816	152	81	4	2	149	7	150	2.83e-25	89.7
1075.170	727.164	36.735	147	78	7	10	152	14	149	6.75e-19	73.2
1511.170	1511.170	100.000	170	0	0	1	170	1	170	7.89e-129	352
40.169	40.169	100.000	169	0	0	1	169	1	169	2.11e-129	353
263.167	263.167	100.000	167	0	0	1	167	1	167	3.30e-122	335
263.167	329.167	100.000	167	0	0	1	167	1	167	3.30e-122	335
263.167	372.170	79.394	165	34	0	2	166	4	168	1.33e-95	268
263.167	1457.163	76.687	163	37	1	1	163	1	162	4.39e-91	256
263.167	468.163	66.258	163	53	1	1	163	1	161	4.58e-76	218
329.167	263.167	100.000	167	0	0	1	167	1	167	3.30e-122	335
329.167	329.167	100.000	167	0	0	1	167	1	167	3.30e-122	335
329.167	372.170	79.394	165	34	0	2	166	4	168	1.33e-95	268
329.167	1457.163	76.687	163	37	1	1	163	1	162	4.39e-91	256
329.167	468.163	66.258	163	53	1	1	163	1	161	4.58e-76	218
1151.167	1151.167	100.000	167	0	0	1	167	1	167	3.92e-123	338
1694.167	1694.167	100.000	167	0	0	1	167	1	167	3.43e-97	272
168.165	168.165	100.000	165	0	0	1	165	1	165	9.31e-72	207
1087.165	1087.165	100.000	165	0	0	1	165	1	165	1.40e-102	285
1087.165	596.152	36.719	128	74	3	30	152	22	147	1.35e-21	79.7
1117.165	1117.165	100.000	165	0	0	1	165	1	165	6.91e-84	238
1127.165	1127.165	100.000	165	0	0	1	165	1	165	3.40e-119	327
1186.165	1186.165	100.000	165	0	0	1	165	1	165	1.21e-121	333
1186.165	915.170	38.816	152	81	4	7	150	2	149	2.75e-25	89.7
1186.165	1075.170	38.816	152	81	4	7	150	2	149	2.75e-25	89.7
1186.165	727.164	37.500	152	81	7	15	161	14	156	2.20e-22	82.0
639.164	639.164	100.000	164	0	0	1	164	1	164	9.67e-123	336
727.164	727.164	100.000	164	0	0	1	164	1	164	7.08e-120	329
727.164	1186.165	37.500	152	81	7	14	156	15	161	2.19e-22	82.0
727.164	915.170	36.735	147	78	7	14	149	10	152	6.51e-19	73.2
727.164	1075.170	36.735	147	78	7	14	149	10	152	6.51e-19	73.2
1380.164	1380.164	100.000	164	0	0	1	164	1	164	4.86e-121	332
468.163	468.163	100.000	163	0	0	1	163	1	163	9.26e-118	323
468.163	1457.163	74.074	162	41	1	1	161	1	162	1.76e-81	232
468.163	263.167	66.258	163	53	1	1	161	1	163	4.47e-76	218
468.163	329.167	66.258	163	53	1	1	161	1	163	4.47e-76	218
468.163	372.170	64.242	165	55	2	1	161	1	165	1.88e-70	204
1055.163	1055.163	100.000	163	0	0	1	163	1	163	8.19e-105	291
1055.163	936.176	100.000	163	0	0	1	163	14	176	1.37e-104	291
1055.163	980.173	36.420	162	96	3	7	162	11	171	1.99e-22	82.4
1055.163	1721.176	30.065	153	92	4	26	163	24	176	1.97e-09	47.8
1457.163	1457.163	100.000	163	0	0	1	163	1	163	8.08e-120	329
1457.163	263.167	76.687	163	37	1	1	162	1	163	4.29e-91	256
1457.163	329.167	76.687	163	37	1	1	162	1	163	4.29e-91	256
1457.163	372.170	72.121	165	43	2	1	162	1	165	1.70e-83	237
1457.163	468.163	74.074	162	41	1	1	162	1	161	1.76e-81	232
652.162	652.162	100.000	162	0	0	1	162	1	162	1.45e-118	325
902.162	902.162	100.000	162	0	0	1	162	1	162	2.16e-121	333
1554.162	1554.162	100.000	162	0	0	1	162	1	162	1.46e-120	331
911.161	911.161	100.000	161	0	0	1	161	1	161	1.20e-96	270
911.161	1078.161	100.000	161	0	0	1	161	1	161	1.20e-96	270
1078.161	911.161	100.000	161	0	0	1	161	1	161	1.20e-96	270
1078.161	1078.161	100.000	161	0	0	1	161	1	161	1.20e-96	270
49.159	49.159	100.000	159	0	0	1	159	1	159	3.17e-118	325
142.159	142.159	100.000	159	0	0	1	159	1	159	4.27e-117	322
143.159	143.159	100.000	141	0	0	19	159	19	159	1.21e-102	285
423.159	423.159	100.000	144	0	0	1	144	1	144	5.32e-105	291
