124.127	124.127	100.000	127	0	0	1	127	1	127	1.17e-76	216
208.127	208.127	100.000	127	0	0	1	127	1	127	4.78e-76	215
208.127	1401.128	78.226	124	27	0	4	127	5	128	1.94e-58	171
208.127	1302.128	79.032	124	26	0	4	127	5	128	6.21e-58	169
208.127	1351.128	79.032	124	26	0	4	127	5	128	6.21e-58	169
208.127	668.124	53.043	115	54	0	13	127	10	124	1.15e-36	115
208.127	808.121	33.613	119	71	3	9	124	7	120	9.55e-10	46.2
208.127	836.121	34.821	112	65	3	9	117	7	113	1.20e-07	40.8
208.127	951.121	34.821	112	65	3	9	117	7	113	1.58e-07	40.4
1195.127	1195.127	100.000	127	0	0	1	127	1	127	1.21e-92	257
465.126	465.126	100.000	126	0	0	1	126	1	126	2.04e-76	216
465.126	1499.123	67.769	121	39	0	1	121	1	121	1.73e-44	135
465.126	1462.121	64.348	115	40	1	7	120	6	120	8.71e-37	115
465.126	896.125	56.757	111	47	1	12	121	14	124	5.42e-30	98.6
465.126	576.124	53.043	115	52	2	5	118	8	121	3.36e-28	94.0
465.126	265.121	54.783	115	51	1	5	119	6	119	1.18e-24	84.7
465.126	327.121	54.783	115	51	1	5	119	6	119	1.18e-24	84.7
465.126	1521.129	47.788	113	51	2	15	121	18	128	1.50e-16	64.3
465.126	1181.120	36.134	119	74	1	1	119	1	117	1.61e-09	45.8
995.126	995.126	100.000	126	0	0	1	126	1	126	1.04e-89	249
995.126	1051.131	40.157	127	70	4	1	125	1	123	2.36e-19	71.6
995.126	576.124	29.032	124	75	4	1	123	7	118	2.94e-07	39.7
1044.126	1044.126	100.000	126	0	0	1	126	1	126	1.36e-94	262
1044.126	1691.123	76.923	117	26	1	11	126	7	123	3.06e-64	185
1095.126	1095.126	100.000	126	0	0	1	126	1	126	1.03e-87	244
1095.126	46.108	56.075	107	47	0	9	115	1	107	2.28e-39	121
1095.126	869.122	51.402	107	52	0	9	115	15	121	1.23e-35	112
1095.126	853.115	39.604	101	61	0	5	105	14	114	2.95e-18	68.2
1319.126	1319.126	100.000	126	0	0	1	126	1	126	2.29e-89	248
1319.126	1368.126	99.206	126	1	0	1	126	1	126	1.05e-88	247
1319.126	184.124	67.480	123	40	0	1	123	1	123	1.98e-57	168
1368.126	1368.126	100.000	126	0	0	1	126	1	126	1.76e-89	249
1368.126	1319.126	99.206	126	1	0	1	126	1	126	1.05e-88	247
1368.126	184.124	68.293	123	39	0	1	123	1	123	3.51e-58	170
1505.126	1505.126	100.000	126	0	0	1	126	1	126	5.13e-75	212
1513.126	1513.126	100.000	126	0	0	1	126	1	126	7.33e-93	257
1570.126	1570.126	100.000	115	0	0	1	115	1	115	9.41e-61	176
276.125	276.125	100.000	125	0	0	1	125	1	125	5.55e-91	253
786.125	786.125	100.000	125	0	0	1	125	1	125	8.93e-90	249
786.125	859.125	80.000	125	25	0	1	125	1	125	1.41e-73	209
793.125	793.125	100.000	125	0	0	1	125	1	125	1.36e-89	249
793.125	850.125	86.992	123	16	0	1	123	1	123	1.50e-79	224
822.125	822.125	100.000	114	0	0	12	125	12	125	1.50e-82	231
822.125	641.128	39.823	113	62	3	12	118	7	119	3.46e-24	84.0
822.125	795.107	37.500	64	39	1	26	88	16	79	3.44e-09	44.7
850.125	850.125	100.000	125	0	0	1	125	1	125	5.57e-90	250
850.125	793.125	86.992	123	16	0	1	123	1	123	1.50e-79	224
859.125	859.125	100.000	125	0	0	1	125	1	125	4.14e-90	250
859.125	786.125	80.000	125	25	0	1	125	1	125	1.41e-73	209
896.125	896.125	100.000	125	0	0	1	125	1	125	5.85e-88	245
896.125	576.124	60.000	120	48	0	1	120	1	120	1.46e-47	143
896.125	265.121	60.000	110	44	0	13	122	10	119	5.69e-42	129
896.125	327.121	60.000	110	44	0	13	122	10	119	5.69e-42	129
896.125	465.126	56.522	115	47	2	10	124	10	121	5.18e-40	124
896.125	1499.123	57.407	108	45	1	17	124	15	121	4.38e-36	114
896.125	1462.121	48.387	124	59	2	1	123	1	120	4.77e-34	108
896.125	1521.129	48.837	129	62	1	1	125	1	129	7.79e-34	108
896.125	1181.120	45.783	83	45	0	36	118	31	113	1.16e-17	67.0
1014.125	1014.125	100.000	125	0	0	1	125	1	125	5.48e-88	245
1304.125	1304.125	100.000	125	0	0	1	125	1	125	1.10e-90	252
1719.125	1719.125	100.000	109	0	0	1	109	1	109	7.20e-67	192
1719.125	763.68	53.191	47	18	1	18	60	18	64	1.48e-12	52.4
1719.125	1146.61	51.163	43	21	0	18	60	16	58	1.93e-12	52.0
1719.125	1667.63	56.250	32	14	0	18	49	18	49	1.05e-08	42.4
1719.125	389.64	54.545	33	15	0	19	51	19	51	9.08e-08	39.7
1719.125	1214.60	48.649	37	19	0	19	55	17	53	3.06e-07	38.5
1719.125	248.64	66.667	27	9	0	19	45	19	45	3.94e-07	38.1
1719.125	344.64	66.667	27	9	0	19	45	19	45	3.94e-07	38.1
184.124	184.124	100.000	124	0	0	1	124	1	124	8.38e-90	249
184.124	1368.126	68.293	123	39	0	1	123	1	123	3.45e-58	170
184.124	1319.126	67.480	123	40	0	1	123	1	123	1.95e-57	168
576.124	576.124	100.000	124	0	0	1	124	1	124	1.36e-89	249
576.124	896.125	60.000	120	48	0	1	120	1	120	1.45e-47	143
576.124	265.121	52.459	122	55	1	1	122	1	119	1.57e-37	117
576.124	327.121	52.459	122	55	1	1	122	1	119	1.57e-37	117
576.124	465.126	52.586	116	53	2	8	122	5	119	9.06e-36	113
576.124	1462.121	45.082	122	64	1	1	122	1	119	1.85e-30	99.8
576.124	1499.123	50.893	112	54	1	12	122	8	119	3.08e-30	99.0
576.124	1521.129	43.651	126	67	1	1	122	1	126	1.28e-27	92.4
576.124	1181.120	42.045	88	51	0	36	123	31	118	5.66e-17	65.1
576.124	995.126	29.032	124	75	4	7	118	1	123	2.89e-07	39.7
668.124	668.124	100.000	124	0	0	1	124	1	124	1.45e-75	213
668.124	208.127	53.043	115	54	0	10	124	13	127	1.37e-34	110
668.124	1302.128	53.913	115	53	0	10	124	14	128	6.69e-34	108
668.124	1351.128	53.913	115	53	0	10	124	14	128	6.69e-34	108
668.124	1401.128	51.304	115	56	0	10	124	14	128	7.52e-33	105
668.124	808.121	34.783	115	67	3	3	114	4	113	3.47e-08	42.4
668.124	951.121	34.783	115	67	3	3	114	4	113	6.54e-08	41.6
668.124	836.121	33.913	115	68	3	3	114	4	113	1.61e-07	40.4
607.123	607.123	100.000	123	0	0	1	123	1	123	1.31e-90	251
636.123	636.123	100.000	123	0	0	1	123	1	123	1.57e-92	256
791.123	791.123	100.000	123	0	0	1	123	1	123	1.16e-91	254
791.123	855.123	84.553	123	19	0	1	123	1	123	3.05e-70	200
852.123	852.123	100.000	123	0	0	1	123	1	123	7.78e-90	249
855.123	855.123	100.000	123	0	0	1	123	1	123	1.42e-90	251
855.123	791.123	84.553	123	19	0	1	123	1	123	3.92e-78	220
1185.123	1185.123	100.000	123	0	0	1	123	1	123	5.70e-91	252
1421.123	1421.123	100.000	123	0	0	1	123	1	123	6.76e-85	237
1499.123	1499.123	100.000	123	0	0	1	123	1	123	1.40e-83	234
1499.123	465.126	67.769	121	39	0	1	121	1	121	1.79e-54	160
1499.123	265.121	55.752	113	50	0	8	120	8	120	1.80e-37	117
1499.123	327.121	55.752	113	50	0	8	120	8	120	1.80e-37	117
1499.123	1462.121	58.261	115	47	1	7	120	6	120	1.60e-36	115
1499.123	896.125	57.407	108	45	1	15	121	17	124	4.31e-36	114
1499.123	576.124	50.893	112	54	1	8	119	12	122	3.06e-30	99.0
1499.123	1521.129	50.427	117	52	2	11	121	12	128	3.85e-29	96.3
1499.123	1181.120	40.659	91	54	0	29	119	27	117	9.90e-18	67.0
1566.123	1566.123	100.000	123	0	0	1	123	1	123	1.01e-69	199
1566.123	1763.100	43.056	72	38	2	1	69	1	72	9.82e-13	53.5
1566.123	840.91	42.857	70	37	2	1	69	1	68	6.70e-10	46.2
1566.123	955.91	42.857	70	37	2	1	69	1	68	6.70e-10	46.2
1566.123	804.91	41.429	70	38	2	1	69	1	68	1.55e-09	45.1
1593.123	1593.123	100.000	123	0	0	1	123	1	123	4.43e-91	253
1594.123	1594.123	100.000	123	0	0	1	123	1	123	3.38e-74	210
1691.123	1691.123	100.000	123	0	0	1	123	1	123	5.10e-92	255
1691.123	1044.126	76.923	117	26	1	7	123	11	126	2.98e-64	185
1739.123	1739.123	100.000	123	0	0	1	123	1	123	1.77e-75	213
1739.123	1740.140	36.620	71	45	0	23	93	38	108	6.01e-11	49.7
507.122	507.122	100.000	122	0	0	1	122	1	122	5.81e-85	237
507.122	1467.116	47.458	118	59	2	1	118	1	115	1.28e-32	104
507.122	1433.120	50.000	100	48	1	14	113	16	113	9.32e-25	85.1
595.122	595.122	100.000	103	0	0	20	122	20	122	2.18e-68	195
695.122	695.122	100.000	122	0	0	1	122	1	122	6.79e-88	244
869.122	869.122	100.000	122	0	0	1	122	1	122	1.57e-85	238
869.122	46.108	70.755	106	31	0	17	122	3	108	5.28e-52	153
869.122	1095.126	51.402	107	52	0	15	121	9	115	1.19e-35	112
869.122	853.115	44.211	95	53	0	17	111	20	114	1.18e-24	84.7
1091.122	1091.122	100.000	122	0	0	1	122	1	122	1.15e-88	246
1091.122	1734.108	30.120	83	52	2	26	103	7	88	9.84e-09	43.1
265.121	265.121	100.000	121	0	0	1	121	1	121	3.08e-68	195
265.121	327.121	100.000	121	0	0	1	121	1	121	3.08e-68	195
265.121	896.125	64.948	97	34	0	23	119	26	122	4.00e-40	124
265.121	1521.129	61.386	101	35	1	23	119	26	126	6.95e-36	113
265.121	1499.123	59.184	98	40	0	23	120	23	120	4.04e-34	108
265.121	576.124	58.763	97	40	0	23	119	26	122	7.74e-34	108
265.121	465.126	57.292	96	41	0	24	119	24	119	1.14e-31	102
265.121	1462.121	54.082	98	44	1	23	119	22	119	7.66e-29	95.5
265.121	1181.120	48.352	91	47	0	29	119	27	117	1.02e-23	82.4
265.121	1051.131	37.500	80	45	2	35	112	42	118	1.22e-08	43.5
327.121	265.121	100.000	121	0	0	1	121	1	121	3.08e-68	195
327.121	327.121	100.000	121	0	0	1	121	1	121	3.08e-68	195
327.121	896.125	64.948	97	34	0	23	119	26	122	4.00e-40	124
327.121	1521.129	61.386	101	35	1	23	119	26	126	6.95e-36	113
327.121	1499.123	59.184	98	40	0	23	120	23	120	4.04e-34	108
327.121	576.124	58.763	97	40	0	23	119	26	122	7.74e-34	108
327.121	465.126	57.292	96	41	0	24	119	24	119	1.14e-31	102
327.121	1462.121	54.082	98	44	1	23	119	22	119	7.66e-29	95.5
327.121	1181.120	48.352	91	47	0	29	119	27	117	1.02e-23	82.4
327.121	1051.131	37.500	80	45	2	35	112	42	118	1.22e-08	43.5
1462.121	1462.121	100.000	121	0	0	1	121	1	121	8.89e-71	201
1462.121	465.126	73.171	82	22	0	39	120	39	120	1.24e-37	117
1462.121	1499.123	64.634	82	29	0	39	120	39	120	3.19e-30	99.0
1462.121	896.125	46.774	124	61	2	1	120	1	123	7.80e-30	98.2
1462.121	265.121	47.500	120	61	2	1	119	1	119	2.93e-28	94.0
1462.121	327.121	47.500	120	61	2	1	119	1	119	2.93e-28	94.0
1462.121	576.124	43.089	123	65	2	1	119	1	122	4.24e-26	88.6
1462.121	1521.129	42.520	127	66	3	1	120	1	127	4.63e-25	85.9
1462.121	1181.120	45.333	75	41	0	45	119	43	117	8.45e-15	59.3
1625.121	1625.121	100.000	121	0	0	1	121	1	121	2.89e-88	245
106.120	106.120	100.000	120	0	0	1	120	1	120	1.04e-86	241
550.120	550.120	100.000	120	0	0	1	120	1	120	8.03e-67	191
1181.120	1181.120	100.000	120	0	0	1	120	1	120	7.21e-58	168
1181.120	265.121	48.352	91	47	0	27	117	29	119	4.39e-17	65.1
1181.120	327.121	48.352	91	47	0	27	117	29	119	4.39e-17	65.1
1181.120	1521.129	49.425	87	44	0	31	117	40	126	5.81e-17	65.1
1181.120	1499.123	40.659	91	54	0	27	117	29	119	1.32e-12	53.9
1181.120	896.125	45.783	83	45	0	31	113	36	118	2.70e-11	50.4
1181.120	576.124	44.578	83	46	0	31	113	36	118	4.12e-10	47.4
1181.120	465.126	38.384	99	59	1	21	117	21	119	1.12e-09	46.2
1181.120	1462.121	40.659	91	54	0	27	117	29	119	1.65e-09	45.4
