128.222	128.222	100.000	222	0	0	1	222	1	222	1.36e-163	445
825.222	825.222	100.000	222	0	0	1	222	1	222	2.88e-169	459
825.222	974.213	34.921	189	93	2	28	187	19	206	8.94e-38	125
240.221	240.221	100.000	221	0	0	1	221	1	221	5.93e-136	375
240.221	352.221	100.000	221	0	0	1	221	1	221	5.93e-136	375
240.221	1774.176	36.111	144	84	3	68	211	32	167	6.57e-14	61.6
352.221	240.221	100.000	221	0	0	1	221	1	221	5.93e-136	375
352.221	352.221	100.000	221	0	0	1	221	1	221	5.93e-136	375
352.221	1774.176	36.111	144	84	3	68	211	32	167	6.57e-14	61.6
467.221	467.221	100.000	221	0	0	1	221	1	221	3.53e-165	449
923.219	923.219	100.000	219	0	0	1	219	1	219	3.11e-142	390
923.219	1068.193	99.482	193	1	0	27	219	1	193	1.43e-122	340
1189.219	1189.219	100.000	219	0	0	1	219	1	219	1.96e-112	315
1579.219	1579.219	100.000	201	0	0	1	201	1	201	3.26e-150	410
100.218	100.218	100.000	218	0	0	1	218	1	218	1.06e-149	409
308.218	308.218	100.000	218	0	0	1	218	1	218	1.87e-145	399
1050.217	1050.217	100.000	217	0	0	1	217	1	217	1.12e-98	280
560.216	560.216	100.000	216	0	0	1	216	1	216	1.86e-161	439
696.215	696.215	100.000	215	0	0	1	215	1	215	2.39e-98	279
1573.215	1573.215	100.000	191	0	0	25	215	25	215	6.80e-139	382
1573.215	712.232	36.975	119	71	3	90	207	99	214	6.30e-18	73.6
1573.215	613.214	32.317	164	100	6	30	191	30	184	8.22e-16	67.4
1573.215	111.237	28.351	194	122	7	30	207	36	228	3.67e-11	55.1
1573.215	935.211	30.973	113	71	3	85	191	73	184	1.07e-10	53.1
1573.215	1056.211	30.973	113	71	3	85	191	73	184	1.07e-10	53.1
1573.215	1170.242	34.483	87	53	2	118	201	124	209	1.15e-09	50.8
1573.215	981.205	29.524	105	69	2	97	199	86	187	2.10e-09	49.7
1573.215	293.211	29.464	112	72	3	86	191	74	184	4.43e-09	48.5
974.213	974.213	100.000	213	0	0	1	213	1	213	2.15e-143	393
974.213	825.222	34.921	189	93	2	19	206	28	187	1.23e-30	107
187.212	187.212	100.000	212	0	0	1	212	1	212	1.64e-125	348
872.212	872.212	100.000	212	0	0	1	212	1	212	2.56e-159	433
1163.212	1163.212	100.000	212	0	0	1	212	1	212	3.56e-152	415
146.211	146.211	100.000	211	0	0	1	211	1	211	6.94e-153	417
520.211	520.211	100.000	211	0	0	1	211	1	211	5.37e-156	425
520.211	522.147	45.690	116	40	3	71	164	8	122	1.82e-19	75.9
520.211	522.147	45.652	92	28	3	7	76	31	122	2.99e-13	59.3
907.211	907.211	100.000	211	0	0	1	211	1	211	6.40e-148	404
1238.211	1238.211	100.000	211	0	0	1	211	1	211	1.31e-145	398
742.210	742.210	100.000	210	0	0	1	210	1	210	4.27e-137	377
742.210	904.195	66.667	207	56	1	1	207	1	194	2.91e-98	278
685.209	685.209	100.000	209	0	0	1	209	1	209	2.06e-158	431
51.207	51.207	100.000	207	0	0	1	207	1	207	3.24e-156	425
51.207	1429.165	62.424	165	62	0	43	207	1	165	4.69e-76	221
51.207	1246.170	63.125	160	59	0	44	203	7	166	6.37e-74	215
51.207	503.165	57.317	164	64	3	43	203	1	161	1.77e-56	171
51.207	1653.133	27.607	163	72	6	43	195	1	127	2.18e-07	42.7
85.206	85.206	100.000	206	0	0	1	206	1	206	1.16e-154	421
176.206	176.206	100.000	206	0	0	1	206	1	206	1.02e-149	408
602.206	602.206	100.000	206	0	0	1	206	1	206	9.27e-125	345
602.206	643.203	48.663	187	96	0	1	187	1	187	6.44e-50	155
1620.206	1620.206	100.000	206	0	0	1	206	1	206	4.39e-120	333
1620.206	982.177	35.246	122	78	1	85	206	57	177	1.67e-14	63.2
1620.206	1768.184	29.268	123	74	2	90	206	69	184	9.67e-13	58.5
1620.206	934.182	30.894	123	84	1	84	206	61	182	3.81e-12	56.6
1620.206	1057.182	30.894	123	84	1	84	206	61	182	3.81e-12	56.6
1620.206	294.182	30.081	123	85	1	84	206	61	182	5.36e-12	56.2
1620.206	157.132	35.484	62	38	1	81	142	13	72	2.83e-10	50.4
1620.206	615.178	29.268	123	86	1	84	206	57	178	2.84e-10	51.6
1620.206	1486.149	29.268	123	84	2	80	202	27	146	7.72e-08	44.3
1620.206	482.150	35.294	68	43	1	78	145	29	95	5.02e-07	42.0
864.205	864.205	100.000	205	0	0	1	205	1	205	4.80e-118	328
1384.204	1384.204	100.000	204	0	0	1	204	1	204	2.03e-147	402
643.203	643.203	100.000	203	0	0	1	203	1	203	2.05e-117	327
643.203	602.206	48.663	187	96	0	1	187	1	187	3.65e-51	159
1322.203	1322.203	100.000	185	0	0	19	203	19	203	4.74e-136	374
88.202	88.202	100.000	202	0	0	1	202	1	202	1.31e-146	400
969.202	969.202	100.000	183	0	0	20	202	20	202	6.27e-107	300
1040.202	1040.202	100.000	202	0	0	1	202	1	202	1.74e-119	332
136.201	136.201	100.000	201	0	0	1	201	1	201	2.00e-135	372
242.201	242.201	100.000	142	0	0	1	142	1	142	3.10e-70	207
242.201	350.201	100.000	142	0	0	1	142	1	142	3.10e-70	207
316.201	316.201	100.000	201	0	0	1	201	1	201	2.58e-148	404
350.201	242.201	100.000	142	0	0	1	142	1	142	3.10e-70	207
350.201	350.201	100.000	142	0	0	1	142	1	142	3.10e-70	207
216.200	216.200	100.000	200	0	0	1	200	1	200	4.39e-145	396
555.200	555.200	100.000	200	0	0	1	200	1	200	9.59e-135	370
555.200	1506.79	46.939	49	24	1	149	197	7	53	1.00e-07	42.4
770.200	770.200	100.000	200	0	0	1	200	1	200	5.23e-152	414
770.200	1543.220	42.254	213	107	7	1	199	1	211	4.38e-42	135
770.200	401.215	40.000	205	93	7	12	197	14	207	3.08e-34	115
770.200	1659.206	31.638	177	107	8	30	199	34	203	1.57e-17	71.6
770.200	874.199	30.872	149	93	5	3	150	8	147	2.88e-11	54.3
770.200	225.219	28.302	212	133	9	1	196	1	209	3.93e-09	48.5
770.200	500.184	32.558	129	82	5	24	150	7	132	5.89e-09	47.8
770.200	1474.175	28.571	168	112	6	28	192	3	165	1.26e-07	43.9
770.200	55.217	25.967	181	107	7	20	175	14	192	1.76e-07	43.9
1590.200	1590.200	100.000	200	0	0	1	200	1	200	3.29e-115	321
1597.200	1597.200	100.000	200	0	0	1	200	1	200	1.24e-149	407
83.199	83.199	100.000	199	0	0	1	199	1	199	8.58e-151	410
1046.199	1046.199	100.000	199	0	0	1	199	1	199	2.60e-150	409
972.198	972.198	100.000	198	0	0	1	198	1	198	5.69e-141	385
972.198	1777.188	38.235	204	95	7	1	194	1	183	2.63e-27	97.1
972.198	1585.145	40.104	192	59	6	1	192	1	136	4.63e-27	95.1
972.198	1731.165	42.143	140	58	4	1	124	1	133	2.47e-26	93.6
972.198	1584.138	49.194	124	44	4	1	124	1	105	4.52e-24	87.0
972.198	1776.176	47.244	127	52	5	2	124	29	144	9.54e-24	87.4
972.198	284.183	48.077	104	49	3	2	101	4	106	1.56e-23	87.0
972.198	287.137	52.174	92	37	2	2	93	4	88	9.95e-23	83.6
972.198	1158.136	42.478	113	55	1	1	113	1	103	1.41e-22	83.2
972.198	973.148	45.370	108	53	3	22	124	1	107	3.21e-19	74.7
972.198	506.183	42.029	138	57	6	4	124	9	140	9.26e-19	74.3
972.198	1157.129	52.439	82	24	3	1	80	1	69	1.64e-18	72.4
972.198	1159.148	47.000	100	40	2	1	87	1	100	8.13e-18	71.2
972.198	286.139	49.412	85	37	2	1	85	1	79	1.28e-17	70.5
972.198	1657.128	81.395	43	6	2	1	41	1	43	2.00e-14	61.6
972.198	1655.142	81.579	38	7	0	9	46	10	47	8.35e-14	60.1
972.198	1656.129	50.526	95	33	3	9	91	10	102	8.51e-14	60.1
972.198	9.148	64.583	48	17	0	9	56	16	63	6.00e-13	58.2
972.198	1426.156	75.000	40	8	1	5	42	9	48	4.29e-12	55.8
972.198	655.154	75.000	40	8	1	10	49	13	50	6.49e-12	55.5
972.198	1243.139	63.043	46	15	1	5	48	9	54	9.40e-12	54.7
972.198	1425.166	72.500	40	9	1	5	42	9	48	1.15e-11	55.1
972.198	1468.173	54.098	61	15	1	9	69	15	62	2.12e-11	54.3
972.198	52.188	41.566	166	74	7	5	157	8	163	5.31e-11	53.5
972.198	524.147	81.818	33	6	0	9	41	14	46	8.93e-11	52.0
972.198	779.160	36.250	80	34	2	22	90	1	74	3.10e-07	42.4
738.197	738.197	100.000	197	0	0	1	197	1	197	1.43e-108	303
1100.197	1100.197	100.000	197	0	0	1	197	1	197	8.28e-147	400
