1592.106	1592.106	100.000	95	0	0	12	106	12	106	5.28e-59	170
1713.106	1713.106	100.000	86	0	0	21	106	21	106	7.54e-62	177
1713.106	757.97	46.341	82	37	1	23	104	22	96	2.00e-24	82.4
1713.106	542.97	46.341	82	37	1	23	104	22	96	1.24e-23	80.5
1713.106	1446.105	37.662	77	48	0	23	99	24	100	1.87e-19	70.1
1713.106	385.105	34.568	81	53	0	23	103	24	104	1.60e-18	67.8
1713.106	253.102	37.662	77	48	0	23	99	21	97	1.77e-18	67.8
1713.106	339.102	37.662	77	48	0	23	99	21	97	1.77e-18	67.8
1713.106	888.105	37.662	77	48	0	23	99	24	100	1.01e-17	65.9
1713.106	583.105	31.169	77	53	0	22	98	23	99	2.03e-13	54.7
1713.106	1671.103	31.325	83	56	1	21	103	21	102	4.72e-12	51.2
1713.106	1142.106	33.333	81	53	1	23	103	26	105	1.29e-11	50.1
1713.106	1218.103	30.380	79	52	2	21	98	22	98	1.87e-08	42.0
1716.106	1716.106	100.000	106	0	0	1	106	1	106	2.78e-51	150
1716.106	760.107	55.294	85	38	0	22	106	23	107	7.31e-21	73.9
1716.106	539.112	46.988	83	44	0	22	104	25	107	1.28e-20	73.2
1738.106	1738.106	100.000	106	0	0	1	106	1	106	5.55e-62	177
1738.106	510.88	37.313	67	41	1	7	73	1	66	1.21e-07	39.3
135.105	135.105	100.000	105	0	0	1	105	1	105	5.32e-76	213
385.105	385.105	100.000	105	0	0	1	105	1	105	7.75e-75	210
385.105	888.105	62.857	105	39	0	1	105	1	105	4.74e-49	145
385.105	253.102	68.041	97	31	0	9	105	6	102	2.88e-47	140
385.105	339.102	68.041	97	31	0	9	105	6	102	2.88e-47	140
385.105	1446.105	53.333	105	49	0	1	105	1	105	7.16e-39	119
385.105	583.105	50.476	105	52	0	1	105	1	105	1.24e-31	101
385.105	1713.106	35.106	94	61	0	11	104	10	103	2.40e-21	75.1
385.105	757.97	34.375	96	52	2	9	100	3	91	1.83e-16	62.4
385.105	542.97	25.773	97	61	2	4	100	6	91	1.36e-11	49.7
385.105	1671.103	28.395	81	57	1	19	99	18	97	1.64e-08	42.0
420.105	420.105	100.000	105	0	0	1	105	1	105	5.88e-72	202
583.105	583.105	100.000	105	0	0	1	105	1	105	5.89e-67	190
583.105	888.105	57.282	103	44	0	1	103	1	103	4.28e-36	112
583.105	253.102	54.000	100	46	0	4	103	1	100	9.18e-33	103
583.105	339.102	54.000	100	46	0	4	103	1	100	9.18e-33	103
583.105	385.105	50.476	105	52	0	1	105	1	105	1.83e-31	100
583.105	1446.105	53.333	105	49	0	1	105	1	105	5.65e-31	99.4
583.105	1713.106	31.169	77	53	0	23	99	22	98	2.12e-13	54.7
583.105	757.97	36.232	69	44	0	22	90	20	88	3.21e-12	51.2
583.105	542.97	30.435	69	48	0	22	90	20	88	1.38e-08	42.0
888.105	888.105	100.000	105	0	0	1	105	1	105	2.20e-61	176
888.105	253.102	67.816	87	28	0	19	105	16	102	1.73e-43	130
888.105	339.102	67.816	87	28	0	19	105	16	102	1.73e-43	130
888.105	385.105	65.476	84	29	0	22	105	22	105	2.84e-41	125
888.105	1446.105	60.000	85	34	0	19	103	19	103	3.23e-37	115
888.105	583.105	59.259	81	33	0	25	105	25	105	1.24e-32	103
888.105	1713.106	34.884	86	56	0	19	104	18	103	1.71e-18	67.8
888.105	757.97	36.585	82	45	1	19	100	17	91	3.63e-17	63.9
888.105	542.97	29.268	82	51	1	19	100	17	91	1.34e-12	52.4
888.105	1671.103	34.568	81	52	1	19	99	18	97	9.30e-11	47.8
888.105	1174.88	43.243	37	21	0	44	80	43	79	7.74e-07	37.4
1431.105	1431.105	100.000	105	0	0	1	105	1	105	3.02e-74	208
1431.105	773.102	58.763	97	40	0	9	105	6	102	7.10e-34	106
1431.105	502.102	55.670	97	43	0	9	105	6	102	1.27e-32	103
1431.105	523.103	54.839	93	42	0	11	103	8	100	2.34e-29	95.1
1431.105	597.92	42.105	95	47	3	9	103	4	90	1.97e-12	52.0
1446.105	1446.105	100.000	105	0	0	1	105	1	105	2.66e-64	183
1446.105	888.105	59.223	103	42	0	1	103	1	103	2.82e-39	120
1446.105	253.102	55.814	86	38	0	18	103	15	100	8.38e-37	114
1446.105	339.102	55.814	86	38	0	18	103	15	100	8.38e-37	114
1446.105	385.105	53.333	105	49	0	1	105	1	105	1.49e-35	110
1446.105	583.105	53.333	105	49	0	1	105	1	105	5.65e-31	99.4
1446.105	1713.106	36.145	83	53	0	18	100	17	99	1.39e-20	73.2
1446.105	757.97	36.145	83	46	1	18	100	16	91	1.26e-16	62.8
1446.105	542.97	30.488	82	50	1	19	100	17	91	6.89e-12	50.4
1446.105	1671.103	34.568	81	52	1	19	99	18	97	1.91e-11	49.7
102.104	102.104	100.000	104	0	0	1	104	1	104	6.90e-44	132
252.104	252.104	100.000	104	0	0	1	104	1	104	4.09e-48	142
252.104	340.104	100.000	104	0	0	1	104	1	104	4.09e-48	142
252.104	887.101	66.346	104	32	1	1	104	1	101	6.24e-28	91.7
252.104	386.109	71.951	82	23	0	1	82	1	82	8.08e-21	73.6
252.104	584.96	55.789	95	42	0	1	95	1	95	9.72e-18	65.5
252.104	1445.101	55.769	104	43	1	1	104	1	101	1.93e-17	64.7
340.104	252.104	100.000	104	0	0	1	104	1	104	4.09e-48	142
340.104	340.104	100.000	104	0	0	1	104	1	104	4.09e-48	142
340.104	887.101	66.346	104	32	1	1	104	1	101	6.24e-28	91.7
340.104	386.109	71.951	82	23	0	1	82	1	82	8.08e-21	73.6
340.104	584.96	55.789	95	42	0	1	95	1	95	9.72e-18	65.5
340.104	1445.101	55.769	104	43	1	1	104	1	101	1.93e-17	64.7
993.104	993.104	100.000	104	0	0	1	104	1	104	6.07e-65	185
1619.104	1619.104	100.000	104	0	0	1	104	1	104	7.98e-60	172
149.103	149.103	100.000	103	0	0	1	103	1	103	3.34e-72	203
211.103	211.103	100.000	103	0	0	1	103	1	103	3.65e-48	142
523.103	523.103	100.000	103	0	0	1	103	1	103	1.02e-71	202
523.103	502.102	72.727	99	27	0	1	99	1	99	1.15e-51	151
523.103	773.102	69.000	100	31	0	1	100	1	100	4.21e-45	135
523.103	1431.105	54.839	93	42	0	8	100	11	103	2.30e-29	95.1
523.103	597.92	39.080	87	46	2	14	100	11	90	2.96e-14	56.6
543.103	543.103	100.000	103	0	0	1	103	1	103	1.94e-74	209
543.103	756.96	66.234	77	26	0	19	95	11	87	6.83e-35	108
543.103	1672.94	30.769	78	54	0	24	101	8	85	4.08e-10	45.8
543.103	384.86	38.333	60	35	1	23	82	9	66	4.44e-08	40.4
543.103	1141.91	28.395	81	56	1	21	101	4	82	8.23e-08	39.7
606.103	606.103	100.000	103	0	0	1	103	1	103	3.86e-75	211
751.103	751.103	100.000	103	0	0	1	103	1	103	4.84e-60	172
1018.103	1018.103	100.000	103	0	0	1	103	1	103	4.74e-59	170
1018.103	1096.95	41.573	89	45	3	8	92	7	92	1.66e-07	38.9
1020.103	1020.103	100.000	91	0	0	1	91	1	91	6.26e-63	180
1020.103	612.87	35.135	74	46	2	2	74	5	77	1.62e-07	38.9
1190.103	1190.103	100.000	103	0	0	1	103	1	103	9.21e-62	177
1218.103	1218.103	100.000	103	0	0	1	103	1	103	1.51e-62	179
1218.103	1671.103	38.356	73	44	1	27	98	26	98	8.78e-13	52.8
1218.103	542.97	32.609	92	56	2	7	98	5	90	4.50e-09	43.1
1218.103	1713.106	31.169	77	50	2	24	98	23	98	1.60e-08	42.0
1218.103	1142.106	31.746	63	43	0	36	98	38	100	3.36e-08	41.2
1530.103	1530.103	100.000	103	0	0	1	103	1	103	1.19e-57	166
1530.103	479.99	61.165	103	36	1	1	103	1	99	1.05e-32	103
1530.103	437.99	49.515	103	48	1	1	103	1	99	4.16e-25	84.3
1530.103	1267.99	49.515	103	48	1	1	103	1	99	4.16e-25	84.3
1530.103	65.97	50.562	89	38	1	15	103	15	97	1.12e-23	80.5
1530.103	27.97	49.438	89	39	1	15	103	15	97	1.59e-23	80.1
1530.103	1489.99	55.340	103	42	1	1	103	1	99	1.92e-21	75.1
1671.103	1671.103	100.000	78	0	0	26	103	26	103	4.65e-40	122
1671.103	1142.106	54.545	77	35	0	27	103	30	106	4.79e-20	71.6
1671.103	1218.103	44.681	47	25	1	52	98	53	98	1.73e-07	39.3
1680.103	1680.103	100.000	103	0	0	1	103	1	103	3.25e-56	163
253.102	253.102	100.000	87	0	0	16	102	16	102	3.81e-61	175
253.102	339.102	100.000	87	0	0	16	102	16	102	3.81e-61	175
253.102	385.105	73.810	84	22	0	19	102	22	105	6.16e-45	134
253.102	888.105	67.816	87	28	0	16	102	19	105	1.27e-43	131
253.102	1446.105	56.471	85	37	0	16	100	19	103	3.23e-36	112
253.102	583.105	57.317	82	35	0	19	100	22	103	1.88e-32	103
253.102	1713.106	37.805	82	51	0	16	97	18	99	1.36e-19	70.5
253.102	757.97	36.047	86	48	1	16	101	17	95	2.94e-19	69.3
253.102	542.97	30.233	86	53	1	16	101	17	95	2.48e-14	56.6
253.102	1671.103	32.099	81	54	1	16	96	18	97	3.41e-10	46.2
281.102	281.102	100.000	102	0	0	1	102	1	102	4.58e-57	165
339.102	253.102	100.000	87	0	0	16	102	16	102	3.81e-61	175
339.102	339.102	100.000	87	0	0	16	102	16	102	3.81e-61	175
339.102	385.105	73.810	84	22	0	19	102	22	105	6.16e-45	134
339.102	888.105	67.816	87	28	0	16	102	19	105	1.27e-43	131
339.102	1446.105	56.471	85	37	0	16	100	19	103	3.23e-36	112
339.102	583.105	57.317	82	35	0	19	100	22	103	1.88e-32	103
339.102	1713.106	37.805	82	51	0	16	97	18	99	1.36e-19	70.5
339.102	757.97	36.047	86	48	1	16	101	17	95	2.94e-19	69.3
339.102	542.97	30.233	86	53	1	16	101	17	95	2.48e-14	56.6
339.102	1671.103	32.099	81	54	1	16	96	18	97	3.41e-10	46.2
502.102	502.102	100.000	102	0	0	1	102	1	102	2.70e-71	201
502.102	523.103	72.727	99	27	0	1	99	1	99	1.14e-51	151
502.102	773.102	67.647	102	33	0	1	102	1	102	7.16e-45	134
502.102	1431.105	55.670	97	43	0	6	102	9	105	1.24e-32	103
502.102	597.92	39.175	97	51	4	3	99	1	89	2.53e-15	59.3
638.102	638.102	100.000	102	0	0	1	102	1	102	6.29e-57	164
669.102	669.102	100.000	102	0	0	1	102	1	102	8.02e-56	162
669.102	1400.106	54.167	72	33	0	25	96	28	99	1.07e-20	73.2
669.102	207.106	48.000	75	39	0	25	99	28	102	9.27e-20	70.9
669.102	1303.106	51.471	68	33	0	25	92	28	95	6.61e-18	66.2
669.102	1352.106	51.471	68	33	0	25	92	28	95	6.61e-18	66.2
669.102	1767.72	38.182	55	34	0	32	86	1	55	1.69e-08	41.2
669.102	616.106	38.596	57	31	1	46	102	54	106	2.91e-08	41.2
669.102	933.84	35.135	74	44	1	29	102	15	84	4.11e-08	40.4
669.102	1058.84	35.135	74	44	1	29	102	15	84	4.11e-08	40.4
773.102	773.102	100.000	102	0	0	1	102	1	102	1.75e-70	199
773.102	523.103	69.000	100	31	0	1	100	1	100	4.17e-45	135
773.102	502.102	67.647	102	33	0	1	102	1	102	7.16e-45	134
773.102	1431.105	58.763	97	40	0	6	102	9	105	6.89e-34	106
773.102	597.92	44.186	86	41	2	15	100	12	90	2.48e-15	59.3
870.102	870.102	100.000	102	0	0	1	102	1	102	5.65e-74	207
870.102	1094.100	38.298	94	55	1	4	97	6	96	4.79e-18	66.2
983.102	983.102	100.000	82	0	0	1	82	1	82	2.71e-55	160
983.102	616.106	45.122	82	45	0	1	82	1	82	5.84e-17	63.5
983.102	933.84	46.875	64	34	0	19	82	1	64	4.40e-14	55.8
983.102	1058.84	46.875	64	34	0	19	82	1	64	4.40e-14	55.8
983.102	1767.72	42.222	45	26	0	38	82	3	47	1.20e-07	38.9
983.102	1621.102	39.683	63	34	1	17	79	15	73	5.22e-07	37.7
1108.102	1108.102	100.000	102	0	0	1	102	1	102	4.28e-46	137
1128.102	1128.102	100.000	102	0	0	1	102	1	102	1.04e-72	204
1621.102	1621.102	100.000	102	0	0	1	102	1	102	6.24e-55	159
1621.102	1570.126	48.889	45	23	0	42	86	49	93	7.48e-11	48.5
1621.102	1303.106	35.000	80	52	0	4	83	9	88	9.81e-08	39.7
1621.102	1352.106	35.000	80	52	0	4	83	9	88	9.81e-08	39.7
1647.102	1647.102	100.000	102	0	0	1	102	1	102	1.46e-71	201
1647.102	122.85	33.333	78	40	2	2	71	9	82	6.51e-07	37.4
565.101	565.101	100.000	101	0	0	1	101	1	101	4.45e-74	207
887.101	887.101	100.000	101	0	0	1	101	1	101	8.21e-43	129
887.101	252.104	66.346	104	32	1	1	101	1	104	2.74e-25	84.7
887.101	340.104	66.346	104	32	1	1	101	1	104	2.74e-25	84.7
887.101	386.109	71.591	88	24	1	1	88	1	87	9.85e-21	73.2
887.101	1445.101	57.426	101	43	0	1	101	1	101	2.02e-20	72.4
887.101	584.96	52.475	101	43	2	1	101	1	96	5.23e-14	55.8
1445.101	1445.101	100.000	101	0	0	1	101	1	101	7.44e-44	131
1445.101	887.101	57.426	101	43	0	1	101	1	101	2.51e-22	77.0
1445.101	584.96	63.366	101	32	1	1	101	1	96	9.24e-19	67.8
1445.101	252.104	55.769	104	43	1	1	101	1	104	7.63e-18	65.9
1445.101	340.104	55.769	104	43	1	1	101	1	104	7.63e-18	65.9
1445.101	386.109	56.818	88	37	1	1	88	1	87	1.06e-13	55.5
775.100	775.100	100.000	100	0	0	1	100	1	100	2.16e-74	208
781.100	781.100	100.000	100	0	0	1	100	1	100	6.12e-75	210
781.100	406.99	35.484	93	58	2	7	99	6	96	8.44e-15	57.8
781.100	1152.93	36.471	85	50	2	18	98	8	92	6.12e-14	55.5
781.100	4.83	36.000	75	46	2	21	95	4	76	3.18e-11	48.1
781.100	42.99	28.261	92	60	2	12	97	1	92	9.05e-09	42.4
781.100	707.95	30.108	93	60	3	11	98	2	94	2.38e-08	41.2
1094.100	1094.100	100.000	100	0	0	1	100	1	100	1.51e-74	209
1094.100	870.102	38.298	94	55	1	6	96	4	97	4.70e-18	66.2
1764.100	1764.100	100.000	100	0	0	1	100	1	100	5.86e-68	192
1764.100	930.94	33.333	90	58	1	1	90	1	88	3.50e-08	40.8
1764.100	1061.94	33.333	90	58	1	1	90	1	88	3.50e-08	40.8
1764.100	298.94	30.000	90	61	1	1	90	1	88	4.81e-07	37.7
42.99	42.99	100.000	99	0	0	1	99	1	99	2.49e-69	196
42.99	510.88	88.235	85	10	0	8	92	1	85	2.65e-50	147
42.99	646.89	47.312	93	41	3	8	97	1	88	6.17e-22	75.9
42.99	1152.93	41.667	96	47	3	1	92	1	91	8.84e-16	60.1
42.99	1098.98	32.258	93	55	2	2	91	3	90	1.46e-13	54.7
42.99	600.94	34.884	86	51	1	2	87	3	83	6.40e-13	52.8
42.99	4.83	38.372	86	45	3	11	96	5	82	1.03e-10	47.0
42.99	707.95	35.556	90	50	2	6	92	9	93	2.52e-10	46.2
42.99	781.100	28.261	92	60	2	1	92	12	97	8.96e-09	42.4
42.99	406.99	33.684	95	55	3	1	95	11	97	5.41e-08	40.4
