174.158	174.158	100.000	158	0	0	1	158	1	158	5.63e-94	263
84.156	84.156	100.000	156	0	0	1	156	1	156	2.16e-84	239
921.154	921.154	100.000	154	0	0	1	154	1	154	2.26e-119	327
1779.154	1779.154	100.000	154	0	0	1	154	1	154	5.30e-116	318
1375.153	1375.153	100.000	153	0	0	1	153	1	153	2.95e-114	314
24.152	24.152	100.000	152	0	0	1	152	1	152	3.62e-106	293
24.152	62.152	96.711	152	5	0	1	152	1	152	6.51e-103	285
24.152	1486.149	64.706	153	49	2	1	152	1	149	3.43e-57	169
24.152	1533.151	56.494	154	62	2	1	152	1	151	5.51e-56	166
24.152	482.150	52.288	153	69	2	1	152	1	150	4.66e-51	154
24.152	434.147	48.052	154	71	3	1	152	1	147	2.11e-40	127
24.152	1264.147	48.052	154	71	3	1	152	1	147	2.11e-40	127
24.152	615.178	31.169	154	99	4	2	151	26	176	8.99e-18	70.1
24.152	157.132	39.796	98	59	0	35	132	16	113	6.58e-16	63.9
24.152	1768.184	31.469	143	91	4	14	151	42	182	2.47e-15	63.5
24.152	982.177	31.788	151	96	3	4	151	29	175	4.33e-15	62.8
24.152	808.121	33.058	121	74	1	20	140	6	119	1.86e-13	57.4
24.152	951.121	34.653	101	66	0	35	135	14	114	5.80e-13	55.8
24.152	1031.141	33.607	122	73	2	36	151	20	139	2.00e-12	55.1
24.152	836.121	34.653	101	66	0	35	135	14	114	2.64e-12	54.3
24.152	112.146	36.538	104	63	2	36	138	33	134	3.34e-11	52.0
24.152	934.182	28.571	140	97	2	15	151	41	180	1.94e-09	47.8
24.152	1057.182	28.571	140	97	2	15	151	41	180	1.94e-09	47.8
24.152	294.182	27.517	149	105	2	6	151	32	180	2.47e-09	47.4
24.152	1171.135	25.758	132	81	6	28	151	11	133	8.03e-07	39.7
62.152	62.152	100.000	152	0	0	1	152	1	152	4.54e-93	260
62.152	24.152	96.711	152	5	0	1	152	1	152	7.13e-91	255
62.152	1486.149	70.732	123	35	1	31	152	27	149	1.66e-56	168
62.152	1533.151	56.494	154	62	2	1	152	1	151	2.52e-51	155
62.152	482.150	52.288	153	69	2	1	152	1	150	9.33e-45	138
62.152	434.147	51.128	133	60	2	22	152	18	147	1.68e-38	122
62.152	1264.147	51.128	133	60	2	22	152	18	147	1.68e-38	122
62.152	615.178	32.836	134	86	3	22	151	43	176	2.58e-17	68.6
62.152	808.121	34.906	106	69	0	35	140	14	119	1.23e-14	60.5
62.152	157.132	37.755	98	61	0	35	132	16	113	1.36e-14	60.5
62.152	982.177	30.827	133	89	2	22	151	43	175	3.99e-14	60.5
62.152	1768.184	31.111	135	86	4	22	151	50	182	1.01e-13	59.3
62.152	951.121	34.653	101	66	0	35	135	14	114	1.21e-12	55.1
62.152	836.121	34.653	101	66	0	35	135	14	114	5.18e-12	53.5
62.152	112.146	36.111	108	66	2	36	142	33	138	3.62e-11	51.6
62.152	1031.141	32.787	122	74	2	36	151	20	139	4.01e-11	51.6
62.152	934.182	30.252	119	80	2	36	151	62	180	2.67e-09	47.4
62.152	1057.182	30.252	119	80	2	36	151	62	180	2.67e-09	47.4
62.152	294.182	29.412	119	81	2	36	151	62	180	3.95e-09	47.0
139.152	139.152	100.000	152	0	0	1	152	1	152	4.20e-94	263
596.152	596.152	100.000	152	0	0	1	152	1	152	2.02e-102	284
596.152	1087.165	40.385	104	57	2	22	125	30	128	3.81e-20	75.9
728.152	728.152	100.000	152	0	0	1	152	1	152	2.86e-109	301
903.151	903.151	100.000	151	0	0	1	151	1	151	2.18e-108	299
1370.151	1370.151	100.000	151	0	0	1	151	1	151	1.57e-107	297
1370.151	1639.151	89.404	151	16	0	1	151	1	151	2.40e-96	268
1370.151	183.148	89.116	147	16	0	1	147	1	147	3.45e-94	263
1370.151	1557.143	41.667	120	67	2	3	121	4	121	5.45e-20	74.7
1533.151	1533.151	100.000	151	0	0	1	151	1	151	2.22e-96	269
1533.151	482.150	60.265	151	59	1	1	151	1	150	3.55e-53	159
1533.151	434.147	65.035	143	50	0	9	151	5	147	6.50e-53	159
1533.151	1264.147	65.035	143	50	0	9	151	5	147	6.50e-53	159
1533.151	24.152	56.494	154	62	2	1	151	1	152	2.99e-50	152
1533.151	62.152	56.494	154	62	2	1	151	1	152	5.89e-50	151
1533.151	1486.149	58.710	155	54	4	1	151	1	149	7.56e-44	135
1533.151	982.177	39.474	152	88	1	3	150	24	175	4.51e-22	81.3
1533.151	615.178	35.938	128	82	0	9	136	31	158	1.00e-17	69.7
1533.151	1768.184	37.931	116	66	2	40	150	68	182	4.36e-15	62.8
1533.151	294.182	31.915	141	88	2	18	150	40	180	8.62e-14	59.3
1533.151	934.182	32.520	123	79	1	32	150	58	180	1.97e-13	58.5
1533.151	1057.182	32.520	123	79	1	32	150	58	180	1.97e-13	58.5
1533.151	951.121	32.710	107	70	1	28	134	7	111	7.64e-11	50.4
1533.151	157.132	35.238	105	66	1	30	134	11	113	8.80e-11	50.4
1533.151	836.121	31.776	107	71	1	28	134	7	111	5.47e-10	48.1
1533.151	808.121	32.710	107	70	1	28	134	7	111	1.20e-09	47.4
1533.151	1031.141	33.065	124	70	3	36	150	20	139	1.58e-08	44.7
1639.151	1639.151	100.000	151	0	0	1	151	1	151	2.90e-108	299
1639.151	1370.151	89.404	151	16	0	1	151	1	151	2.40e-96	268
1639.151	183.148	91.096	146	13	0	1	146	1	146	7.74e-96	267
1639.151	1557.143	43.333	120	65	2	3	121	4	121	3.23e-22	80.5
74.150	74.150	100.000	150	0	0	1	150	1	150	5.54e-113	310
74.150	1519.150	73.333	150	40	0	1	150	1	150	8.29e-83	234
1233.150	1233.150	100.000	150	0	0	1	150	1	150	1.77e-94	264
1519.150	1519.150	100.000	150	0	0	1	150	1	150	1.29e-111	307
1519.150	74.150	73.333	150	40	0	1	150	1	150	8.29e-83	234
1081.149	1081.149	100.000	149	0	0	1	149	1	149	1.89e-109	301
183.148	183.148	100.000	148	0	0	1	148	1	148	2.83e-106	293
183.148	1639.151	91.096	146	13	0	1	146	1	146	7.59e-96	267
183.148	1370.151	89.116	147	16	0	1	147	1	147	3.38e-94	263
183.148	1557.143	42.500	120	66	2	3	121	4	121	2.08e-21	78.6
311.148	311.148	100.000	148	0	0	1	148	1	148	5.30e-91	255
464.148	464.148	100.000	148	0	0	1	148	1	148	9.88e-111	305
1215.148	1215.148	100.000	148	0	0	1	148	1	148	1.39e-105	291
1215.148	1145.143	50.442	113	54	1	20	132	21	131	1.77e-35	114
1215.148	1668.143	44.715	123	68	0	4	126	5	127	1.15e-34	112
1215.148	1718.135	43.103	116	66	0	11	126	5	120	1.22e-29	99.4
1215.148	537.133	38.636	132	75	2	11	142	7	132	3.82e-25	87.8
1215.148	762.133	38.655	119	70	1	11	129	7	122	8.81e-23	81.6
1215.148	885.117	37.000	100	60	1	30	129	8	104	1.26e-17	67.8
1215.148	586.117	37.391	115	64	3	30	144	8	114	1.41e-16	65.1
1215.148	1031.141	36.066	61	39	0	57	117	59	119	4.33e-09	45.8
1229.148	1229.148	100.000	148	0	0	1	148	1	148	2.18e-110	304
1229.148	1227.145	34.694	147	90	1	1	147	1	141	3.05e-26	90.9
273.147	273.147	100.000	147	0	0	1	147	1	147	5.58e-78	222
273.147	319.137	99.270	137	1	0	11	147	1	137	4.36e-70	201
434.147	434.147	100.000	147	0	0	1	147	1	147	3.12e-85	240
434.147	1264.147	100.000	147	0	0	1	147	1	147	3.12e-85	240
434.147	1533.151	62.914	151	52	1	1	147	1	151	1.20e-53	160
434.147	482.150	59.310	145	58	1	3	147	7	150	2.11e-48	147
434.147	62.152	50.000	146	68	2	5	147	9	152	4.71e-36	116
434.147	24.152	48.052	154	71	3	1	147	1	152	1.81e-35	114
434.147	1486.149	55.629	151	61	3	1	147	1	149	1.48e-33	109
434.147	982.177	36.054	147	90	1	4	146	29	175	7.23e-17	67.4
434.147	615.178	42.857	112	64	0	22	133	48	159	7.69e-17	67.4
434.147	1768.184	31.429	140	92	1	11	146	43	182	9.88e-12	53.9
434.147	294.182	34.146	123	77	1	28	146	58	180	1.95e-11	53.1
434.147	934.182	34.959	123	76	1	28	146	58	180	2.03e-11	52.8
434.147	1057.182	34.959	123	76	1	28	146	58	180	2.03e-11	52.8
434.147	157.132	32.743	113	71	2	18	130	6	113	7.46e-07	39.7
665.147	665.147	100.000	147	0	0	1	147	1	147	1.88e-88	248
665.147	1441.138	40.909	110	59	2	22	129	9	114	6.16e-21	77.0
665.147	1535.130	39.252	107	59	2	23	128	10	111	2.67e-18	70.1
665.147	431.127	39.785	93	52	1	36	128	20	108	1.29e-16	65.5
665.147	1261.127	39.785	93	52	1	36	128	20	108	1.29e-16	65.5
665.147	1482.136	39.130	115	58	3	22	128	7	117	4.86e-16	64.3
1264.147	434.147	100.000	147	0	0	1	147	1	147	3.12e-85	240
1264.147	1264.147	100.000	147	0	0	1	147	1	147	3.12e-85	240
1264.147	1533.151	62.914	151	52	1	1	147	1	151	1.20e-53	160
1264.147	482.150	59.310	145	58	1	3	147	7	150	2.11e-48	147
1264.147	62.152	50.000	146	68	2	5	147	9	152	4.71e-36	116
1264.147	24.152	48.052	154	71	3	1	147	1	152	1.81e-35	114
1264.147	1486.149	55.629	151	61	3	1	147	1	149	1.48e-33	109
1264.147	982.177	36.054	147	90	1	4	146	29	175	7.23e-17	67.4
1264.147	615.178	42.857	112	64	0	22	133	48	159	7.69e-17	67.4
1264.147	1768.184	31.429	140	92	1	11	146	43	182	9.88e-12	53.9
1264.147	294.182	34.146	123	77	1	28	146	58	180	1.95e-11	53.1
1264.147	934.182	34.959	123	76	1	28	146	58	180	2.03e-11	52.8
1264.147	1057.182	34.959	123	76	1	28	146	58	180	2.03e-11	52.8
1264.147	157.132	32.743	113	71	2	18	130	6	113	7.46e-07	39.7
112.146	112.146	100.000	146	0	0	1	146	1	146	3.02e-88	248
112.146	157.132	39.850	133	72	4	19	146	3	132	4.82e-14	58.9
112.146	808.121	38.235	102	60	2	27	126	9	109	4.18e-09	45.4
112.146	951.121	38.835	103	60	2	26	126	8	109	1.11e-08	44.7
112.146	836.121	37.864	103	61	2	26	126	8	109	5.08e-08	42.7
645.146	645.146	100.000	146	0	0	1	146	1	146	7.26e-108	297
645.146	782.146	32.812	128	76	6	17	138	15	138	3.73e-15	62.0
645.146	601.103	39.744	78	44	3	70	146	28	103	7.60e-10	47.4
645.146	511.176	30.345	145	78	8	17	146	40	176	5.42e-09	46.2
1135.146	1135.146	100.000	146	0	0	1	146	1	146	3.07e-93	260
1388.146	1388.146	100.000	146	0	0	1	146	1	146	2.99e-87	245
1227.145	1227.145	100.000	145	0	0	1	145	1	145	9.75e-92	256
1227.145	1229.148	33.333	138	92	0	1	138	1	138	8.17e-19	71.6
1381.145	1381.145	100.000	145	0	0	1	145	1	145	3.11e-105	290
1145.143	1145.143	100.000	143	0	0	1	143	1	143	2.57e-103	285
1145.143	1668.143	68.033	122	38	1	21	141	21	142	3.36e-51	154
1145.143	1215.148	50.442	113	54	1	21	131	20	132	1.71e-35	114
1145.143	537.133	43.262	141	69	4	1	139	1	132	1.07e-32	106
1145.143	762.133	42.553	141	70	4	1	139	1	132	5.84e-30	99.8
1145.143	1718.135	46.729	107	57	0	9	115	2	108	1.83e-29	98.6
1145.143	885.117	41.176	119	60	2	26	140	3	115	1.21e-23	83.2
1145.143	586.117	42.500	120	59	3	26	141	3	116	2.31e-23	82.4
1145.143	1031.141	40.000	50	30	0	57	106	58	107	4.37e-07	40.4
1329.143	1329.143	100.000	143	0	0	1	143	1	143	2.70e-88	248
1329.143	1419.135	69.930	143	35	2	1	143	1	135	5.40e-62	181
1390.143	1390.143	100.000	143	0	0	1	143	1	143	6.08e-88	247
1557.143	1557.143	100.000	143	0	0	1	143	1	143	1.23e-100	279
1557.143	1639.151	43.333	120	65	2	4	121	3	121	3.06e-22	80.5
1557.143	183.148	42.500	120	66	2	4	121	3	121	2.01e-21	78.6
1557.143	1370.151	41.667	120	67	2	4	121	3	121	5.16e-20	74.7
1668.143	1668.143	100.000	143	0	0	1	143	1	143	4.50e-79	224
1668.143	1145.143	68.033	122	38	1	21	142	21	141	4.49e-40	125
1668.143	1215.148	46.154	117	63	0	5	121	4	120	5.94e-25	87.4
1668.143	762.133	43.269	104	59	0	16	119	11	114	9.21e-18	68.6
1668.143	537.133	41.509	106	62	0	12	117	7	112	6.79e-16	63.5
1668.143	1718.135	41.667	108	63	0	12	119	5	112	1.56e-15	62.8
1668.143	885.117	44.048	84	47	0	26	109	3	86	5.48e-11	50.4
1668.143	586.117	36.957	92	58	0	26	117	3	94	3.80e-08	42.7
1732.143	1732.143	100.000	143	0	0	1	143	1	143	5.19e-103	285
448.141	448.141	100.000	141	0	0	1	141	1	141	8.72e-103	284
448.141	1278.141	100.000	141	0	0	1	141	1	141	8.72e-103	284
448.141	1458.141	78.723	141	30	0	1	141	1	141	4.38e-81	229
1031.141	1031.141	100.000	141	0	0	1	141	1	141	9.01e-84	236
1031.141	157.132	38.393	112	63	2	30	141	27	132	3.92e-18	69.3
1031.141	586.117	38.144	97	53	2	31	127	10	99	1.71e-14	59.7
1031.141	1718.135	38.961	77	47	0	45	121	37	113	4.85e-13	56.2
1031.141	885.117	34.091	88	50	2	36	123	15	94	8.36e-12	52.4
1031.141	934.182	31.707	82	54	1	35	114	77	158	1.14e-11	53.5
1031.141	1057.182	31.707	82	54	1	35	114	77	158	1.14e-11	53.5
1031.141	294.182	31.707	82	54	1	35	114	77	158	1.30e-11	53.1
1031.141	537.133	34.483	87	54	1	30	116	27	110	2.30e-11	51.6
1031.141	762.133	36.486	74	47	0	44	117	38	111	4.60e-11	50.8
1031.141	24.152	32.432	111	67	2	31	139	47	151	1.38e-09	47.4
1031.141	1215.148	36.066	61	39	0	59	119	57	117	5.44e-09	45.8
1031.141	112.146	34.848	66	42	1	56	120	67	132	1.11e-08	44.7
1031.141	1486.149	29.348	92	65	0	33	124	45	136	1.18e-08	44.7
1031.141	62.152	32.110	109	66	2	33	139	49	151	1.22e-08	44.7
1031.141	982.177	31.034	87	52	3	35	116	72	155	2.07e-08	44.7
1031.141	1533.151	30.973	113	65	3	31	139	47	150	1.15e-07	42.0
1031.141	482.150	29.091	110	70	3	31	139	47	149	2.28e-07	41.2
1031.141	1145.143	35.593	59	38	0	58	116	57	115	8.30e-07	39.7
1278.141	448.141	100.000	141	0	0	1	141	1	141	8.72e-103	284
1278.141	1278.141	100.000	141	0	0	1	141	1	141	8.72e-103	284
1278.141	1458.141	78.723	141	30	0	1	141	1	141	4.38e-81	229
1458.141	1458.141	100.000	141	0	0	1	141	1	141	4.05e-103	285
1458.141	448.141	78.723	141	30	0	1	141	1	141	4.38e-81	229
1458.141	1278.141	78.723	141	30	0	1	141	1	141	4.38e-81	229
1606.141	1606.141	100.000	141	0	0	1	141	1	141	2.71e-105	290
1747.141	1747.141	100.000	141	0	0	1	141	1	141	5.86e-104	287
1747.141	1112.140	44.444	72	36	1	17	88	67	134	4.06e-18	69.7
454.140	454.140	100.000	140	0	0	1	140	1	140	7.69e-80	226
454.140	1284.140	100.000	140	0	0	1	140	1	140	7.69e-80	226
1112.140	1112.140	100.000	140	0	0	1	140	1	140	5.86e-105	290
1112.140	1747.141	44.444	72	36	1	67	134	17	88	4.03e-18	69.7
1284.140	454.140	100.000	140	0	0	1	140	1	140	7.69e-80	226
1284.140	1284.140	100.000	140	0	0	1	140	1	140	7.69e-80	226
1640.140	1640.140	100.000	140	0	0	1	140	1	140	3.49e-101	280
1740.140	1740.140	100.000	140	0	0	1	140	1	140	3.57e-89	249
1740.140	1739.123	34.615	78	51	0	38	115	23	100	5.27e-11	50.4
1740.140	901.131	38.462	78	47	1	33	110	23	99	3.43e-09	45.8
