1765.93	1765.93	100.000	93	0	0	1	93	1	93	2.93e-35	108
160.92	160.92	100.000	92	0	0	1	92	1	92	2.50e-60	172
621.92	621.92	100.000	92	0	0	1	92	1	92	2.84e-65	184
621.92	987.89	46.774	62	32	1	7	68	6	66	2.31e-11	48.1
621.92	299.67	48.333	60	26	2	11	70	12	66	2.96e-11	47.4
621.92	1529.72	36.207	58	36	1	1	58	1	57	1.21e-08	40.8
621.92	929.67	43.333	60	29	2	11	70	12	66	1.35e-08	40.4
621.92	1062.67	43.333	60	29	2	11	70	12	66	1.35e-08	40.4
621.92	66.72	36.207	58	36	1	1	58	1	57	1.69e-08	40.4
621.92	1490.72	37.500	56	34	1	1	56	1	55	2.09e-08	40.0
621.92	33.72	42.500	40	23	0	19	58	18	57	2.99e-08	39.7
621.92	478.72	37.931	58	35	1	1	58	1	57	3.32e-08	39.7
621.92	438.72	40.476	42	25	0	19	60	18	59	7.05e-08	38.9
621.92	1268.72	40.476	42	25	0	19	60	18	59	7.05e-08	38.9
621.92	673.81	50.000	42	20	1	15	56	12	52	4.93e-07	36.6
699.92	699.92	100.000	92	0	0	1	92	1	92	9.30e-68	191
784.92	784.92	100.000	92	0	0	1	92	1	92	4.64e-50	146
784.92	1102.79	40.476	42	25	0	18	59	12	53	1.85e-07	37.7
784.92	604.77	48.571	35	18	0	25	59	18	52	2.54e-07	37.4
805.92	805.92	100.000	74	0	0	19	92	19	92	2.17e-37	114
805.92	839.92	95.946	74	3	0	19	92	19	92	1.04e-35	110
805.92	954.92	95.946	74	3	0	19	92	19	92	1.04e-35	110
839.92	839.92	100.000	92	0	0	1	92	1	92	1.36e-36	112
839.92	954.92	100.000	92	0	0	1	92	1	92	1.36e-36	112
839.92	805.92	93.478	92	6	0	1	92	1	92	3.52e-35	108
906.92	906.92	100.000	92	0	0	1	92	1	92	1.26e-66	187
906.92	1507.91	58.140	86	35	1	4	88	2	87	1.72e-32	101
954.92	839.92	100.000	92	0	0	1	92	1	92	1.36e-36	112
954.92	954.92	100.000	92	0	0	1	92	1	92	1.36e-36	112
954.92	805.92	93.478	92	6	0	1	92	1	92	3.52e-35	108
1043.92	1043.92	100.000	92	0	0	1	92	1	92	3.12e-55	159
806.91	806.91	100.000	91	0	0	1	91	1	91	9.52e-37	112
806.91	838.91	90.110	91	9	0	1	91	1	91	4.73e-31	98.2
806.91	953.91	90.110	91	9	0	1	91	1	91	4.73e-31	98.2
821.91	821.91	100.000	91	0	0	1	91	1	91	3.34e-64	181
838.91	838.91	100.000	91	0	0	1	91	1	91	3.36e-35	108
838.91	953.91	100.000	91	0	0	1	91	1	91	3.36e-35	108
838.91	806.91	90.110	91	9	0	1	91	1	91	2.26e-30	96.3
953.91	838.91	100.000	91	0	0	1	91	1	91	3.36e-35	108
953.91	953.91	100.000	91	0	0	1	91	1	91	3.36e-35	108
953.91	806.91	90.110	91	9	0	1	91	1	91	2.26e-30	96.3
970.91	970.91	100.000	91	0	0	1	91	1	91	5.01e-67	189
1002.91	1002.91	100.000	91	0	0	1	91	1	91	1.58e-52	152
1507.91	1507.91	100.000	75	0	0	1	75	1	75	8.25e-43	127
1507.91	906.92	56.757	74	31	1	2	75	4	76	9.29e-18	64.3
1690.91	1690.91	100.000	91	0	0	1	91	1	91	1.03e-62	178
1775.91	1775.91	100.000	91	0	0	1	91	1	91	5.12e-64	181
11.90	11.90	100.000	90	0	0	1	90	1	90	4.94e-63	178
412.90	412.90	100.000	90	0	0	1	90	1	90	1.40e-52	152
412.90	1578.94	34.831	89	57	1	3	90	6	94	2.82e-07	37.7
1028.90	1028.90	100.000	90	0	0	1	90	1	90	3.89e-62	176
1028.90	716.89	39.744	78	46	1	10	86	11	88	2.61e-11	47.8
1028.90	27.97	38.554	83	40	4	13	89	16	93	4.00e-07	37.4
1153.90	1153.90	100.000	90	0	0	1	90	1	90	1.04e-62	177
1464.90	1464.90	100.000	90	0	0	1	90	1	90	1.02e-65	185
115.89	115.89	100.000	89	0	0	1	89	1	89	5.19e-25	82.8
407.89	407.89	100.000	89	0	0	1	89	1	89	2.39e-65	184
646.89	646.89	100.000	89	0	0	1	89	1	89	5.52e-64	181
646.89	1152.93	53.086	81	38	0	1	81	9	89	2.31e-25	83.6
646.89	707.95	50.617	81	40	0	1	81	11	91	6.24e-25	82.8
646.89	1098.98	47.059	85	45	0	1	85	9	93	3.02e-24	80.9
646.89	42.99	47.312	93	41	3	1	88	8	97	3.66e-22	75.9
646.89	510.88	46.512	86	38	3	1	81	1	83	3.62e-19	67.8
646.89	4.83	38.095	84	46	2	4	87	5	82	9.73e-11	46.2
646.89	406.99	36.047	86	49	2	1	86	18	97	2.03e-09	43.1
646.89	600.94	30.380	79	50	2	1	78	9	83	1.04e-07	38.5
664.89	664.89	100.000	89	0	0	1	89	1	89	2.92e-49	144
664.89	1617.89	61.798	89	34	0	1	89	1	89	1.49e-30	96.7
664.89	1575.99	43.902	82	46	0	4	85	9	90	8.82e-15	57.0
716.89	716.89	100.000	89	0	0	1	89	1	89	5.72e-30	95.1
987.89	987.89	100.000	89	0	0	1	89	1	89	2.77e-48	141
987.89	299.67	57.447	47	18	1	1	47	1	45	6.73e-13	51.2
987.89	929.67	57.447	47	18	1	1	47	1	45	1.73e-12	50.4
987.89	1062.67	57.447	47	18	1	1	47	1	45	1.73e-12	50.4
987.89	621.92	51.282	39	18	1	6	43	7	45	1.44e-07	38.1
987.89	200.78	50.000	38	18	1	1	38	1	37	5.65e-07	36.6
1617.89	1617.89	100.000	89	0	0	1	89	1	89	1.16e-50	147
1617.89	664.89	61.798	89	34	0	1	89	1	89	1.69e-28	91.7
1617.89	1575.99	42.308	78	45	0	4	81	9	86	2.00e-10	45.8
1648.89	1648.89	100.000	89	0	0	1	89	1	89	5.87e-62	176
1782.89	1782.89	100.000	89	0	0	1	89	1	89	5.50e-62	176
1782.89	1546.94	39.785	93	49	2	1	86	1	93	8.93e-19	67.0
250.88	250.88	100.000	88	0	0	1	88	1	88	9.77e-62	175
250.88	342.88	100.000	88	0	0	1	88	1	88	9.77e-62	175
342.88	250.88	100.000	88	0	0	1	88	1	88	9.77e-62	175
342.88	342.88	100.000	88	0	0	1	88	1	88	9.77e-62	175
713.88	713.88	100.000	88	0	0	1	88	1	88	1.28e-58	167
811.88	811.88	100.000	88	0	0	1	88	1	88	6.55e-60	171
811.88	833.88	85.227	88	13	0	1	88	1	88	3.28e-49	143
811.88	948.88	85.227	88	13	0	1	88	1	88	3.28e-49	143
811.88	1617.89	29.412	85	59	1	4	87	2	86	5.92e-12	49.3
811.88	1575.99	36.585	82	51	1	2	82	5	86	4.44e-11	47.4
811.88	664.89	24.706	85	63	1	4	87	2	86	8.92e-11	46.6
811.88	612.87	38.983	59	35	1	1	58	1	59	3.53e-07	37.0
833.88	833.88	100.000	88	0	0	1	88	1	88	7.64e-60	170
833.88	948.88	100.000	88	0	0	1	88	1	88	7.64e-60	170
833.88	811.88	85.227	88	13	0	1	88	1	88	3.28e-49	143
833.88	1617.89	29.412	85	59	1	4	87	2	86	3.80e-12	50.1
833.88	664.89	27.059	85	61	1	4	87	2	86	1.55e-11	48.5
833.88	1575.99	34.146	82	53	1	2	82	5	86	2.80e-09	42.7
948.88	833.88	100.000	88	0	0	1	88	1	88	7.64e-60	170
948.88	948.88	100.000	88	0	0	1	88	1	88	7.64e-60	170
948.88	811.88	85.227	88	13	0	1	88	1	88	3.28e-49	143
948.88	1617.89	29.412	85	59	1	4	87	2	86	3.80e-12	50.1
948.88	664.89	27.059	85	61	1	4	87	2	86	1.55e-11	48.5
948.88	1575.99	34.146	82	53	1	2	82	5	86	2.80e-09	42.7
1174.88	1174.88	100.000	88	0	0	1	88	1	88	6.58e-59	168
1174.88	716.89	41.573	89	51	1	1	88	1	89	2.92e-15	57.8
1174.88	672.94	31.765	85	52	2	7	87	10	92	9.69e-10	43.9
1174.88	298.94	33.735	83	50	2	9	86	10	92	8.48e-07	36.2
1180.88	1180.88	100.000	67	0	0	22	88	22	88	5.70e-47	138
519.87	519.87	100.000	87	0	0	1	87	1	87	1.06e-62	177
651.87	651.87	100.000	87	0	0	1	87	1	87	9.78e-60	170
1379.87	1379.87	100.000	87	0	0	1	87	1	87	4.05e-64	181
1418.87	1418.87	100.000	87	0	0	1	87	1	87	2.54e-62	176
1418.87	1331.85	91.667	84	7	0	1	84	1	84	1.02e-56	162
1520.87	1520.87	100.000	87	0	0	1	87	1	87	8.22e-48	140
114.86	114.86	100.000	86	0	0	1	86	1	86	3.13e-33	103
249.86	249.86	100.000	86	0	0	1	86	1	86	3.18e-28	90.5
249.86	343.86	100.000	86	0	0	1	86	1	86	3.18e-28	90.5
249.86	388.85	61.111	36	14	0	1	36	1	36	6.36e-12	49.3
343.86	249.86	100.000	86	0	0	1	86	1	86	3.18e-28	90.5
343.86	343.86	100.000	86	0	0	1	86	1	86	3.18e-28	90.5
343.86	388.85	61.111	36	14	0	1	36	1	36	6.36e-12	49.3
379.86	379.86	100.000	86	0	0	1	86	1	86	3.28e-60	171
379.86	894.81	64.103	78	28	0	9	86	4	81	5.31e-36	110
