179.304	179.304	100.000	304	0	0	1	304	1	304	1.40e-144	404
856.304	856.304	100.000	304	0	0	1	304	1	304	0.0	616
856.304	1722.270	27.985	268	153	10	6	262	4	242	3.00e-19	80.5
856.304	426.248	33.939	165	85	6	90	254	74	214	8.05e-12	58.9
856.304	1256.248	33.939	165	85	6	90	254	74	214	8.05e-12	58.9
680.303	680.303	100.000	303	0	0	1	303	1	303	0.0	629
140.302	140.302	100.000	302	0	0	1	302	1	302	0.0	582
167.302	167.302	100.000	302	0	0	1	302	1	302	0.0	547
317.302	317.302	100.000	302	0	0	1	302	1	302	0.0	616
488.301	488.301	100.000	301	0	0	1	301	1	301	0.0	527
1197.300	1197.300	100.000	300	0	0	1	300	1	300	0.0	550
410.299	410.299	100.000	299	0	0	1	299	1	299	0.0	598
1470.298	1470.298	100.000	298	0	0	1	298	1	298	0.0	612
1595.298	1595.298	100.000	298	0	0	1	298	1	298	0.0	526
1324.296	1324.296	100.000	296	0	0	1	296	1	296	0.0	611
1324.296	1130.270	29.457	258	166	9	12	260	4	254	4.96e-27	101
373.292	373.292	100.000	292	0	0	1	292	1	292	0.0	605
373.292	1456.270	69.084	262	75	2	29	286	5	264	6.83e-133	373
373.292	470.270	67.681	263	79	2	28	286	4	264	7.63e-131	367
373.292	261.270	68.321	262	77	2	29	286	5	264	8.99e-129	362
373.292	331.270	68.321	262	77	2	29	286	5	264	8.99e-129	362
373.292	446.269	68.061	263	77	3	28	286	4	263	3.95e-127	358
373.292	1276.269	68.061	263	77	3	28	286	4	263	3.95e-127	358
373.292	1696.270	50.965	259	114	6	29	280	5	257	1.52e-79	237
373.292	1048.93	51.087	92	45	0	185	276	1	92	1.94e-27	97.8
373.292	745.93	50.562	89	44	0	188	276	3	91	2.29e-26	94.7
373.292	449.98	40.000	95	56	1	188	281	3	97	3.29e-18	73.2
373.292	1279.98	40.000	95	56	1	188	281	3	97	3.29e-18	73.2
373.292	1000.216	38.596	114	61	3	173	277	96	209	1.52e-14	66.2
373.292	325.79	43.662	71	39	1	208	277	6	76	9.53e-12	55.1
1213.291	1213.291	100.000	278	0	0	1	278	1	278	1.67e-164	453
1213.291	1147.254	40.223	179	102	3	80	256	69	244	4.24e-41	138
1213.291	1666.255	39.011	182	102	4	74	253	70	244	3.94e-38	130
1213.291	1720.244	39.344	183	95	5	80	257	66	237	6.16e-36	124
1213.291	536.249	36.464	181	100	5	80	253	70	242	3.19e-31	112
1213.291	764.256	34.426	183	110	5	80	257	73	250	6.18e-24	92.8
1213.291	613.214	29.600	125	66	4	114	232	88	196	2.44e-07	45.1
223.289	223.289	100.000	289	0	0	1	289	1	289	0.0	571
731.289	731.289	100.000	289	0	0	1	289	1	289	9.81e-161	444
1204.288	1204.288	100.000	288	0	0	1	288	1	288	0.0	599
1550.288	1550.288	100.000	288	0	0	1	288	1	288	0.0	518
169.287	169.287	100.000	287	0	0	1	287	1	287	1.13e-180	494
1420.286	1420.286	100.000	286	0	0	1	286	1	286	1.80e-177	486
1420.286	1328.274	80.695	259	49	1	28	286	17	274	1.39e-140	392
515.284	515.284	100.000	284	0	0	1	284	1	284	0.0	518
1249.283	1249.283	100.000	283	0	0	1	283	1	283	0.0	517
1249.283	1097.117	45.455	55	23	2	24	71	47	101	1.67e-08	47.0
1249.283	456.216	46.296	54	20	1	24	68	141	194	3.39e-08	47.8
1249.283	1286.216	46.296	54	20	1	24	68	141	194	3.39e-08	47.8
1249.283	1019.115	42.593	54	25	2	24	71	46	99	4.36e-07	42.7
398.282	398.282	100.000	282	0	0	1	282	1	282	0.0	507
398.282	877.285	62.847	288	90	8	5	280	1	283	1.64e-112	321
398.282	245.271	46.931	277	138	5	5	279	1	270	6.06e-73	220
398.282	347.271	46.931	277	138	5	5	279	1	270	6.06e-73	220
398.282	1540.273	43.158	285	146	8	1	282	2	273	1.93e-64	198
398.282	532.273	45.390	282	139	10	4	280	1	272	2.12e-57	180
398.282	1477.269	44.922	256	125	9	29	280	24	267	2.41e-56	177
398.282	495.263	40.574	244	128	10	46	282	30	263	1.35e-42	142
398.282	58.258	36.404	228	122	9	49	268	33	245	2.83e-26	99.0
398.282	662.288	32.353	272	162	7	2	267	17	272	4.68e-26	99.0
398.282	16.264	32.864	213	129	6	51	259	44	246	4.76e-23	90.5
398.282	767.260	34.802	227	127	9	49	268	35	247	3.44e-22	88.2
398.282	1255.262	34.667	225	128	9	50	268	38	249	1.53e-21	86.3
398.282	1084.253	30.797	276	155	12	6	275	5	250	1.79e-21	85.9
398.282	425.206	34.375	192	115	6	82	268	8	193	3.85e-19	78.6
398.282	590.256	30.075	266	155	10	6	267	4	242	2.82e-18	77.0
398.282	1034.292	29.365	252	141	9	49	281	56	289	4.60e-14	65.9
398.282	1662.275	27.451	255	146	11	38	279	26	254	1.80e-11	57.8
398.282	1406.267	30.112	269	161	11	6	266	4	253	2.28e-11	57.8
398.282	221.271	30.698	215	115	10	61	266	68	257	2.55e-11	57.4
398.282	938.235	29.952	207	112	10	49	253	33	208	7.20e-11	55.8
398.282	1053.235	29.952	207	112	10	49	253	33	208	7.20e-11	55.8
398.282	1296.265	30.698	215	115	10	61	266	62	251	1.92e-10	54.7
398.282	1345.265	30.698	215	115	10	61	266	62	251	1.92e-10	54.7
398.282	609.255	23.744	219	115	8	49	251	36	218	4.53e-09	50.8
398.282	816.261	28.671	143	85	3	50	192	35	160	5.22e-08	47.4
398.282	977.265	26.667	210	125	8	49	248	35	225	9.94e-08	46.6
398.282	1539.355	29.048	210	127	9	61	270	155	342	3.50e-07	45.4
398.282	1209.274	29.932	147	79	6	49	191	43	169	5.36e-07	44.7
277.281	277.281	100.000	281	0	0	1	281	1	281	0.0	583
1614.279	1614.279	100.000	248	0	0	18	265	18	265	0.0	509
1614.279	1438.266	42.683	246	134	2	21	261	8	251	1.64e-62	193
1614.279	609.255	39.336	211	102	7	53	253	29	223	2.16e-36	125
1614.279	828.270	34.043	235	141	4	22	248	6	234	5.77e-34	119
1614.279	1580.268	33.878	245	138	7	26	265	3	228	3.19e-33	117
1614.279	943.271	33.891	239	137	7	22	248	6	235	2.53e-32	115
1614.279	938.235	36.475	244	133	9	25	265	1	225	2.57e-31	111
1614.279	1053.235	36.475	244	133	9	25	265	1	225	2.57e-31	111
1614.279	109.273	31.200	250	153	7	25	265	20	259	6.03e-31	111
1614.279	816.261	36.800	250	136	10	25	265	2	238	3.52e-28	103
1614.279	291.253	34.821	224	131	5	26	244	4	217	1.37e-25	97.1
1614.279	1662.275	33.898	236	141	8	22	250	4	231	2.05e-24	94.4
1614.279	977.265	30.252	238	147	8	27	251	3	234	9.13e-23	89.7
1614.279	153.257	32.821	195	120	4	50	243	43	227	3.00e-21	85.5
1614.279	1255.262	30.380	237	144	6	26	247	5	235	1.01e-20	84.0
1614.279	767.260	31.364	220	124	6	47	247	22	233	2.99e-20	82.8
1614.279	58.258	29.858	211	129	6	49	244	22	228	6.49e-17	73.2
1614.279	710.264	30.112	269	134	11	26	265	5	248	5.72e-16	70.9
1614.279	1209.274	29.902	204	125	7	51	245	34	228	5.81e-16	70.9
1614.279	1084.253	26.446	242	147	8	26	251	5	231	9.58e-16	70.1
1614.279	1168.253	28.755	233	139	10	25	248	6	220	1.78e-15	69.3
1614.279	425.206	31.765	170	98	4	92	247	14	179	8.44e-15	66.6
1614.279	1726.235	31.156	199	112	8	26	218	3	182	1.22e-14	66.6
1614.279	590.256	28.629	248	147	9	26	256	4	238	2.83e-14	65.9
1614.279	495.263	26.840	231	138	9	49	256	22	244	2.52e-11	57.4
1614.279	1478.351	26.887	212	123	9	59	256	138	331	1.76e-10	55.5
1614.279	16.264	24.111	253	152	7	22	249	3	240	3.45e-10	53.9
1614.279	1539.355	26.087	207	131	7	59	256	142	335	1.67e-09	52.4
1614.279	1034.292	27.632	152	90	4	116	256	127	269	7.29e-09	50.1
1614.279	532.273	26.699	206	122	8	60	245	46	242	3.58e-08	48.1
1614.279	1406.267	25.714	210	137	8	63	264	55	253	1.21e-07	46.6
1614.279	1296.265	26.190	210	136	8	63	264	53	251	3.74e-07	45.1
1614.279	1345.265	26.190	210	136	8	63	264	53	251	3.74e-07	45.1
682.278	682.278	100.000	278	0	0	1	278	1	278	0.0	573
226.276	226.276	100.000	276	0	0	1	276	1	276	0.0	570
99.275	99.275	100.000	275	0	0	1	275	1	275	0.0	502
1479.275	1479.275	100.000	275	0	0	1	275	1	275	0.0	503
1479.275	395.255	29.200	250	164	6	27	274	13	251	5.47e-22	87.4
1479.275	1538.253	55.738	61	24	2	1	58	1	61	5.20e-14	65.1
1232.274	1232.274	100.000	274	0	0	1	274	1	274	0.0	560
1328.274	1328.274	100.000	274	0	0	1	274	1	274	0.0	501
1328.274	1420.286	80.460	261	50	1	15	274	26	286	3.93e-132	370
217.273	217.273	100.000	273	0	0	1	273	1	273	1.82e-179	490
89.272	89.272	100.000	272	0	0	1	272	1	272	0.0	533
186.271	186.271	100.000	271	0	0	1	271	1	271	0.0	542
190.270	190.270	100.000	270	0	0	1	270	1	270	0.0	563
190.270	489.97	48.387	62	31	1	16	77	13	73	1.22e-15	65.9
261.270	261.270	100.000	270	0	0	1	270	1	270	0.0	560
261.270	331.270	100.000	270	0	0	1	270	1	270	0.0	560
261.270	470.270	83.704	270	44	0	1	270	1	270	6.88e-176	481
261.270	1456.270	81.111	270	51	0	1	270	1	270	5.23e-172	471
261.270	446.269	80.741	270	51	1	1	270	1	269	4.56e-165	453
261.270	1276.269	80.741	270	51	1	1	270	1	269	4.56e-165	453
261.270	373.292	68.321	262	77	2	5	264	29	286	8.32e-129	362
261.270	1696.270	48.881	268	122	5	1	261	1	260	1.21e-79	236
261.270	1048.93	46.739	92	49	0	163	254	1	92	1.87e-26	94.7
261.270	745.93	44.944	89	49	0	166	254	3	91	2.71e-23	86.3
261.270	449.98	40.659	91	53	1	166	255	3	93	6.75e-18	72.0
261.270	1279.98	40.659	91	53	1	166	255	3	93	6.75e-18	72.0
261.270	1000.216	35.088	114	65	2	151	255	96	209	4.22e-14	64.7
261.270	325.79	42.254	71	40	1	186	255	6	76	6.00e-13	58.2
331.270	261.270	100.000	270	0	0	1	270	1	270	0.0	560
331.270	331.270	100.000	270	0	0	1	270	1	270	0.0	560
331.270	470.270	83.704	270	44	0	1	270	1	270	6.88e-176	481
331.270	1456.270	81.111	270	51	0	1	270	1	270	5.23e-172	471
331.270	446.269	80.741	270	51	1	1	270	1	269	4.56e-165	453
331.270	1276.269	80.741	270	51	1	1	270	1	269	4.56e-165	453
331.270	373.292	68.321	262	77	2	5	264	29	286	8.32e-129	362
331.270	1696.270	48.881	268	122	5	1	261	1	260	1.21e-79	236
331.270	1048.93	46.739	92	49	0	163	254	1	92	1.87e-26	94.7
331.270	745.93	44.944	89	49	0	166	254	3	91	2.71e-23	86.3
331.270	449.98	40.659	91	53	1	166	255	3	93	6.75e-18	72.0
331.270	1279.98	40.659	91	53	1	166	255	3	93	6.75e-18	72.0
331.270	1000.216	35.088	114	65	2	151	255	96	209	4.22e-14	64.7
331.270	325.79	42.254	71	40	1	186	255	6	76	6.00e-13	58.2
470.270	470.270	100.000	270	0	0	1	270	1	270	0.0	562
470.270	261.270	83.704	270	44	0	1	270	1	270	6.88e-176	481
470.270	331.270	83.704	270	44	0	1	270	1	270	6.88e-176	481
470.270	1456.270	81.852	270	49	0	1	270	1	270	6.51e-175	478
470.270	446.269	82.963	270	45	1	1	270	1	269	2.07e-172	472
470.270	1276.269	82.963	270	45	1	1	270	1	269	2.07e-172	472
470.270	373.292	67.681	263	79	2	4	264	28	286	7.05e-131	367
470.270	1696.270	47.328	262	129	5	1	258	1	257	3.48e-75	225
470.270	1048.93	46.739	92	49	0	163	254	1	92	3.35e-26	94.0
470.270	745.93	44.944	89	49	0	166	254	3	91	5.42e-23	85.5
470.270	449.98	42.105	95	54	1	166	259	3	97	9.55e-19	74.3
470.270	1279.98	42.105	95	54	1	166	259	3	97	9.55e-19	74.3
470.270	325.79	47.222	72	37	1	186	256	6	77	1.25e-15	65.5
470.270	1000.216	35.897	117	66	3	151	258	96	212	5.89e-13	61.2
470.270	267.62	44.068	59	32	1	199	256	2	60	1.03e-08	45.8
1130.270	1130.270	100.000	270	0	0	1	270	1	270	0.0	550
1130.270	1324.296	29.457	258	166	9	4	254	12	260	4.52e-27	101
1456.270	1456.270	100.000	270	0	0	1	270	1	270	0.0	562
1456.270	446.269	86.296	270	36	1	1	270	1	269	2.61e-177	484
1456.270	1276.269	86.296	270	36	1	1	270	1	269	2.61e-177	484
1456.270	470.270	81.852	270	49	0	1	270	1	270	6.51e-175	478
1456.270	261.270	81.111	270	51	0	1	270	1	270	5.23e-172	471
1456.270	331.270	81.111	270	51	0	1	270	1	270	5.23e-172	471
1456.270	373.292	69.084	262	75	2	5	264	29	286	6.31e-133	373
1456.270	1696.270	48.092	262	127	5	1	258	1	257	1.47e-78	234
1456.270	1048.93	47.826	92	48	0	163	254	1	92	3.92e-28	99.0
1456.270	745.93	46.067	89	48	0	166	254	3	91	2.85e-23	86.3
1456.270	449.98	42.105	95	54	1	166	259	3	97	3.79e-19	75.5
1456.270	1279.98	42.105	95	54	1	166	259	3	97	3.79e-19	75.5
1456.270	1000.216	36.842	114	63	2	151	255	96	209	1.10e-15	68.9
1456.270	325.79	43.056	72	40	1	186	256	6	77	5.44e-14	60.8
1456.270	267.62	42.373	59	33	1	199	256	2	60	4.60e-08	43.9
1696.270	1696.270	100.000	270	0	0	1	270	1	270	0.0	564
1696.270	261.270	48.881	268	122	5	1	260	1	261	1.21e-79	236
1696.270	331.270	48.881	268	122	5	1	260	1	261	1.21e-79	236
1696.270	373.292	50.965	259	114	6	5	257	29	280	1.41e-79	237
1696.270	1456.270	48.092	262	127	5	1	257	1	258	1.47e-78	234
1696.270	446.269	49.618	262	122	5	1	257	1	257	1.48e-78	234
1696.270	1276.269	49.618	262	122	5	1	257	1	257	1.48e-78	234
1696.270	470.270	47.328	262	129	5	1	257	1	258	3.48e-75	225
1696.270	1048.93	49.438	89	45	0	165	253	4	92	2.67e-25	91.7
1696.270	745.93	44.944	89	49	0	165	253	3	91	1.40e-24	89.7
1696.270	449.98	41.489	94	54	1	165	257	3	96	5.34e-19	75.1
1696.270	1279.98	41.489	94	54	1	165	257	3	96	5.34e-19	75.1
1696.270	1000.216	40.404	99	50	2	165	254	111	209	3.75e-14	64.7
1696.270	325.79	42.254	71	40	1	185	254	6	76	2.32e-12	56.6
1722.270	1722.270	100.000	270	0	0	1	270	1	270	0.0	539
1722.270	426.248	42.781	187	97	4	76	261	70	247	1.68e-28	104
1722.270	1256.248	42.781	187	97	4	76	261	70	247	1.68e-28	104
1722.270	856.304	27.985	268	153	10	4	242	6	262	2.66e-19	80.5
446.269	446.269	100.000	269	0	0	1	269	1	269	0.0	560
446.269	1276.269	100.000	269	0	0	1	269	1	269	0.0	560
446.269	1456.270	86.296	270	36	1	1	269	1	270	2.60e-177	484
446.269	470.270	82.963	270	45	1	1	269	1	270	2.07e-172	472
446.269	261.270	80.741	270	51	1	1	269	1	270	4.54e-165	453
446.269	331.270	80.741	270	51	1	1	269	1	270	4.54e-165	453
446.269	373.292	68.061	263	77	3	4	263	28	286	3.64e-127	358
446.269	1696.270	49.618	262	122	5	1	257	1	257	1.48e-78	234
446.269	1048.93	48.913	92	47	0	162	253	1	92	3.00e-28	99.4
446.269	745.93	44.944	89	49	0	165	253	3	91	3.68e-23	85.9
446.269	449.98	42.105	95	54	1	165	258	3	97	1.68e-19	76.3
446.269	1279.98	42.105	95	54	1	165	258	3	97	1.68e-19	76.3
446.269	1000.216	36.842	114	63	2	150	254	96	209	3.60e-16	70.5
446.269	325.79	43.056	72	40	1	185	255	6	77	1.09e-13	60.1
446.269	267.62	42.373	59	33	1	198	255	2	60	1.13e-07	42.7
1276.269	446.269	100.000	269	0	0	1	269	1	269	0.0	560
1276.269	1276.269	100.000	269	0	0	1	269	1	269	0.0	560
1276.269	1456.270	86.296	270	36	1	1	269	1	270	2.60e-177	484
1276.269	470.270	82.963	270	45	1	1	269	1	270	2.07e-172	472
1276.269	261.270	80.741	270	51	1	1	269	1	270	4.54e-165	453
1276.269	331.270	80.741	270	51	1	1	269	1	270	4.54e-165	453
1276.269	373.292	68.061	263	77	3	4	263	28	286	3.64e-127	358
1276.269	1696.270	49.618	262	122	5	1	257	1	257	1.48e-78	234
1276.269	1048.93	48.913	92	47	0	162	253	1	92	3.00e-28	99.4
1276.269	745.93	44.944	89	49	0	165	253	3	91	3.68e-23	85.9
1276.269	449.98	42.105	95	54	1	165	258	3	97	1.68e-19	76.3
1276.269	1279.98	42.105	95	54	1	165	258	3	97	1.68e-19	76.3
1276.269	1000.216	36.842	114	63	2	150	254	96	209	3.60e-16	70.5
1276.269	325.79	43.056	72	40	1	185	255	6	77	1.09e-13	60.1
1276.269	267.62	42.373	59	33	1	198	255	2	60	1.13e-07	42.7
87.268	87.268	100.000	268	0	0	1	268	1	268	5.64e-179	488
1556.267	1556.267	100.000	267	0	0	1	267	1	267	1.15e-180	492
275.266	275.266	100.000	266	0	0	1	266	1	266	0.0	505
1385.266	1385.266	100.000	266	0	0	1	266	1	266	6.24e-168	460
1609.265	1609.265	100.000	265	0	0	1	265	1	265	0.0	501
1609.265	735.263	26.721	247	177	2	11	254	10	255	5.45e-12	59.3
1609.265	554.261	23.171	246	178	5	13	251	13	254	1.67e-08	48.9
94.264	94.264	100.000	264	0	0	1	264	1	264	0.0	497
