283.99	283.99	100.000	99	0	0	1	99	1	99	4.83e-72	202
413.99	413.99	100.000	99	0	0	1	99	1	99	6.10e-71	199
413.99	1577.95	33.333	60	36	1	6	61	9	68	8.49e-07	36.6
740.99	740.99	100.000	99	0	0	1	99	1	99	1.65e-68	193
913.99	913.99	100.000	99	0	0	1	99	1	99	5.28e-60	171
913.99	914.96	58.228	79	33	0	18	96	15	93	1.57e-29	94.7
913.99	1076.96	58.228	79	33	0	18	96	15	93	1.57e-29	94.7
919.99	919.99	100.000	99	0	0	1	99	1	99	5.28e-68	192
919.99	1071.99	100.000	99	0	0	1	99	1	99	5.28e-68	192
1071.99	919.99	100.000	99	0	0	1	99	1	99	5.28e-68	192
1071.99	1071.99	100.000	99	0	0	1	99	1	99	5.28e-68	192
1115.99	1115.99	100.000	99	0	0	1	99	1	99	1.29e-73	206
1120.99	1120.99	100.000	99	0	0	1	99	1	99	3.23e-71	200
1298.99	1298.99	100.000	99	0	0	1	99	1	99	4.32e-69	194
1298.99	1347.99	100.000	99	0	0	1	99	1	99	4.32e-69	194
1298.99	213.97	82.979	94	16	0	6	99	4	97	3.81e-55	159
1298.99	1404.97	75.532	94	23	0	6	99	4	97	9.33e-51	148
1347.99	1298.99	100.000	99	0	0	1	99	1	99	4.32e-69	194
1347.99	1347.99	100.000	99	0	0	1	99	1	99	4.32e-69	194
1347.99	213.97	82.979	94	16	0	6	99	4	97	3.81e-55	159
1347.99	1404.97	75.532	94	23	0	6	99	4	97	9.33e-51	148
1549.99	1549.99	100.000	99	0	0	1	99	1	99	1.36e-71	201
1575.99	1575.99	100.000	99	0	0	1	99	1	99	9.83e-44	130
1575.99	1617.89	42.308	78	45	0	9	86	4	81	2.98e-10	45.4
1575.99	664.89	43.902	82	46	0	9	90	4	85	1.57e-09	43.5
1588.99	1588.99	100.000	99	0	0	1	99	1	99	2.66e-58	167
625.98	625.98	100.000	98	0	0	1	98	1	98	1.06e-57	166
882.98	882.98	100.000	98	0	0	1	98	1	98	7.13e-68	191
1098.98	1098.98	100.000	98	0	0	1	98	1	98	1.92e-70	198
1098.98	646.89	47.059	85	45	0	9	93	1	85	3.33e-24	80.9
1098.98	1152.93	45.652	92	46	2	3	93	2	90	9.73e-20	69.7
1098.98	707.95	40.860	93	53	2	1	92	3	94	1.57e-15	59.3
1098.98	42.99	32.258	93	55	2	3	90	2	91	9.56e-14	54.7
1098.98	4.83	40.000	80	42	2	14	93	7	80	4.04e-10	45.1
1098.98	510.88	28.889	90	56	2	9	93	1	87	1.91e-09	43.1
1098.98	600.94	30.952	84	53	2	1	83	1	80	1.15e-08	41.6
1333.98	1333.98	100.000	98	0	0	1	98	1	98	1.02e-69	196
1333.98	1416.98	71.429	98	28	0	1	98	1	98	2.93e-48	142
1416.98	1416.98	100.000	98	0	0	1	98	1	98	5.96e-69	194
1416.98	1333.98	71.429	98	28	0	1	98	1	98	2.93e-48	142
1571.98	1571.98	100.000	98	0	0	1	98	1	98	4.35e-55	159
1571.98	666.49	52.778	36	17	0	5	40	6	41	3.69e-07	36.6
213.97	213.97	100.000	97	0	0	1	97	1	97	9.56e-67	188
213.97	1298.99	82.979	94	16	0	4	97	6	99	3.73e-55	159
213.97	1347.99	82.979	94	16	0	4	97	6	99	3.73e-55	159
213.97	1404.97	76.289	97	23	0	1	97	1	97	1.34e-54	158
314.97	314.97	100.000	89	0	0	1	89	1	89	1.12e-47	140
726.97	726.97	100.000	97	0	0	1	97	1	97	1.82e-71	200
734.97	734.97	100.000	97	0	0	1	97	1	97	9.15e-67	188
823.97	823.97	100.000	97	0	0	1	97	1	97	2.30e-70	197
1116.97	1116.97	100.000	97	0	0	1	97	1	97	1.06e-71	201
1175.97	1175.97	100.000	97	0	0	1	97	1	97	8.75e-59	168
1175.97	717.91	43.056	72	41	0	17	88	16	87	2.62e-16	60.8
1397.97	1397.97	100.000	97	0	0	1	97	1	97	3.17e-37	114
1397.97	1307.94	80.220	91	18	0	1	91	1	91	1.09e-28	92.4
1397.97	1356.94	80.220	91	18	0	1	91	1	91	1.09e-28	92.4
1397.97	201.94	79.121	91	19	0	1	91	1	91	3.88e-27	88.6
1397.97	672.94	43.956	91	51	0	3	93	2	92	1.42e-13	53.9
1404.97	1404.97	100.000	97	0	0	1	97	1	97	6.07e-68	191
1404.97	213.97	76.289	97	23	0	1	97	1	97	1.34e-54	158
1404.97	1298.99	75.532	94	23	0	4	97	6	99	9.14e-51	148
1404.97	1347.99	75.532	94	23	0	4	97	6	99	9.14e-51	148
172.96	172.96	100.000	96	0	0	1	96	1	96	3.30e-64	182
619.96	619.96	100.000	96	0	0	1	96	1	96	8.12e-60	171
619.96	298.94	39.474	76	44	1	21	96	21	94	5.53e-14	55.1
619.96	930.94	38.158	76	45	1	21	96	21	94	1.72e-13	53.9
619.96	1061.94	38.158	76	45	1	21	96	21	94	1.72e-13	53.9
619.96	986.94	38.542	96	57	1	1	96	1	94	1.01e-10	46.6
914.96	914.96	100.000	96	0	0	1	96	1	96	1.40e-68	193
914.96	1076.96	100.000	96	0	0	1	96	1	96	1.40e-68	193
914.96	913.99	59.036	83	34	0	11	93	14	96	8.15e-32	100
967.96	967.96	100.000	96	0	0	1	96	1	96	1.75e-63	180
1021.96	1021.96	100.000	96	0	0	1	96	1	96	2.30e-67	190
1076.96	914.96	100.000	96	0	0	1	96	1	96	1.40e-68	193
1076.96	1076.96	100.000	96	0	0	1	96	1	96	1.40e-68	193
1076.96	913.99	59.036	83	34	0	11	93	14	96	8.15e-32	100
1665.96	1665.96	100.000	96	0	0	1	96	1	96	5.75e-69	194
1685.96	1685.96	100.000	96	0	0	1	96	1	96	5.55e-70	196
1685.96	262.80	48.649	37	19	0	4	40	2	38	3.89e-09	42.4
1685.96	330.80	48.649	37	19	0	4	40	2	38	3.89e-09	42.4
1685.96	469.81	42.857	35	20	0	5	39	3	37	5.05e-07	37.0
1212.95	1212.95	100.000	95	0	0	1	95	1	95	4.34e-66	186
48.94	48.94	100.000	94	0	0	1	94	1	94	4.82e-65	184
127.94	127.94	100.000	94	0	0	1	94	1	94	1.19e-66	188
201.94	201.94	100.000	94	0	0	1	94	1	94	4.69e-50	146
201.94	1307.94	89.362	94	10	0	1	94	1	94	1.43e-46	137
201.94	1356.94	89.362	94	10	0	1	94	1	94	1.43e-46	137
201.94	1397.97	79.121	91	19	0	1	91	1	91	1.19e-29	94.7
201.94	672.94	43.023	86	49	0	4	89	3	88	3.59e-17	63.2
201.94	619.96	37.634	93	51	3	9	94	4	96	2.88e-07	37.7
600.94	600.94	100.000	80	0	0	1	80	1	80	1.68e-57	165
600.94	42.99	33.735	83	50	1	3	80	2	84	1.45e-11	48.9
600.94	510.88	32.877	73	44	1	9	76	1	73	3.75e-09	42.4
600.94	1098.98	30.952	84	53	2	1	80	1	83	1.44e-08	41.2
600.94	1152.93	29.762	84	54	2	1	80	1	83	2.02e-08	40.8
672.94	672.94	100.000	94	0	0	1	94	1	94	6.28e-65	184
672.94	1307.94	46.512	86	46	0	3	88	4	89	1.05e-19	69.7
672.94	1356.94	46.512	86	46	0	3	88	4	89	1.05e-19	69.7
672.94	1397.97	43.956	91	51	0	2	92	3	93	2.34e-18	66.2
672.94	201.94	43.023	86	49	0	3	88	4	89	4.05e-17	63.2
672.94	1174.88	31.765	85	52	2	10	92	7	87	1.04e-09	43.9
672.94	479.99	33.673	98	57	2	3	93	1	97	7.44e-07	36.6
986.94	986.94	100.000	94	0	0	1	94	1	94	4.32e-44	131
986.94	298.94	60.638	94	37	0	1	94	1	94	9.74e-28	90.1
986.94	930.94	58.511	94	39	0	1	94	1	94	1.42e-26	87.0
986.94	1061.94	58.511	94	39	0	1	94	1	94	1.42e-26	87.0
986.94	619.96	38.158	76	45	1	21	94	21	96	7.57e-08	39.3
1307.94	1307.94	100.000	94	0	0	1	94	1	94	3.95e-53	154
1307.94	1356.94	100.000	94	0	0	1	94	1	94	3.95e-53	154
1307.94	201.94	89.362	94	10	0	1	94	1	94	7.81e-46	135
1307.94	1397.97	80.220	91	18	0	1	91	1	91	3.52e-31	98.6
1307.94	672.94	46.512	86	46	0	4	89	3	88	1.05e-19	69.7
1356.94	1307.94	100.000	94	0	0	1	94	1	94	3.95e-53	154
1356.94	1356.94	100.000	94	0	0	1	94	1	94	3.95e-53	154
1356.94	201.94	89.362	94	10	0	1	94	1	94	7.81e-46	135
1356.94	1397.97	80.220	91	18	0	1	91	1	91	3.52e-31	98.6
1356.94	672.94	46.512	86	46	0	4	89	3	88	1.05e-19	69.7
1546.94	1546.94	100.000	94	0	0	1	94	1	94	1.48e-67	190
1546.94	1782.89	39.785	93	49	2	1	93	1	86	9.43e-19	67.0
1567.94	1567.94	100.000	94	0	0	1	94	1	94	6.73e-50	145
1578.94	1578.94	100.000	94	0	0	1	94	1	94	9.84e-65	183
1578.94	412.90	34.831	89	57	1	6	94	3	90	7.53e-12	49.3
794.93	794.93	100.000	93	0	0	1	93	1	93	5.35e-68	191
1624.93	1624.93	100.000	73	0	0	21	93	21	93	5.15e-50	146
