31.678	31.678	100.000	678	0	0	1	678	1	678	0.0	1326
1562.677	1562.677	100.000	677	0	0	1	677	1	677	0.0	1218
1562.677	800.633	36.039	308	187	3	376	676	320	624	2.83e-47	172
1562.677	800.633	33.333	93	62	0	95	187	100	192	8.40e-09	53.9
1562.677	844.628	35.410	305	185	4	376	674	315	613	5.59e-45	166
1562.677	844.628	32.258	93	63	0	95	187	100	192	6.14e-09	54.3
1562.677	959.628	35.099	302	190	3	376	674	315	613	3.91e-44	163
1562.677	959.628	32.258	93	63	0	95	187	100	192	5.00e-09	54.7
1562.677	1629.662	32.770	296	197	1	363	658	363	656	5.00e-42	157
1562.677	1629.662	34.507	142	93	0	43	184	46	187	3.14e-15	74.7
1562.677	195.500	30.584	291	188	7	364	649	205	486	3.22e-22	96.3
1562.677	442.616	30.225	311	192	9	358	653	298	598	4.79e-22	96.3
1562.677	1272.616	30.225	311	192	9	358	653	298	598	4.79e-22	96.3
1562.677	1392.656	30.822	292	186	8	364	649	361	642	1.79e-20	91.3
1562.677	1525.539	28.720	289	180	9	372	645	238	515	4.51e-19	86.7
1562.677	924.529	28.763	299	178	10	369	653	220	497	5.93e-19	86.3
1562.677	1067.529	28.763	299	178	10	369	653	220	497	5.93e-19	86.3
1562.677	164.481	26.441	295	197	8	366	650	175	459	1.74e-18	84.3
1562.677	1312.568	29.032	279	184	7	376	649	285	554	4.98e-18	83.2
1562.677	474.541	28.025	314	200	9	372	669	237	540	6.12e-18	82.8
1562.677	1361.568	29.032	279	184	7	376	649	285	554	1.19e-17	82.0
1562.677	626.499	29.492	295	183	8	370	650	199	482	1.36e-17	81.6
1562.677	721.593	31.000	300	180	11	370	655	286	572	1.66e-17	81.6
1562.677	992.565	27.759	299	192	10	365	650	263	550	5.23e-17	80.1
1562.677	1494.560	29.592	294	182	9	372	650	256	539	2.79e-16	77.8
1562.677	120.511	30.729	192	112	6	475	653	313	496	3.87e-16	77.0
1562.677	37.544	28.912	294	184	9	372	650	240	523	7.40e-16	76.3
1562.677	70.544	27.653	311	200	9	355	650	222	522	2.05e-15	75.1
1562.677	547.708	25.763	295	199	9	367	650	397	682	8.48e-15	73.2
1562.677	677.570	26.027	292	202	6	364	650	276	558	2.23e-14	71.6
1562.677	1179.605	25.402	311	193	11	362	660	293	576	3.94e-14	70.9
1562.677	380.670	26.812	276	181	7	386	650	371	636	5.37e-13	67.4
1562.677	578.612	26.449	276	182	7	386	650	316	581	6.52e-13	67.0
1562.677	893.659	27.698	278	176	8	386	650	361	626	5.94e-12	64.3
1562.677	1759.553	31.500	200	115	5	478	664	348	538	6.12e-12	63.9
1562.677	303.595	26.506	249	161	7	369	605	219	457	6.37e-12	63.9
1562.677	258.674	27.636	275	178	8	386	649	375	639	1.31e-11	63.2
1562.677	334.674	27.636	275	178	8	386	649	375	639	1.31e-11	63.2
1562.677	752.608	25.763	295	199	10	367	650	296	581	7.01e-11	60.5
1562.677	1451.706	25.271	277	182	9	386	649	406	670	3.35e-10	58.5
1206.673	1206.673	100.000	673	0	0	1	673	1	673	0.0	1360
1206.673	289.1401	33.166	199	115	6	483	672	567	756	2.57e-16	78.6
1206.673	289.1401	24.713	174	121	3	7	176	16	183	6.20e-08	51.6
1206.673	592.1210	27.049	244	143	10	454	672	316	549	6.55e-14	70.9
1206.673	660.1236	29.524	210	120	11	483	672	369	570	9.12e-13	67.0
1206.673	400.1149	29.185	233	117	10	483	672	288	515	3.68e-11	62.0
1206.673	15.1094	28.241	216	115	12	477	672	259	454	7.39e-11	60.8
1206.673	107.1213	29.108	213	114	11	481	670	371	569	1.01e-10	60.5
1206.673	1773.1040	29.032	155	98	5	484	628	193	345	1.90e-10	59.7
1206.673	769.1037	27.451	204	118	11	484	672	207	395	2.88e-10	58.9
1206.673	1728.1216	28.444	225	118	7	485	672	353	571	3.13e-10	58.9
1206.673	826.1177	24.927	341	214	9	365	672	134	465	3.88e-10	58.5
1206.673	498.890	34.337	166	83	9	483	636	47	198	1.02e-09	57.0
1206.673	56.1217	29.907	214	114	13	484	672	379	581	1.34e-09	57.0
1206.673	224.1275	26.842	190	128	5	490	670	401	588	2.16e-09	56.2
1206.673	1660.1578	31.496	127	77	5	551	672	610	731	2.68e-09	55.8
1206.673	1294.1385	28.646	192	124	7	490	670	509	698	4.16e-09	55.5
1206.673	1343.1385	28.646	192	124	7	490	670	509	698	4.16e-09	55.5
1206.673	529.1200	22.059	204	130	9	484	672	371	560	8.86e-08	50.8
1206.673	243.1230	25.463	216	125	12	482	672	377	581	1.04e-07	50.8
1206.673	349.1230	25.463	216	125	12	482	672	377	581	1.04e-07	50.8
1206.673	975.1414	26.606	218	113	11	490	670	526	733	1.70e-07	50.1
1206.673	1036.1426	26.606	218	114	9	481	671	571	769	4.84e-07	48.5
723.666	723.666	100.000	666	0	0	1	666	1	666	0.0	1160
723.666	917.662	28.033	239	151	7	194	423	124	350	5.69e-09	54.7
723.666	1073.662	28.033	239	151	7	194	423	124	350	5.69e-09	54.7
917.662	917.662	100.000	662	0	0	1	662	1	662	0.0	1361
917.662	1073.662	100.000	662	0	0	1	662	1	662	0.0	1361
917.662	723.666	27.869	427	255	17	124	526	194	591	3.00e-22	97.1
1073.662	917.662	100.000	662	0	0	1	662	1	662	0.0	1361
1073.662	1073.662	100.000	662	0	0	1	662	1	662	0.0	1361
1073.662	723.666	27.869	427	255	17	124	526	194	591	3.00e-22	97.1
1629.662	1629.662	100.000	662	0	0	1	662	1	662	0.0	1172
1629.662	800.633	38.356	292	169	4	364	650	308	593	3.97e-56	197
1629.662	800.633	35.345	116	70	2	78	192	79	190	5.74e-10	57.8
1629.662	959.628	38.542	288	166	4	368	650	307	588	2.65e-55	195
1629.662	959.628	36.207	116	69	2	78	192	79	190	9.18e-11	60.1
1629.662	844.628	37.847	288	168	4	368	650	307	588	7.74e-55	193
1629.662	844.628	36.207	116	69	2	78	192	79	190	7.86e-11	60.5
1629.662	1361.568	35.145	276	169	4	376	647	285	554	5.29e-49	176
1629.662	195.500	35.563	284	172	5	376	655	217	493	7.47e-49	174
1629.662	1312.568	34.783	276	170	4	376	647	285	554	1.48e-47	172
1629.662	1562.677	32.770	296	197	1	363	656	363	658	5.25e-46	169
1629.662	1562.677	37.168	113	68	1	78	187	72	184	5.67e-16	77.0
1629.662	1392.656	33.696	276	173	4	376	647	373	642	1.16e-45	168
1629.662	626.499	34.483	290	173	5	372	650	201	484	1.11e-43	159
1629.662	626.499	30.534	131	83	2	79	205	50	176	2.05e-08	52.4
1629.662	992.565	35.789	285	165	7	376	649	274	551	3.15e-40	150
1629.662	677.570	32.746	284	179	6	372	650	284	560	3.34e-40	150
1629.662	721.593	34.007	297	162	8	372	648	288	570	8.01e-40	150
1629.662	721.593	28.800	125	82	4	82	202	37	158	8.97e-07	47.4
1629.662	1179.605	33.210	271	162	7	373	633	304	565	2.56e-39	149
1629.662	1179.605	30.631	111	67	3	79	186	41	144	8.22e-07	47.4
1629.662	474.541	34.432	273	161	6	372	632	237	503	1.42e-38	145
1629.662	1525.539	33.455	275	165	6	372	634	238	506	1.53e-38	145
1629.662	1525.539	30.435	115	72	3	77	186	70	181	6.69e-07	47.8
1629.662	924.529	34.328	268	159	6	376	633	227	487	5.80e-38	144
1629.662	1067.529	34.328	268	159	6	376	633	227	487	5.80e-38	144
1629.662	1759.553	32.210	267	164	5	377	633	250	509	1.51e-36	140
1629.662	442.616	33.455	275	165	6	372	634	312	580	2.33e-35	137
1629.662	1272.616	33.455	275	165	6	372	634	312	580	2.33e-35	137
1629.662	164.481	29.492	295	189	7	376	659	185	471	7.83e-34	130
1629.662	1494.560	34.182	275	163	7	372	634	256	524	2.48e-33	130
1629.662	547.708	30.605	281	180	5	362	633	392	666	4.33e-32	127
1629.662	70.544	32.727	275	167	6	372	634	239	507	6.35e-31	123
1629.662	752.608	31.667	300	187	8	362	650	291	583	1.44e-30	122
1629.662	303.595	31.387	274	164	6	372	635	222	481	1.74e-30	122
1629.662	37.544	32.364	275	168	6	372	634	240	508	3.08e-30	120
1629.662	120.511	32.423	293	178	6	376	657	217	500	8.47e-29	116
1629.662	893.659	30.640	297	185	9	366	650	341	628	1.14e-27	114
1629.662	380.670	29.293	297	187	10	367	650	352	638	1.36e-26	110
1629.662	1676.662	30.405	296	173	12	373	650	348	628	2.71e-26	109
1629.662	578.612	29.934	304	186	7	362	650	292	583	2.36e-25	106
1629.662	1451.706	29.851	268	172	6	375	633	395	655	5.01e-25	105
1629.662	258.674	30.435	276	178	5	366	633	355	624	1.19e-24	104
1629.662	334.674	30.435	276	178	5	366	633	355	624	1.19e-24	104
1629.662	1137.573	28.105	306	187	12	362	650	246	535	1.93e-24	103
1629.662	1223.647	24.679	312	219	8	332	633	294	599	8.43e-18	82.8
1629.662	1707.659	22.143	280	195	6	367	633	340	609	4.91e-16	77.0
1629.662	1023.756	28.475	295	189	8	369	648	428	715	7.78e-13	67.0
1676.662	1676.662	100.000	662	0	0	1	662	1	662	0.0	1258
1676.662	1137.573	70.326	337	100	0	319	655	226	562	2.38e-175	507
1676.662	1137.573	50.840	238	97	3	1	237	1	219	1.22e-63	216
1676.662	752.608	37.440	625	336	13	20	636	14	591	3.03e-112	346
1676.662	1223.647	50.769	325	158	2	333	656	322	645	3.46e-104	326
1676.662	1223.647	36.321	212	87	5	34	229	83	262	5.41e-29	118
1676.662	547.708	47.812	320	164	3	328	646	385	702	1.12e-91	295
1676.662	547.708	34.272	213	133	3	27	235	21	230	2.49e-26	110
1676.662	578.612	34.628	618	354	14	26	636	17	591	5.41e-91	291
1676.662	258.674	42.319	345	194	4	318	662	335	674	1.10e-73	246
1676.662	258.674	34.194	155	95	2	34	188	30	177	2.54e-22	97.1
1676.662	334.674	42.319	345	194	4	318	662	335	674	1.10e-73	246
1676.662	334.674	34.194	155	95	2	34	188	30	177	2.54e-22	97.1
1676.662	893.659	43.377	302	169	2	335	636	337	636	1.33e-72	243
1676.662	893.659	32.738	168	109	3	17	183	13	177	8.28e-19	85.9
1676.662	380.670	38.806	335	201	3	324	656	336	668	1.87e-72	243
1676.662	380.670	34.286	175	112	2	21	195	21	192	1.68e-22	97.8
1676.662	1707.659	44.795	317	172	3	332	647	332	646	2.34e-72	242
1676.662	1707.659	37.278	169	98	3	29	193	25	189	2.13e-19	87.8
1676.662	1451.706	39.528	339	199	4	321	656	368	703	6.42e-66	226
1676.662	1451.706	35.000	140	90	1	34	173	30	168	1.27e-22	98.2
1676.662	677.570	31.126	302	196	8	338	636	277	569	1.33e-32	128
1676.662	164.481	31.013	316	197	10	316	626	160	459	1.06e-31	124
1676.662	164.481	27.011	174	112	5	27	195	6	169	6.35e-07	47.8
1676.662	1179.605	31.313	297	180	8	343	628	301	584	2.17e-28	115
1676.662	924.529	31.803	305	193	7	343	640	221	517	1.68e-27	112
1676.662	1067.529	31.803	305	193	7	343	640	221	517	1.68e-27	112
1676.662	1629.662	29.377	337	194	14	318	628	332	650	5.52e-27	111
1676.662	626.499	31.949	313	193	8	339	641	195	497	7.77e-26	107
1676.662	1392.656	29.934	304	182	9	342	635	366	648	2.34e-25	106
1676.662	992.565	28.846	312	197	7	340	639	265	563	6.12e-25	105
1676.662	1312.568	28.852	305	192	10	338	635	274	560	3.94e-24	102
1676.662	1361.568	30.100	299	188	11	342	635	278	560	6.84e-24	101
1676.662	303.595	33.198	247	155	5	343	583	220	462	1.73e-23	100
1676.662	195.500	27.483	302	192	10	342	635	210	492	4.14e-23	99.0
1676.662	474.541	29.630	297	184	10	344	624	236	523	5.79e-23	98.6
1676.662	721.593	30.537	298	182	12	343	627	286	571	5.54e-22	95.9
1676.662	721.593	27.179	195	128	2	19	205	2	190	4.61e-09	54.7
1676.662	1525.539	30.333	300	181	11	344	628	237	523	8.67e-21	92.0
1676.662	1494.560	29.054	296	190	9	344	628	255	541	6.61e-20	89.4
1676.662	37.544	30.769	299	181	9	344	628	239	525	8.99e-20	88.6
1676.662	70.544	29.755	326	196	11	319	628	216	524	1.04e-19	88.6
1676.662	442.616	29.080	337	204	13	308	630	284	599	2.52e-19	87.4
1676.662	1272.616	29.080	337	204	13	308	630	284	599	2.52e-19	87.4
1676.662	800.633	29.762	336	207	13	319	639	286	607	2.66e-19	87.4
1676.662	1759.553	31.818	286	160	12	360	628	260	527	4.24e-19	86.7
1676.662	959.628	28.519	270	173	9	378	639	345	602	5.91e-18	83.2
1676.662	844.628	28.889	270	172	9	378	639	345	602	6.51e-18	83.2
1676.662	1023.756	27.703	296	189	11	346	627	432	716	1.69e-17	82.0
1676.662	1023.756	26.733	202	136	4	39	235	20	214	4.45e-07	48.5
1676.662	120.511	29.146	199	131	6	434	628	301	493	2.82e-15	74.3
1676.662	1562.677	25.846	325	209	15	315	626	345	650	7.54e-13	67.0
910.659	910.659	100.000	659	0	0	1	659	1	659	0.0	1248
910.659	1079.659	100.000	659	0	0	1	659	1	659	0.0	1248
1079.659	910.659	100.000	659	0	0	1	659	1	659	0.0	1248
1079.659	1079.659	100.000	659	0	0	1	659	1	659	0.0	1248
1598.659	1598.659	100.000	659	0	0	1	659	1	659	0.0	1286
1598.659	1608.529	28.205	351	218	11	106	440	50	382	1.07e-20	91.7
1598.659	1608.529	40.816	98	47	3	545	641	426	513	1.79e-14	72.0
1707.659	1707.659	100.000	659	0	0	1	659	1	659	0.0	1052
1707.659	752.608	44.767	621	297	9	23	641	21	597	2.30e-129	390
1707.659	547.708	46.632	386	182	3	256	641	337	698	1.92e-95	305
1707.659	547.708	49.296	142	72	0	23	164	21	162	2.87e-28	115
1707.659	380.670	36.562	640	377	9	20	641	24	652	6.90e-89	286
1707.659	893.659	49.026	308	154	2	335	641	337	642	1.02e-74	248
1707.659	893.659	36.232	138	88	0	20	157	21	158	2.38e-14	71.6
1707.659	258.674	51.299	308	147	2	335	641	351	656	2.62e-73	245
1707.659	258.674	39.855	138	83	0	20	157	20	157	2.00e-15	75.1
1707.659	334.674	51.299	308	147	2	335	641	351	656	2.62e-73	245
1707.659	334.674	39.855	138	83	0	20	157	20	157	2.00e-15	75.1
1707.659	1137.573	42.857	315	177	3	335	647	242	555	8.78e-73	241
1707.659	1137.573	43.571	140	79	0	25	164	30	169	3.57e-21	93.2
1707.659	1451.706	47.883	307	157	2	335	640	382	686	2.69e-69	235
1707.659	1451.706	41.304	138	81	0	20	157	20	157	4.80e-15	73.9
1707.659	1676.662	44.904	314	170	3	335	646	335	647	2.73e-66	226
1707.659	1676.662	37.857	140	87	0	25	164	29	168	2.78e-13	68.2
1707.659	578.612	47.157	299	155	2	335	632	292	588	5.76e-66	224
1707.659	578.612	38.686	137	82	2	23	158	22	157	2.94e-13	68.2
1707.659	1223.647	44.444	324	169	5	335	649	324	645	1.98e-62	215
1707.659	1223.647	43.662	142	72	2	26	159	79	220	7.08e-18	83.2
1707.659	164.481	33.798	287	182	4	341	624	177	458	3.57e-34	132
1707.659	164.481	33.750	80	53	0	83	162	68	147	3.72e-07	48.5
1707.659	924.529	30.132	302	197	5	342	636	220	514	3.59e-27	111
1707.659	1067.529	30.132	302	197	5	342	636	220	514	3.59e-27	111
1707.659	1179.605	31.987	297	193	4	343	635	301	592	4.91e-23	99.4
1707.659	1179.605	35.366	82	53	0	75	156	63	144	7.63e-09	53.9
1707.659	992.565	31.561	301	194	5	342	634	267	563	8.28e-23	98.2
1707.659	626.499	30.769	286	191	3	343	624	199	481	1.00e-21	94.4
1707.659	303.595	29.719	249	162	4	342	582	219	462	1.08e-21	95.1
1707.659	1392.656	32.020	203	132	3	425	627	449	645	1.49e-20	91.7
1707.659	120.511	31.293	294	180	4	341	624	209	490	1.70e-19	87.8
1707.659	677.570	29.066	289	193	6	342	627	281	560	1.79e-19	87.8
1707.659	195.500	28.819	288	195	5	342	627	210	489	1.80e-19	87.4
1707.659	1312.568	27.972	286	200	3	342	627	278	557	2.44e-19	87.4
1707.659	1361.568	30.380	237	162	1	342	578	278	511	7.77e-19	85.9
1707.659	721.593	27.907	301	193	10	337	626	284	571	1.09e-17	82.4
1707.659	721.593	33.577	137	91	0	20	156	7	143	9.76e-08	50.4
1707.659	474.541	25.725	276	200	3	341	612	233	507	3.02e-17	80.9
1707.659	1494.560	25.084	299	219	3	341	635	252	549	1.33e-16	78.6
1707.659	1525.539	25.839	298	218	1	341	635	234	531	2.27e-16	77.8
1707.659	1759.553	26.871	294	199	6	350	635	250	535	1.82e-15	75.1
1707.659	442.616	26.812	276	197	3	341	612	308	582	3.97e-15	74.3
1707.659	1272.616	26.812	276	197	3	341	612	308	582	3.97e-15	74.3
1707.659	800.633	30.742	283	181	6	350	627	321	593	8.43e-15	73.2
1707.659	1629.662	23.404	282	189	7	340	609	367	633	6.29e-14	70.5
1707.659	1023.756	29.268	205	138	5	428	626	513	716	9.20e-14	70.1
1707.659	959.628	30.035	283	183	6	350	627	316	588	1.89e-13	68.9
1707.659	844.628	29.682	283	184	6	350	627	316	588	2.89e-13	68.2
1707.659	37.544	25.418	299	218	3	341	635	236	533	5.54e-13	67.0
1707.659	70.544	25.084	299	219	3	341	635	235	532	1.18e-12	66.2
1392.656	1392.656	100.000	639	0	0	18	656	18	656	0.0	993
1392.656	1312.568	77.005	561	115	2	98	656	20	568	0.0	693
1392.656	1361.568	77.005	561	115	2	98	656	20	568	0.0	692
1392.656	195.500	82.800	500	86	0	157	656	1	500	0.0	683
1392.656	677.570	52.119	472	222	3	177	647	94	562	1.64e-136	407
1392.656	924.529	31.151	443	273	6	226	645	72	505	2.41e-38	145
1392.656	1067.529	31.151	443	273	6	226	645	72	505	2.41e-38	145
1392.656	442.616	29.817	436	266	7	168	574	99	523	4.04e-37	142
1392.656	1272.616	29.817	436	266	7	168	574	99	523	4.04e-37	142
1392.656	1525.539	28.968	504	305	9	178	645	37	523	6.73e-37	140
1392.656	164.481	32.639	432	259	9	225	642	45	458	1.37e-36	139
1392.656	1629.662	33.696	276	173	4	373	642	376	647	4.72e-36	139
1392.656	626.499	31.034	464	308	4	191	647	28	486	6.03e-35	134
1392.656	303.595	31.661	319	191	4	276	574	122	433	2.65e-34	134
1392.656	721.593	32.526	289	181	6	367	644	286	571	1.41e-33	131
1392.656	1494.560	30.047	426	271	6	240	645	123	541	2.25e-33	130
1392.656	474.541	28.506	435	273	6	225	631	83	507	4.20e-33	129
1392.656	70.544	30.000	440	277	9	232	645	90	524	6.00e-31	123
1392.656	992.565	29.351	385	246	5	276	642	173	549	4.92e-30	120
1392.656	37.544	30.201	447	280	8	226	645	84	525	1.80e-29	118
1392.656	1759.553	28.462	390	259	7	276	651	150	533	8.04e-26	107
1392.656	1179.605	27.491	291	192	8	367	645	301	584	7.11e-25	105
1392.656	380.670	34.682	173	113	0	390	562	378	550	3.85e-24	102
1392.656	752.608	32.394	213	141	2	366	575	298	510	7.82e-24	101
1392.656	547.708	30.047	213	146	1	366	575	399	611	1.08e-23	101
1392.656	1451.706	38.144	194	112	5	388	574	407	599	6.23e-23	99.4
1392.656	1137.573	29.897	291	189	7	366	645	249	535	6.98e-22	95.5
1392.656	1676.662	29.276	304	184	9	366	648	342	635	2.39e-20	90.9
1392.656	578.612	32.184	261	172	4	390	645	323	583	9.61e-20	89.0
1392.656	258.674	33.333	189	120	2	390	574	382	568	3.01e-19	87.4
1392.656	334.674	33.333	189	120	2	390	574	382	568	3.01e-19	87.4
1392.656	893.659	33.854	192	121	3	389	574	363	554	4.30e-19	87.0
1392.656	1223.647	30.035	283	183	9	374	645	339	617	1.02e-18	85.5
1392.656	959.628	29.329	283	185	5	371	645	313	588	2.89e-18	84.3
1392.656	844.628	28.975	283	186	5	371	645	313	588	3.66e-18	84.0
1392.656	800.633	29.329	283	185	5	371	645	318	593	6.39e-18	83.2
1392.656	1707.659	29.108	213	148	1	366	575	342	554	1.85e-17	81.6
1392.656	1562.677	29.858	211	138	5	361	562	364	573	8.88e-17	79.7
1392.656	1023.756	25.446	224	140	6	368	575	430	642	2.14e-11	62.4
1392.656	120.511	25.562	356	195	9	244	560	77	401	2.08e-09	55.8
1198.652	1198.652	100.000	652	0	0	1	652	1	652	0.0	1321
1223.647	1223.647	100.000	647	0	0	1	647	1	647	0.0	1142
1223.647	1137.573	45.629	572	265	11	79	644	31	562	5.24e-132	395
1223.647	1676.662	41.286	591	273	9	124	645	71	656	4.45e-122	373
1223.647	547.708	47.541	305	155	4	322	624	390	691	1.73e-77	257
1223.647	547.708	35.220	159	91	3	71	229	20	166	7.29e-15	73.6
1223.647	752.608	45.938	320	168	4	323	640	290	606	1.99e-72	241
1223.647	752.608	38.318	107	62	1	123	229	64	166	2.50e-18	84.3
1223.647	380.670	42.904	303	169	4	323	624	346	645	9.56e-66	224
1223.647	380.670	31.707	123	71	4	128	250	79	188	7.05e-08	50.8
1223.647	1707.659	44.172	326	171	5	322	645	333	649	1.56e-63	218
1223.647	1707.659	39.130	161	89	3	79	239	26	177	1.04e-18	85.5
1223.647	578.612	44.224	303	165	4	323	624	291	590	1.38e-62	214
1223.647	578.612	30.247	162	104	2	67	228	13	165	8.66e-10	57.0
1223.647	1451.706	43.046	302	168	4	324	624	382	680	1.95e-60	210
1223.647	1451.706	28.125	160	106	2	70	229	17	167	3.62e-09	55.1
1223.647	893.659	41.304	322	183	6	324	644	337	653	4.26e-60	208
1223.647	893.659	27.811	169	113	2	70	238	18	177	1.52e-08	53.1
1223.647	258.674	43.046	302	168	4	324	624	351	649	4.32e-60	209
1223.647	258.674	30.282	142	94	2	72	213	20	156	2.45e-09	55.5
1223.647	334.674	43.046	302	168	4	324	624	351	649	4.32e-60	209
1223.647	334.674	30.282	142	94	2	72	213	20	156	2.45e-09	55.5
1223.647	164.481	33.106	293	183	7	327	614	174	458	2.22e-30	120
1223.647	924.529	33.223	301	189	8	333	627	221	515	1.68e-25	106
1223.647	1067.529	33.223	301	189	8	333	627	221	515	1.68e-25	106
1223.647	677.570	29.110	292	196	7	328	617	278	560	3.35e-24	102
1223.647	1179.605	30.872	298	180	11	332	617	301	584	4.40e-24	102
1223.647	195.500	30.526	285	179	9	339	617	218	489	1.10e-23	100
1223.647	1361.568	30.000	290	188	8	332	617	279	557	1.54e-23	100
1223.647	1312.568	29.492	295	193	8	327	617	274	557	1.59e-23	100
1223.647	1392.656	30.742	283	181	9	339	617	374	645	3.29e-23	99.8
1223.647	992.565	31.661	319	205	8	317	628	251	563	5.98e-23	98.6
1223.647	721.593	29.097	299	187	11	331	616	285	571	3.47e-19	87.0
1223.647	1494.560	29.054	296	190	9	333	617	255	541	5.41e-18	83.2
1223.647	442.616	28.472	288	196	6	333	614	311	594	2.10e-17	81.3
1223.647	1272.616	28.472	288	196	6	333	614	311	594	2.10e-17	81.3
1223.647	474.541	27.174	276	191	6	333	602	236	507	1.90e-16	78.2
1223.647	303.595	31.148	244	157	6	333	570	220	458	4.64e-16	77.0
1223.647	1525.539	27.148	291	202	6	333	617	237	523	1.08e-15	75.9
1223.647	70.544	29.592	294	191	7	333	617	238	524	2.30e-15	74.7
1223.647	37.544	29.592	294	191	7	333	617	239	525	3.75e-15	73.9
1223.647	626.499	28.981	314	209	9	322	628	189	495	3.38e-14	70.9
1223.647	1629.662	22.826	276	197	8	330	599	368	633	5.21e-14	70.5
1223.647	1023.756	28.179	291	186	10	339	616	436	716	1.84e-13	68.9
1223.647	1759.553	26.132	287	201	6	338	619	249	529	6.44e-13	67.0
1223.647	800.633	28.302	318	191	13	330	630	312	609	8.73e-12	63.5
1223.647	844.628	28.115	313	188	13	339	634	316	608	2.86e-10	58.5
1223.647	120.511	25.938	320	194	14	333	633	211	506	8.26e-10	57.0
1200.641	1200.641	100.000	641	0	0	1	641	1	641	0.0	1280
1200.641	1751.498	34.463	177	98	5	6	166	7	181	2.64e-18	84.0
1200.641	130.259	31.884	138	47	5	7	120	31	145	1.50e-09	54.7
1200.641	1199.415	31.609	174	94	7	8	166	6	169	3.12e-09	54.7
351.636	351.636	100.000	636	0	0	1	636	1	636	0.0	1236
351.636	241.618	100.000	618	0	0	19	636	1	618	0.0	1200
351.636	831.366	32.642	386	231	13	5	384	1	363	1.24e-42	153
351.636	946.366	32.292	384	235	12	5	384	1	363	4.38e-42	152
351.636	1537.348	32.970	367	218	14	24	384	1	345	9.24e-37	136
351.636	1538.253	31.050	219	123	11	426	630	36	240	1.52e-09	54.7
351.636	945.404	33.728	169	100	8	435	597	196	358	1.03e-07	50.1
800.633	800.633	100.000	633	0	0	1	633	1	633	0.0	1115
800.633	844.628	93.049	633	39	1	1	633	1	628	0.0	1060
800.633	959.628	93.681	633	35	1	1	633	1	628	0.0	1058
800.633	1629.662	38.356	292	169	4	308	593	364	650	6.96e-56	196
800.633	1562.677	36.039	308	187	3	320	624	376	676	5.16e-52	186
800.633	626.499	32.069	290	181	5	315	593	200	484	1.41e-29	118
800.633	547.708	28.720	289	189	7	321	598	407	689	6.80e-29	117
800.633	1179.605	29.333	300	188	8	317	602	304	593	1.59e-27	113
800.633	195.500	29.329	283	185	5	318	593	215	489	3.38e-27	111
800.633	1312.568	28.521	284	188	5	317	593	282	557	3.38e-25	105
800.633	1361.568	28.521	284	188	5	317	593	282	557	3.44e-25	105
800.633	677.570	30.035	283	187	6	316	593	284	560	3.44e-25	105
800.633	164.481	26.736	288	194	5	314	591	179	459	4.81e-25	104
800.633	1392.656	29.329	283	185	5	318	593	371	645	1.46e-24	103
800.633	752.608	27.719	285	191	6	321	595	306	585	2.35e-22	97.1
800.633	1525.539	28.417	278	176	7	315	577	237	506	5.09e-22	95.5
800.633	474.541	29.297	256	161	6	315	555	236	486	7.65e-22	95.1
800.633	442.616	28.571	294	192	7	315	595	311	599	9.41e-21	92.0
800.633	1272.616	28.571	294	192	7	315	595	311	599	9.41e-21	92.0
800.633	120.511	30.216	278	169	9	316	580	213	478	1.08e-20	91.3
800.633	380.670	27.425	299	191	8	333	614	374	663	1.20e-20	91.7
800.633	893.659	29.866	298	179	10	335	613	366	652	1.73e-20	91.3
800.633	924.529	28.076	317	181	12	315	614	222	508	5.96e-20	89.0
800.633	1067.529	28.076	317	181	12	315	614	222	508	5.96e-20	89.0
800.633	721.593	29.355	310	189	13	313	604	285	582	4.58e-19	86.7
800.633	578.612	28.477	302	194	9	306	593	290	583	5.07e-19	86.3
800.633	1707.659	30.742	283	181	6	321	593	350	627	5.35e-19	86.7
800.633	1676.662	30.515	272	165	10	350	607	378	639	6.29e-19	86.3
800.633	992.565	29.210	291	183	7	315	591	269	550	2.00e-18	84.3
800.633	258.674	29.588	267	167	8	350	607	398	652	1.57e-17	82.0
800.633	334.674	29.588	267	167	8	350	607	398	652	1.57e-17	82.0
800.633	1137.573	30.147	272	166	10	350	607	285	546	2.21e-17	81.3
800.633	37.544	27.397	292	194	7	315	593	239	525	9.29e-17	79.0
800.633	1451.706	26.159	302	191	10	333	614	409	698	3.84e-16	77.4
800.633	1494.560	26.545	275	185	6	315	577	255	524	3.98e-16	77.0
800.633	70.544	26.712	292	196	7	315	593	238	524	8.37e-16	75.9
800.633	1223.647	28.707	317	191	13	312	609	330	630	1.97e-15	75.1
800.633	303.595	27.823	248	150	9	315	545	221	456	4.07e-14	70.9
800.633	1023.756	27.114	343	220	11	310	633	425	756	4.64e-14	70.9
800.633	1759.553	24.850	334	220	9	278	593	207	527	7.36e-14	69.7
1196.629	1196.629	100.000	629	0	0	1	629	1	629	0.0	1309
844.628	844.628	100.000	628	0	0	1	628	1	628	0.0	1132
844.628	959.628	97.452	628	16	0	1	628	1	628	0.0	1107
844.628	800.633	93.207	633	38	1	1	628	1	633	0.0	1073
844.628	1629.662	37.847	288	168	4	307	588	368	650	9.79e-55	193
844.628	1629.662	31.683	101	68	1	77	177	76	175	5.02e-07	48.1
844.628	1562.677	35.410	305	185	4	315	613	376	674	1.06e-49	179
844.628	626.499	32.069	290	181	5	310	588	200	484	1.03e-29	118
844.628	195.500	30.662	287	176	9	313	588	215	489	1.59e-27	112
844.628	547.708	27.682	289	192	7	316	593	407	689	2.77e-27	112
844.628	1179.605	29.000	300	189	8	312	597	304	593	4.70e-26	108
844.628	1361.568	28.169	284	189	5	312	588	282	557	1.99e-25	106
844.628	1312.568	28.169	284	189	5	312	588	282	557	4.33e-25	105
844.628	677.570	29.682	283	188	6	311	588	284	560	4.44e-25	105
844.628	1392.656	28.975	283	186	5	313	588	371	645	1.99e-24	103
844.628	164.481	25.952	289	195	6	309	586	179	459	4.49e-23	98.6
844.628	752.608	27.208	283	191	6	316	588	306	583	6.36e-22	95.5
844.628	1525.539	27.703	296	190	8	310	589	237	524	1.79e-21	94.0
844.628	474.541	28.980	245	158	5	310	543	236	475	2.08e-21	93.6
844.628	578.612	30.422	332	204	10	301	618	290	608	7.75e-21	92.0
844.628	120.511	29.795	292	178	10	312	588	214	493	2.19e-20	90.1
844.628	442.616	28.231	294	193	7	310	590	311	599	5.63e-20	89.4
844.628	1272.616	28.231	294	193	7	310	590	311	599	5.63e-20	89.4
844.628	380.670	27.090	299	192	8	328	609	374	663	7.58e-20	89.4
844.628	893.659	29.630	270	172	8	330	588	366	628	9.09e-20	89.0
844.628	924.529	28.956	297	180	11	310	588	222	505	4.63e-19	86.3
844.628	1067.529	28.956	297	180	11	310	588	222	505	4.63e-19	86.3
844.628	992.565	29.210	291	183	7	310	586	269	550	3.24e-18	83.6
844.628	721.593	29.582	311	187	14	308	599	285	582	4.20e-18	83.6
844.628	1676.662	28.889	270	172	9	345	602	378	639	6.45e-18	83.2
844.628	37.544	28.082	292	192	7	310	588	239	525	6.64e-18	82.8
844.628	258.674	30.040	253	160	7	345	588	398	642	1.72e-17	81.6
844.628	334.674	30.040	253	160	7	345	588	398	642	1.72e-17	81.6
844.628	1707.659	29.682	283	184	6	316	588	350	627	2.06e-17	81.3
844.628	1494.560	27.636	275	182	6	310	572	255	524	2.15e-17	81.3
844.628	70.544	27.397	292	194	7	310	588	238	524	7.82e-17	79.3
844.628	1137.573	29.044	272	169	10	345	602	285	546	3.00e-15	74.3
844.628	1451.706	25.828	302	192	10	328	609	409	698	1.58e-14	72.4
844.628	1223.647	28.980	245	155	8	375	608	398	634	7.17e-14	70.1
844.628	303.595	27.823	248	150	9	310	540	221	456	7.50e-14	70.1
844.628	1759.553	24.107	336	220	9	273	588	207	527	7.22e-13	66.6
844.628	1023.756	27.457	346	215	13	305	628	425	756	9.69e-13	66.6
959.628	959.628	100.000	628	0	0	1	628	1	628	0.0	1129
959.628	844.628	97.452	628	16	0	1	628	1	628	0.0	1106
959.628	800.633	93.839	633	34	1	1	628	1	633	0.0	1072
959.628	1629.662	38.542	288	166	4	307	588	368	650	3.60e-55	194
959.628	1629.662	31.683	101	68	1	77	177	76	175	6.84e-07	47.8
959.628	1562.677	35.410	305	185	4	315	613	376	674	6.25e-49	177
959.628	626.499	32.069	290	181	5	310	588	200	484	1.03e-29	118
959.628	195.500	31.010	287	175	9	313	588	215	489	2.51e-27	111
959.628	547.708	27.682	289	192	7	316	593	407	689	1.84e-26	110
959.628	1179.605	29.000	300	189	8	312	597	304	593	8.69e-26	107
959.628	677.570	30.035	283	187	6	311	588	284	560	1.48e-25	106
959.628	1361.568	28.521	284	188	5	312	588	282	557	4.03e-25	105
959.628	1312.568	28.521	284	188	5	312	588	282	557	6.29e-25	104
959.628	1392.656	29.329	283	185	5	313	588	371	645	4.08e-24	102
959.628	164.481	26.298	289	194	7	309	586	179	459	1.57e-22	96.7
959.628	1525.539	28.041	296	189	8	310	589	237	524	6.13e-22	95.1
959.628	474.541	28.980	245	158	5	310	543	236	475	2.89e-21	93.2
959.628	752.608	27.208	283	191	6	316	588	306	583	4.61e-21	92.8
959.628	120.511	29.693	293	179	10	311	588	213	493	1.35e-20	90.9
959.628	442.616	28.231	294	193	7	310	590	311	599	3.93e-20	90.1
959.628	1272.616	28.231	294	193	7	310	590	311	599	3.93e-20	90.1
959.628	578.612	29.518	332	207	10	301	618	290	608	5.35e-19	86.3
959.628	380.670	26.756	299	193	8	328	609	374	663	7.59e-19	85.9
959.628	893.659	29.259	270	173	8	330	588	366	628	8.13e-19	85.9
959.628	924.529	28.620	297	181	11	310	588	222	505	2.06e-18	84.3
959.628	1067.529	28.620	297	181	11	310	588	222	505	2.06e-18	84.3
959.628	1676.662	28.519	270	173	9	345	602	378	639	8.09e-18	82.8
959.628	1707.659	30.035	283	183	6	316	588	350	627	1.24e-17	82.0
959.628	992.565	28.866	291	184	7	310	586	269	550	2.12e-17	81.3
959.628	721.593	28.939	311	189	14	308	599	285	582	2.45e-17	80.9
959.628	37.544	27.740	292	193	7	310	588	239	525	4.42e-17	80.1
959.628	1494.560	27.273	275	183	6	310	572	255	524	1.16e-16	79.0
959.628	258.674	29.644	253	161	7	345	588	398	642	1.43e-16	79.0
959.628	334.674	29.644	253	161	7	345	588	398	642	1.43e-16	79.0
959.628	70.544	27.055	292	195	7	310	588	238	524	4.83e-16	76.6
959.628	1137.573	29.044	272	169	10	345	602	285	546	2.27e-15	74.7
959.628	1759.553	24.702	336	218	9	273	588	207	527	3.09e-14	71.2
959.628	1451.706	25.497	302	193	10	328	609	409	698	1.36e-13	69.3
959.628	303.595	27.132	258	157	10	310	548	221	466	3.94e-13	67.8
959.628	1223.647	27.414	321	198	13	307	608	330	634	5.35e-13	67.4
959.628	1023.756	26.301	346	219	12	305	628	425	756	6.75e-13	67.0
227.621	227.621	100.000	600	0	0	22	621	22	621	0.0	1184
227.621	512.1150	24.115	452	288	17	24	452	628	1047	1.43e-22	98.2
227.621	1288.1144	25.083	303	198	8	151	439	712	999	3.74e-14	71.2
227.621	1337.1149	25.083	303	198	8	151	439	717	1004	4.77e-14	70.9
227.621	1413.1173	24.116	311	207	8	143	439	710	1005	6.71e-14	70.5
1082.621	1082.621	100.000	621	0	0	1	621	1	621	0.0	1063
879.619	879.619	100.000	619	0	0	1	619	1	619	0.0	1243
241.618	351.636	100.000	618	0	0	1	618	19	636	0.0	1200
241.618	241.618	100.000	618	0	0	1	618	1	618	0.0	1199
241.618	831.366	32.970	367	218	12	5	366	20	363	3.51e-41	149
241.618	946.366	32.603	365	222	11	5	366	20	363	1.55e-40	147
241.618	1537.348	32.970	367	218	14	6	366	1	345	7.11e-37	136
241.618	1538.253	31.050	219	123	11	408	612	36	240	1.44e-09	54.7
241.618	945.404	33.728	169	100	8	417	579	196	358	8.28e-08	50.1
442.616	442.616	100.000	616	0	0	1	616	1	616	0.0	913
442.616	1272.616	100.000	616	0	0	1	616	1	616	0.0	913
442.616	70.544	71.617	532	150	1	85	615	11	542	0.0	648
442.616	37.544	71.455	536	143	3	85	614	11	542	0.0	643
442.616	1494.560	70.980	541	146	2	76	616	31	560	0.0	631
442.616	474.541	66.727	553	145	4	84	616	8	541	0.0	613
442.616	1525.539	69.380	516	154	3	99	612	25	538	0.0	610
442.616	626.499	37.199	457	256	6	159	609	65	496	1.99e-69	229
442.616	1759.553	37.281	456	271	6	160	613	103	545	1.74e-63	214
442.616	992.565	33.186	452	287	5	159	608	125	563	5.06e-61	208
442.616	924.529	35.080	439	272	6	159	594	74	502	1.17e-58	201
442.616	1067.529	35.080	439	272	6	159	594	74	502	1.17e-58	201
442.616	303.595	35.949	395	239	6	159	549	74	458	8.59e-54	189
442.616	1179.605	34.951	309	191	5	301	606	292	593	2.60e-37	142
442.616	1179.605	40.000	95	54	2	159	253	53	144	4.22e-12	64.3
442.616	164.481	29.464	448	264	9	161	595	51	459	3.95e-34	131
442.616	195.500	29.782	413	270	5	170	582	83	475	2.88e-31	123
442.616	1361.568	30.266	413	268	5	170	582	151	543	1.16e-29	119
442.616	1392.656	29.577	497	327	9	99	594	168	642	1.38e-29	119
442.616	1312.568	29.782	413	270	5	170	582	151	543	8.23e-29	116
442.616	721.593	33.115	305	192	8	307	605	282	580	1.92e-28	115
442.616	721.593	41.905	105	59	1	159	263	51	153	5.01e-16	76.6
442.616	120.511	29.258	458	304	11	160	610	62	506	1.52e-26	109
442.616	677.570	34.138	290	176	9	311	597	283	560	2.08e-26	109
442.616	1629.662	33.455	275	165	6	312	580	372	634	3.33e-21	93.6
442.616	1562.677	30.097	309	191	9	300	598	360	653	1.85e-19	87.8
442.616	752.608	27.063	303	210	4	308	606	297	592	4.05e-19	86.7
442.616	547.708	27.358	318	213	5	300	606	383	693	6.09e-18	83.2
442.616	1023.756	30.288	208	140	4	402	606	521	726	1.38e-17	82.0
442.616	1023.756	31.000	100	67	1	160	259	55	152	5.54e-09	54.3
442.616	578.612	29.766	299	201	4	301	595	288	581	1.67e-17	81.6
442.616	258.674	29.592	294	189	4	308	594	357	639	3.82e-17	80.5
442.616	258.674	41.667	96	54	1	159	254	64	157	1.39e-11	62.8
442.616	334.674	29.592	294	189	4	308	594	357	639	3.82e-17	80.5
442.616	334.674	41.667	96	54	1	159	254	64	157	1.39e-11	62.8
442.616	1223.647	28.188	298	184	8	311	594	333	614	2.84e-16	77.8
442.616	1137.573	28.014	282	181	8	311	582	251	520	5.04e-16	76.6
442.616	893.659	29.893	281	182	3	308	577	343	619	1.13e-15	75.9
442.616	893.659	36.000	100	62	1	159	258	65	162	8.14e-10	57.0
442.616	380.670	28.289	304	210	4	308	609	353	650	1.41e-14	72.4
442.616	380.670	32.292	96	63	1	159	254	68	161	1.15e-08	53.5
442.616	1707.659	26.812	276	197	3	308	582	341	612	1.64e-13	68.9
442.616	1451.706	25.763	295	199	5	308	594	388	670	2.69e-13	68.2
442.616	1451.706	39.796	98	53	3	159	254	64	157	1.61e-10	59.3
442.616	1676.662	27.090	299	196	8	311	599	344	630	7.42e-13	67.0
442.616	800.633	28.571	294	192	7	311	599	315	595	1.48e-12	65.9
442.616	959.628	28.231	294	193	7	311	599	310	590	4.15e-12	64.3
442.616	844.628	28.231	294	193	7	311	599	310	590	7.87e-12	63.5
1272.616	442.616	100.000	616	0	0	1	616	1	616	0.0	913
1272.616	1272.616	100.000	616	0	0	1	616	1	616	0.0	913
1272.616	70.544	71.617	532	150	1	85	615	11	542	0.0	648
1272.616	37.544	71.455	536	143	3	85	614	11	542	0.0	643
1272.616	1494.560	70.980	541	146	2	76	616	31	560	0.0	631
1272.616	474.541	66.727	553	145	4	84	616	8	541	0.0	613
1272.616	1525.539	69.380	516	154	3	99	612	25	538	0.0	610
1272.616	626.499	37.199	457	256	6	159	609	65	496	1.99e-69	229
1272.616	1759.553	37.281	456	271	6	160	613	103	545	1.74e-63	214
1272.616	992.565	33.186	452	287	5	159	608	125	563	5.06e-61	208
1272.616	924.529	35.080	439	272	6	159	594	74	502	1.17e-58	201
1272.616	1067.529	35.080	439	272	6	159	594	74	502	1.17e-58	201
1272.616	303.595	35.949	395	239	6	159	549	74	458	8.59e-54	189
1272.616	1179.605	34.951	309	191	5	301	606	292	593	2.60e-37	142
1272.616	1179.605	40.000	95	54	2	159	253	53	144	4.22e-12	64.3
1272.616	164.481	29.464	448	264	9	161	595	51	459	3.95e-34	131
1272.616	195.500	29.782	413	270	5	170	582	83	475	2.88e-31	123
1272.616	1361.568	30.266	413	268	5	170	582	151	543	1.16e-29	119
1272.616	1392.656	29.577	497	327	9	99	594	168	642	1.38e-29	119
1272.616	1312.568	29.782	413	270	5	170	582	151	543	8.23e-29	116
1272.616	721.593	33.115	305	192	8	307	605	282	580	1.92e-28	115
1272.616	721.593	41.905	105	59	1	159	263	51	153	5.01e-16	76.6
1272.616	120.511	29.258	458	304	11	160	610	62	506	1.52e-26	109
1272.616	677.570	34.138	290	176	9	311	597	283	560	2.08e-26	109
1272.616	1629.662	33.455	275	165	6	312	580	372	634	3.33e-21	93.6
1272.616	1562.677	30.097	309	191	9	300	598	360	653	1.85e-19	87.8
1272.616	752.608	27.063	303	210	4	308	606	297	592	4.05e-19	86.7
1272.616	547.708	27.358	318	213	5	300	606	383	693	6.09e-18	83.2
1272.616	1023.756	30.288	208	140	4	402	606	521	726	1.38e-17	82.0
1272.616	1023.756	31.000	100	67	1	160	259	55	152	5.54e-09	54.3
1272.616	578.612	29.766	299	201	4	301	595	288	581	1.67e-17	81.6
1272.616	258.674	29.592	294	189	4	308	594	357	639	3.82e-17	80.5
1272.616	258.674	41.667	96	54	1	159	254	64	157	1.39e-11	62.8
1272.616	334.674	29.592	294	189	4	308	594	357	639	3.82e-17	80.5
1272.616	334.674	41.667	96	54	1	159	254	64	157	1.39e-11	62.8
1272.616	1223.647	28.188	298	184	8	311	594	333	614	2.84e-16	77.8
1272.616	1137.573	28.014	282	181	8	311	582	251	520	5.04e-16	76.6
1272.616	893.659	29.893	281	182	3	308	577	343	619	1.13e-15	75.9
1272.616	893.659	36.000	100	62	1	159	258	65	162	8.14e-10	57.0
1272.616	380.670	28.289	304	210	4	308	609	353	650	1.41e-14	72.4
1272.616	380.670	32.292	96	63	1	159	254	68	161	1.15e-08	53.5
1272.616	1707.659	26.812	276	197	3	308	582	341	612	1.64e-13	68.9
1272.616	1451.706	25.763	295	199	5	308	594	388	670	2.69e-13	68.2
1272.616	1451.706	39.796	98	53	3	159	254	64	157	1.61e-10	59.3
1272.616	1676.662	27.090	299	196	8	311	599	344	630	7.42e-13	67.0
1272.616	800.633	28.571	294	192	7	311	599	315	595	1.48e-12	65.9
1272.616	959.628	28.231	294	193	7	311	599	310	590	4.15e-12	64.3
1272.616	844.628	28.231	294	193	7	311	599	310	590	7.87e-12	63.5
578.612	578.612	100.000	612	0	0	1	612	1	612	0.0	1183
578.612	258.674	71.515	330	89	1	279	603	333	662	1.37e-165	484
578.612	258.674	65.060	166	57	1	1	165	1	166	1.08e-65	223
578.612	334.674	71.515	330	89	1	279	603	333	662	1.37e-165	484
578.612	334.674	65.060	166	57	1	1	165	1	166	1.08e-65	223
578.612	893.659	71.733	329	90	2	278	604	322	649	1.91e-165	483
578.612	893.659	63.636	165	59	1	2	165	3	167	2.34e-61	211
578.612	380.670	67.273	330	107	1	276	604	330	659	5.17e-156	459
578.612	380.670	60.736	163	62	1	5	165	8	170	4.86e-58	202
578.612	1451.706	63.559	354	122	1	257	603	340	693	2.59e-153	454
578.612	1451.706	61.446	166	63	1	1	165	1	166	1.00e-62	216
578.612	752.608	42.718	618	322	12	1	602	1	602	1.04e-134	402
578.612	1676.662	34.628	618	354	14	17	591	26	636	3.57e-92	294
578.612	547.708	48.024	329	164	2	275	602	381	703	1.21e-89	288
578.612	547.708	39.394	198	111	6	1	196	1	191	5.38e-28	114
578.612	1707.659	47.351	302	154	3	287	584	328	628	1.20e-72	242
578.612	1707.659	38.235	170	98	4	22	189	23	187	6.40e-21	92.4
578.612	1137.573	41.584	303	175	2	291	591	241	543	8.10e-69	229
578.612	1137.573	35.374	147	94	1	26	171	32	178	3.64e-22	96.3
578.612	1223.647	44.224	303	165	4	291	590	323	624	3.32e-68	229
578.612	1223.647	29.012	162	106	2	13	165	67	228	1.72e-14	72.0
578.612	721.593	26.576	587	390	17	17	582	5	571	1.21e-34	134
578.612	924.529	33.788	293	186	5	304	591	224	513	2.85e-33	129
578.612	924.529	30.827	133	88	3	56	185	67	198	7.03e-08	50.8
578.612	1067.529	33.788	293	186	5	304	591	224	513	2.85e-33	129
578.612	1067.529	30.827	133	88	3	56	185	67	198	7.03e-08	50.8
578.612	992.565	32.095	296	192	6	305	594	272	564	1.84e-30	121
578.612	164.481	32.700	263	166	6	324	581	203	459	1.88e-27	111
578.612	164.481	30.370	135	92	2	26	158	10	144	1.59e-11	62.4
578.612	626.499	32.776	299	194	3	300	593	199	495	8.69e-27	109
578.612	626.499	30.973	113	76	2	47	158	49	160	1.48e-07	49.7
578.612	677.570	31.228	285	189	6	300	583	282	560	8.25e-26	107
578.612	1392.656	32.567	261	171	4	323	583	390	645	1.49e-25	107
578.612	1629.662	29.866	298	194	6	292	583	362	650	2.18e-25	106
578.612	1361.568	30.325	277	188	3	307	583	286	557	2.48e-25	105
578.612	303.595	34.061	229	146	3	305	528	224	452	9.22e-25	104
578.612	303.595	34.667	150	95	3	21	168	31	179	1.94e-12	65.5
578.612	1312.568	30.916	262	176	3	322	583	301	557	9.66e-25	103
578.612	195.500	30.534	262	177	3	322	583	233	489	1.73e-24	102
578.612	195.500	25.806	186	111	5	21	183	30	211	3.15e-07	48.5
578.612	1525.539	29.260	311	208	4	278	583	220	523	3.54e-24	102
578.612	1525.539	30.769	143	91	3	22	159	46	185	7.75e-10	57.0
578.612	70.544	29.897	291	198	3	298	583	235	524	4.30e-23	99.0
578.612	70.544	29.050	179	99	7	22	184	46	212	1.41e-09	56.2
578.612	37.544	29.553	291	199	3	298	583	236	525	1.61e-22	97.1
578.612	37.544	29.496	139	89	4	24	157	48	182	3.67e-09	54.7
578.612	1179.605	30.395	329	216	7	260	583	264	584	7.37e-22	95.1
578.612	1179.605	30.345	145	98	3	17	159	5	148	2.65e-18	84.0
578.612	844.628	29.885	348	217	10	274	608	285	618	3.39e-21	93.2
578.612	474.541	28.866	291	201	3	298	583	233	522	4.28e-21	92.4
578.612	474.541	30.233	172	106	7	24	189	48	211	1.77e-08	52.8
578.612	442.616	29.766	299	201	4	288	581	301	595	4.61e-21	92.8
578.612	442.616	27.891	147	99	5	25	168	122	264	3.20e-08	52.0
578.612	1272.616	29.766	299	201	4	288	581	301	595	4.61e-21	92.8
578.612	1272.616	27.891	147	99	5	25	168	122	264	3.20e-08	52.0
578.612	120.511	29.897	194	127	5	392	581	303	491	7.98e-20	88.6
578.612	800.633	28.527	319	201	10	278	583	289	593	3.09e-19	87.0
578.612	1494.560	28.866	291	201	3	298	583	252	541	3.19e-19	86.7
578.612	1494.560	30.769	143	90	4	22	159	71	209	5.50e-08	51.2
578.612	959.628	29.518	332	207	10	290	608	301	618	4.26e-19	86.7
578.612	1759.553	27.010	311	203	6	283	585	235	529	7.56e-18	82.4
578.612	1759.553	31.356	118	80	1	43	160	83	199	3.40e-09	55.1
578.612	1023.756	29.193	322	203	12	275	582	406	716	3.07e-15	74.7
578.612	1023.756	27.143	140	99	2	26	163	16	154	3.31e-09	55.1
578.612	1562.677	26.812	276	181	7	316	581	386	650	2.73e-13	68.2
32.601	32.601	100.000	601	0	0	1	601	1	601	0.0	1142
175.600	175.600	100.000	585	0	0	1	585	1	585	0.0	1031
303.595	303.595	100.000	595	0	0	1	595	1	595	0.0	999
303.595	924.529	92.593	459	33	1	1	458	1	459	0.0	665
303.595	1067.529	92.593	459	33	1	1	458	1	459	0.0	665
303.595	992.565	62.413	431	159	2	28	458	79	506	4.86e-159	463
303.595	626.499	48.248	371	174	5	88	455	79	434	3.76e-86	273
303.595	1759.553	43.617	376	196	6	88	458	116	480	4.05e-78	253
303.595	1525.539	36.559	372	230	5	89	455	102	472	6.10e-60	204
303.595	1494.560	34.759	374	230	6	89	456	126	491	6.40e-56	194
303.595	70.544	35.092	379	230	6	88	455	100	473	1.40e-55	192
303.595	37.544	34.667	375	238	4	88	455	100	474	3.24e-55	191
303.595	442.616	35.526	380	231	6	89	458	174	549	4.78e-55	192
303.595	1272.616	35.526	380	231	6	89	458	174	549	4.78e-55	192
303.595	474.541	33.245	376	237	6	89	455	101	471	2.99e-50	178
303.595	164.481	34.783	368	223	3	88	455	63	413	3.66e-48	171
303.595	1361.568	32.895	380	226	6	89	460	155	513	7.26e-43	157
303.595	195.500	31.733	375	239	4	88	460	86	445	4.82e-42	154
303.595	1312.568	32.982	379	227	6	89	460	155	513	4.95e-42	155
303.595	1392.656	32.659	346	206	4	122	460	276	601	6.48e-39	147
303.595	677.570	30.890	382	229	6	89	460	160	516	6.34e-33	129
303.595	120.511	32.353	374	237	9	90	455	77	442	1.10e-32	127
303.595	1179.605	36.864	236	148	1	220	455	301	535	1.28e-31	125
303.595	1179.605	37.113	97	58	2	89	182	67	163	2.13e-09	55.5
303.595	721.593	39.331	239	139	3	220	455	286	521	2.54e-27	112
303.595	1629.662	32.781	302	165	10	167	455	325	601	1.09e-26	110
303.595	1707.659	35.270	241	151	2	219	458	342	578	1.21e-26	110
303.595	752.608	33.594	256	157	2	210	455	279	531	5.05e-26	108
303.595	547.708	34.387	253	160	2	206	455	383	632	6.64e-26	108
303.595	893.659	34.310	239	140	3	220	452	346	573	3.40e-24	102
303.595	1451.706	38.430	242	120	6	224	452	395	620	5.32e-24	102
303.595	258.674	37.555	229	138	3	224	452	364	587	1.25e-22	97.8
303.595	334.674	37.555	229	138	3	224	452	364	587	1.25e-22	97.8
303.595	578.612	34.061	229	146	3	224	452	305	528	8.10e-22	95.1
303.595	1137.573	26.735	389	226	9	117	459	112	487	5.04e-21	92.4
303.595	1676.662	31.449	283	173	9	190	460	306	579	2.98e-19	87.0
303.595	380.670	32.618	233	153	1	220	452	355	583	4.32e-19	86.7
303.595	1023.756	31.760	233	157	2	226	457	435	666	9.33e-18	82.4
303.595	1223.647	31.148	244	157	6	220	458	333	570	8.15e-15	72.8
303.595	800.633	25.726	241	164	4	221	456	315	545	8.06e-11	60.1
303.595	844.628	25.726	241	164	4	221	456	310	540	8.67e-11	60.1
303.595	959.628	25.311	241	165	4	221	456	310	540	5.46e-10	57.4
318.594	318.594	100.000	582	0	0	1	582	1	582	0.0	1100
1203.582	1203.582	100.000	582	0	0	1	582	1	582	0.0	1125
698.581	698.581	100.000	581	0	0	1	581	1	581	0.0	989
1137.573	1137.573	100.000	573	0	0	1	573	1	573	0.0	1092
1137.573	1676.662	73.209	321	86	0	242	562	335	655	3.26e-169	491
1137.573	1676.662	50.840	238	97	3	1	219	1	237	2.69e-62	213
1137.573	1223.647	52.941	323	150	2	241	562	323	644	9.32e-109	335
1137.573	1223.647	45.679	162	71	5	31	179	79	236	6.80e-29	117
1137.573	547.708	49.032	310	154	4	242	549	392	699	3.93e-91	291
1137.573	547.708	41.566	166	95	1	28	191	21	186	5.49e-33	129
1137.573	752.608	49.196	311	154	4	241	549	290	598	4.61e-88	280
1137.573	752.608	35.976	164	105	0	28	191	21	184	3.16e-29	117
1137.573	1707.659	45.397	315	169	3	242	555	335	647	5.51e-78	255
1137.573	1707.659	43.226	155	88	0	30	184	25	179	1.21e-28	116
1137.573	258.674	42.154	325	185	3	241	564	350	672	2.28e-73	243
1137.573	258.674	31.579	152	103	1	31	182	26	176	2.77e-21	93.6
1137.573	334.674	42.154	325	185	3	241	564	350	672	2.28e-73	243
1137.573	334.674	31.579	152	103	1	31	182	26	176	2.77e-21	93.6
1137.573	380.670	40.864	301	176	2	242	542	347	645	5.69e-72	239
1137.573	380.670	34.868	152	98	1	20	171	19	169	1.07e-25	107
1137.573	893.659	42.053	302	173	2	241	542	336	635	2.29e-69	232
1137.573	893.659	35.417	144	92	1	28	171	24	166	5.79e-24	101
1137.573	578.612	41.584	303	175	2	241	543	291	591	3.06e-69	230
1137.573	578.612	35.374	147	94	1	32	178	26	171	3.47e-22	95.9
1137.573	1451.706	40.323	310	182	3	241	549	381	688	5.29e-68	229
1137.573	1451.706	32.143	140	94	1	32	171	27	165	3.46e-23	99.4
1137.573	164.481	27.930	512	305	13	28	533	6	459	4.54e-42	153
1137.573	195.500	24.510	510	320	10	34	535	37	489	6.87e-30	119
1137.573	924.529	30.565	301	200	5	249	545	220	515	1.34e-29	118
1137.573	1067.529	30.565	301	200	5	249	545	220	515	1.34e-29	118
1137.573	992.565	25.956	497	301	11	64	546	120	563	8.16e-29	116
1137.573	303.595	26.566	463	287	10	38	490	43	462	6.88e-28	113
1137.573	677.570	29.412	306	196	8	245	543	277	569	9.97e-28	112
1137.573	1525.539	24.809	524	332	15	28	535	46	523	1.15e-27	112
1137.573	474.541	25.813	492	311	14	41	520	58	507	5.01e-27	110
1137.573	37.544	24.462	511	327	14	41	535	58	525	1.03e-25	106
1137.573	1179.605	30.537	298	181	9	250	535	301	584	3.09e-25	105
1137.573	1179.605	27.465	142	102	1	25	165	7	148	1.59e-10	58.9
1137.573	70.544	24.462	511	326	15	41	535	58	524	3.43e-25	105
1137.573	1392.656	29.310	290	192	6	249	535	366	645	6.36e-25	104
1137.573	626.499	29.043	303	203	6	250	546	199	495	1.17e-24	103
1137.573	1361.568	28.975	283	186	7	257	535	286	557	3.64e-23	99.0
1137.573	1629.662	27.832	309	190	12	243	535	359	650	1.91e-22	97.1
1137.573	1312.568	28.622	283	187	7	257	535	286	557	2.45e-22	96.3
1137.573	1494.560	27.586	290	202	6	251	535	255	541	1.40e-21	94.0
1137.573	442.616	27.957	279	185	7	251	520	311	582	1.98e-20	90.5
1137.573	1272.616	27.957	279	185	7	251	520	311	582	1.98e-20	90.5
1137.573	721.593	31.148	305	171	17	250	534	286	571	2.61e-19	87.0
1137.573	721.593	26.875	160	116	1	25	184	7	165	4.98e-09	54.3
1137.573	1023.756	25.979	281	183	10	268	534	447	716	5.56e-16	76.6
1137.573	1023.756	24.540	163	118	2	22	183	6	164	1.84e-09	55.8
1137.573	1759.553	24.144	526	331	16	22	535	58	527	1.42e-15	75.1
1137.573	120.511	29.688	192	118	9	336	520	296	477	1.37e-14	72.0
1137.573	800.633	30.147	272	166	10	285	546	350	607	2.39e-14	71.2
1137.573	959.628	27.138	269	178	8	285	546	345	602	7.29e-13	66.6
1137.573	844.628	27.138	269	178	8	285	546	345	602	1.23e-12	65.9
1137.573	1562.677	25.424	295	199	10	248	533	368	650	3.11e-11	61.6
1312.568	1312.568	100.000	568	0	0	1	568	1	568	0.0	976
1312.568	1361.568	97.535	568	14	0	1	568	1	568	0.0	951
1312.568	195.500	90.800	500	46	0	69	568	1	500	0.0	830
1312.568	1392.656	77.798	554	109	2	27	568	105	656	0.0	728
1312.568	677.570	48.450	516	250	5	45	559	62	562	3.23e-144	424
1312.568	924.529	33.333	384	240	5	189	557	123	505	1.23e-51	181
1312.568	1067.529	33.333	384	240	5	189	557	123	505	1.23e-51	181
1312.568	626.499	32.009	428	279	4	139	559	64	486	1.97e-48	171
1312.568	164.481	33.958	427	256	10	139	554	47	458	1.38e-47	169
1312.568	303.595	32.626	377	239	4	155	517	89	464	1.79e-44	162
1312.568	1525.539	28.717	491	323	9	90	557	37	523	1.22e-43	159
1312.568	1629.662	34.783	276	170	4	285	554	376	647	1.43e-43	160
1312.568	992.565	31.675	382	240	5	189	550	174	554	1.21e-42	156
1312.568	70.544	28.543	494	313	10	94	557	41	524	7.04e-41	151
1312.568	721.593	33.564	289	178	6	279	556	286	571	1.39e-39	148
1312.568	1759.553	29.330	433	296	5	140	563	102	533	1.55e-39	147
1312.568	37.544	29.032	496	309	10	94	557	41	525	1.71e-39	147
1312.568	442.616	27.689	502	330	10	80	554	99	594	9.20e-39	146
1312.568	1272.616	27.689	502	330	10	80	554	99	594	9.20e-39	146
1312.568	1494.560	31.116	421	273	7	152	557	123	541	6.07e-38	143
1312.568	474.541	27.439	492	298	10	90	543	37	507	5.83e-35	134
1312.568	1179.605	31.034	290	183	6	279	557	301	584	4.26e-32	126
1312.568	1179.605	29.545	88	62	0	144	231	56	143	7.62e-07	47.4
1312.568	752.608	32.404	287	187	5	277	557	298	583	2.35e-30	121
1312.568	547.708	31.359	287	190	4	277	557	399	684	3.72e-30	120
1312.568	1451.706	34.221	263	168	4	300	557	411	673	1.55e-27	112
1312.568	258.674	31.183	279	183	4	286	557	366	642	4.18e-25	105
1312.568	334.674	31.183	279	183	4	286	557	366	642	4.18e-25	105
1312.568	578.612	30.325	277	188	3	286	557	307	583	8.81e-25	103
1312.568	380.670	30.769	286	190	5	286	566	362	644	5.08e-24	102
1312.568	120.511	28.883	412	258	10	156	543	77	477	1.92e-23	99.4
1312.568	1137.573	28.521	284	186	8	286	557	257	535	4.86e-22	95.5
1312.568	893.659	33.476	233	152	3	279	509	346	577	7.45e-22	95.1
1312.568	1223.647	29.492	295	193	8	274	557	327	617	9.24e-22	94.7
1312.568	800.633	28.521	284	188	5	282	557	317	593	4.52e-21	92.4
1312.568	844.628	28.169	284	189	5	282	557	312	588	5.20e-21	92.4
1312.568	1676.662	27.778	306	194	11	274	560	338	635	6.67e-21	92.0
1312.568	959.628	28.521	284	188	5	282	557	312	588	7.53e-21	92.0
1312.568	1707.659	27.972	286	200	3	278	557	342	627	9.69e-21	91.7
1312.568	1562.677	29.032	279	184	7	285	554	376	649	7.50e-18	82.4
1312.568	1023.756	25.080	311	202	9	280	564	430	735	1.96e-13	68.6
1361.568	1361.568	100.000	568	0	0	1	568	1	568	0.0	971
1361.568	1312.568	97.535	568	14	0	1	568	1	568	0.0	946
1361.568	195.500	91.400	500	43	0	69	568	1	500	0.0	830
1361.568	1392.656	77.798	554	109	2	27	568	105	656	0.0	718
1361.568	677.570	48.256	516	251	5	45	559	62	562	2.34e-142	419
1361.568	924.529	33.333	384	240	5	189	557	123	505	3.45e-52	182
1361.568	1067.529	33.333	384	240	5	189	557	123	505	3.45e-52	182
1361.568	626.499	32.326	430	275	5	139	559	64	486	3.59e-47	168
1361.568	164.481	33.958	427	256	10	139	554	47	458	4.17e-47	167
1361.568	303.595	32.540	378	238	4	155	517	89	464	3.64e-45	164
1361.568	1629.662	35.145	276	169	4	285	554	376	647	7.62e-45	164
1361.568	1525.539	29.376	497	312	10	90	557	37	523	1.00e-44	162
1361.568	992.565	31.414	382	241	5	189	550	174	554	1.93e-42	156
1361.568	70.544	31.280	422	252	8	151	543	97	509	2.58e-41	152
1361.568	37.544	31.368	424	250	8	151	543	97	510	5.36e-40	149
1361.568	1759.553	29.330	433	296	5	140	563	102	533	7.75e-40	148
1361.568	721.593	33.218	289	179	6	279	556	286	571	6.13e-39	146
1361.568	442.616	28.571	490	318	9	80	543	99	582	1.16e-38	145
1361.568	1272.616	28.571	490	318	9	80	543	99	582	1.16e-38	145
1361.568	474.541	28.540	459	279	10	139	563	85	528	1.70e-37	141
1361.568	1494.560	30.879	421	274	7	152	557	123	541	2.77e-37	141
1361.568	1179.605	30.345	290	185	6	279	557	301	584	1.91e-30	121
1361.568	1179.605	29.545	88	62	0	144	231	56	143	7.82e-07	47.4
1361.568	752.608	32.374	278	182	4	286	557	306	583	2.67e-30	120
1361.568	547.708	30.877	285	190	4	279	557	401	684	4.88e-29	117
1361.568	1451.706	34.981	263	166	4	300	557	411	673	2.26e-28	115
1361.568	258.674	31.769	277	184	4	286	557	366	642	8.34e-26	107
1361.568	334.674	31.769	277	184	4	286	557	366	642	8.34e-26	107
1361.568	578.612	30.325	277	188	3	286	557	307	583	2.05e-25	105
1361.568	380.670	31.119	286	189	5	286	566	362	644	1.72e-24	103
1361.568	893.659	30.796	289	185	5	279	553	346	633	2.73e-23	99.8
1361.568	1137.573	28.772	285	184	9	286	557	257	535	5.39e-23	98.6
1361.568	120.511	28.117	409	265	7	156	543	77	477	5.40e-23	98.2
1361.568	1223.647	30.000	290	188	8	279	557	332	617	6.27e-22	95.5
1361.568	844.628	28.169	284	189	5	282	557	312	588	3.29e-21	93.2
1361.568	959.628	28.521	284	188	5	282	557	312	588	5.11e-21	92.4
1361.568	800.633	28.521	284	188	5	282	557	317	593	5.89e-21	92.4
1361.568	1676.662	30.100	299	188	11	278	560	342	635	1.02e-20	91.7
1361.568	1707.659	28.322	286	199	3	278	557	342	627	3.32e-20	90.1
1361.568	1562.677	29.032	279	184	7	285	554	376	649	1.90e-17	81.3
1361.568	1023.756	24.759	311	203	9	280	564	430	735	3.71e-13	67.8
1184.567	1184.567	100.000	567	0	0	1	567	1	567	0.0	1027
173.560	173.560	100.000	560	0	0	1	560	1	560	0.0	841
173.560	1382.473	32.808	317	169	7	201	517	178	450	4.55e-39	144
173.560	678.354	35.052	291	153	6	233	519	76	334	1.58e-38	140
1494.560	1494.560	100.000	543	0	0	18	560	18	560	0.0	884
1494.560	70.544	75.984	508	112	2	61	559	36	542	0.0	667
1494.560	37.544	74.753	507	119	1	61	558	36	542	0.0	661
1494.560	474.541	74.704	506	122	2	61	560	36	541	0.0	649
1494.560	442.616	70.980	541	146	2	31	560	76	616	0.0	642
1494.560	1272.616	70.980	541	146	2	31	560	76	616	0.0	642
1494.560	1525.539	71.173	503	138	2	61	556	36	538	0.0	630
1494.560	626.499	37.445	454	259	7	107	553	61	496	1.23e-67	223
1494.560	992.565	33.408	449	284	5	110	552	124	563	2.67e-65	218
1494.560	924.529	32.604	457	279	6	108	549	71	513	1.43e-63	213
1494.560	1067.529	32.604	457	279	6	108	549	71	513	1.43e-63	213
1494.560	1759.553	36.607	448	277	5	112	557	103	545	5.87e-63	212
1494.560	303.595	34.439	392	243	6	108	491	71	456	1.35e-55	193
1494.560	1179.605	35.593	295	184	4	257	550	304	593	6.94e-39	146
1494.560	1179.605	37.815	119	66	3	108	221	50	165	1.35e-13	68.9
1494.560	195.500	30.068	439	270	8	123	549	84	497	1.46e-37	140
1494.560	164.481	29.587	436	285	9	113	546	51	466	1.75e-37	140
1494.560	677.570	32.494	437	276	10	110	544	144	563	8.36e-34	130
1494.560	1312.568	31.116	421	273	7	123	541	152	557	1.24e-32	127
1494.560	1361.568	30.879	421	274	7	123	541	152	557	3.27e-32	126
1494.560	1392.656	30.986	426	267	7	123	541	240	645	8.80e-31	122
1494.560	721.593	33.557	298	189	6	256	549	288	580	1.46e-30	121
1494.560	721.593	41.739	115	65	1	110	224	50	162	2.52e-16	77.4
1494.560	120.511	29.581	453	291	11	113	551	63	501	4.77e-30	119
1494.560	1629.662	32.258	279	163	8	256	524	372	634	6.24e-23	98.6
1494.560	1137.573	26.355	406	261	11	148	541	156	535	3.18e-21	92.8
1494.560	752.608	28.713	303	205	4	252	550	297	592	1.13e-20	91.3
1494.560	547.708	28.713	303	205	4	252	550	398	693	3.87e-19	86.7
1494.560	1023.756	31.156	199	132	4	345	540	520	716	4.16e-19	86.7
1494.560	1023.756	28.814	118	80	2	112	229	55	168	6.12e-07	47.8
1494.560	1223.647	32.367	207	131	5	338	541	417	617	2.72e-18	84.0
1494.560	578.612	29.268	205	139	3	338	541	384	583	1.04e-16	78.6
1494.560	1676.662	31.308	214	130	7	335	541	425	628	1.49e-15	75.1
1494.560	258.674	28.758	306	200	4	252	550	357	651	1.96e-15	74.7
1494.560	258.674	35.000	100	63	1	110	209	63	160	4.01e-08	51.6
1494.560	334.674	28.758	306	200	4	252	550	357	651	1.96e-15	74.7
1494.560	334.674	35.000	100	63	1	110	209	63	160	4.01e-08	51.6
1494.560	1707.659	25.084	299	219	3	252	549	341	635	2.86e-15	74.3
1494.560	893.659	28.866	291	201	3	252	541	343	628	1.99e-14	71.6
1494.560	893.659	33.913	115	73	2	110	224	64	175	2.12e-08	52.4
1494.560	380.670	27.393	303	214	3	252	553	353	650	2.78e-14	71.2
1494.560	1562.677	29.592	294	182	9	256	539	372	650	8.67e-14	69.7
1494.560	1451.706	26.293	232	152	5	334	558	470	689	1.34e-13	68.9
1494.560	1451.706	34.188	117	74	2	107	222	60	174	1.85e-08	52.4
1494.560	844.628	31.183	186	113	4	342	524	399	572	2.45e-11	61.6
1494.560	959.628	30.645	186	114	4	342	524	399	572	1.58e-10	58.9
1494.560	800.633	29.570	186	116	4	342	524	404	577	7.40e-10	57.0
1558.557	1558.557	100.000	557	0	0	1	557	1	557	0.0	1084
1558.557	634.521	42.596	547	280	6	11	554	3	518	1.93e-129	384
1558.557	681.528	39.744	546	297	5	11	554	9	524	1.93e-122	366
1558.557	1755.528	41.016	551	288	9	11	554	4	524	3.39e-121	363
1558.557	797.554	37.566	567	310	11	3	554	6	543	3.35e-110	336
1558.557	962.554	37.766	564	313	10	3	554	6	543	1.90e-109	334
1558.557	847.554	37.566	567	310	11	3	554	6	543	6.67e-109	332
1558.557	1364.542	35.596	545	316	7	14	554	13	526	1.95e-101	313
1558.557	1315.542	35.046	545	319	7	14	554	13	526	2.33e-100	310
1558.557	1387.542	35.949	548	314	9	14	556	14	529	4.91e-96	298
1558.557	192.542	35.963	545	314	8	14	554	13	526	4.44e-94	293
1558.557	374.523	25.321	545	329	17	27	545	20	512	1.46e-30	120
1558.557	1633.490	27.412	456	265	15	25	465	8	412	6.64e-30	118
1558.557	748.517	25.714	490	269	15	21	469	8	443	1.21e-28	115
1558.557	1702.510	25.785	446	266	13	25	435	6	421	8.62e-27	109
1558.557	1497.497	26.651	439	264	11	47	470	28	423	1.13e-25	105
1558.557	1455.499	28.132	423	256	14	47	459	30	414	1.67e-25	105
1558.557	445.495	27.335	439	250	12	47	461	26	419	9.22e-24	100
1558.557	1275.495	27.335	439	250	12	47	461	26	419	9.22e-24	100
1558.557	73.528	27.561	410	240	12	47	441	29	396	2.61e-23	99.0
1558.557	1679.504	26.728	434	260	13	47	465	33	423	1.20e-22	97.1
1558.557	1522.501	24.571	525	319	15	48	552	33	500	6.61e-22	94.7
1558.557	471.498	25.517	435	264	12	47	465	29	419	1.73e-21	93.2
1558.557	1226.174	36.571	175	108	2	382	555	1	173	7.59e-19	80.1
797.554	797.554	100.000	554	0	0	1	554	1	554	0.0	1091
797.554	847.554	95.668	554	24	0	1	554	1	554	0.0	1050
797.554	962.554	95.307	554	26	0	1	554	1	554	0.0	1043
797.554	681.528	45.672	543	273	6	8	546	3	527	2.12e-154	448
797.554	1755.528	46.168	535	273	6	15	546	5	527	4.14e-152	442
797.554	1387.542	42.805	549	290	8	1	545	1	529	5.53e-134	396
797.554	1315.542	41.405	541	296	7	7	543	3	526	4.93e-131	389
797.554	1364.542	41.035	541	298	7	7	543	3	526	3.61e-128	382
797.554	192.542	42.007	538	291	7	10	543	6	526	8.44e-124	370
797.554	634.521	39.623	530	300	9	17	543	6	518	1.32e-116	351
797.554	1558.557	37.566	567	310	11	6	543	3	554	1.95e-104	321
797.554	1522.501	28.928	401	234	13	76	456	56	425	4.81e-33	127
797.554	1633.490	27.981	411	255	12	76	473	49	431	1.51e-32	126
797.554	748.517	26.036	507	291	15	26	491	10	473	3.86e-30	119
797.554	1497.497	28.141	398	234	11	76	449	52	421	1.10e-29	118
797.554	1455.499	27.820	399	234	13	76	449	54	423	1.01e-28	115
797.554	374.523	27.132	387	212	10	76	422	59	415	1.98e-28	114
797.554	1226.174	39.655	174	102	2	371	543	1	172	1.23e-26	102
797.554	445.495	26.768	396	242	11	76	449	50	419	6.05e-25	103
797.554	1275.495	26.768	396	242	11	76	449	50	419	6.05e-25	103
797.554	73.528	28.152	341	182	11	76	384	53	362	1.19e-24	103
797.554	1679.504	25.106	470	291	15	53	500	33	463	3.53e-24	101
797.554	471.498	25.806	434	264	15	47	456	23	422	9.75e-24	100
797.554	1702.510	22.293	471	275	13	76	500	47	472	2.80e-21	92.8
797.554	683.46	57.143	42	17	1	342	383	5	45	1.42e-08	46.6
797.554	683.46	66.667	27	9	0	79	105	1	27	4.73e-08	45.4
847.554	847.554	100.000	554	0	0	1	554	1	554	0.0	1055
847.554	962.554	99.639	554	2	0	1	554	1	554	0.0	1050
847.554	797.554	95.668	554	24	0	1	554	1	554	0.0	1021
847.554	681.528	45.102	541	279	5	8	546	3	527	2.20e-148	433
847.554	1755.528	46.355	535	272	6	15	546	5	527	1.00e-145	426
847.554	1387.542	42.441	549	292	8	1	545	1	529	2.37e-128	382
847.554	1315.542	41.035	541	298	7	7	543	3	526	1.35e-121	365
847.554	1364.542	41.035	541	298	7	7	543	3	526	1.40e-119	359
847.554	192.542	41.264	538	295	7	10	543	6	526	2.58e-117	353
847.554	634.521	39.057	530	303	8	17	543	6	518	7.74e-109	331
847.554	1558.557	37.566	567	310	11	6	543	3	554	6.76e-98	304
847.554	1522.501	28.297	417	244	13	76	472	56	437	1.41e-30	120
847.554	1633.490	28.293	410	250	13	76	472	49	427	6.18e-30	118
847.554	748.517	26.995	426	232	13	26	410	10	397	7.39e-29	115
847.554	374.523	26.147	436	239	12	18	410	8	403	1.72e-27	111
847.554	1455.499	28.125	352	209	11	76	410	54	378	4.38e-27	110
847.554	1497.497	27.848	395	233	11	76	446	52	418	6.13e-27	109
847.554	1679.504	26.243	503	306	18	22	503	8	466	2.35e-24	102
847.554	445.495	26.634	413	239	13	76	458	50	428	2.64e-24	101
847.554	1275.495	26.634	413	239	13	76	458	50	428	2.64e-24	101
847.554	73.528	26.822	343	201	10	76	398	53	365	1.26e-23	100
847.554	471.498	26.000	450	271	16	47	472	23	434	1.56e-22	96.3
847.554	1226.174	38.506	174	104	2	371	543	1	172	5.31e-22	89.0
847.554	1702.510	23.077	351	201	7	76	386	47	368	1.45e-20	90.5
847.554	683.46	66.667	27	9	0	79	105	1	27	3.13e-08	45.8
847.554	683.46	52.381	42	19	1	342	383	5	45	1.46e-07	43.9
962.554	962.554	100.000	554	0	0	1	554	1	554	0.0	1058
962.554	847.554	99.639	554	2	0	1	554	1	554	0.0	1050
962.554	797.554	95.307	554	26	0	1	554	1	554	0.0	1014
962.554	681.528	44.917	541	280	6	8	546	3	527	1.36e-147	431
962.554	1755.528	46.355	535	272	6	15	546	5	527	3.78e-146	427
962.554	1387.542	43.091	550	287	10	1	545	1	529	5.91e-130	386
962.554	1315.542	41.697	542	293	9	7	543	3	526	2.04e-123	369
962.554	1364.542	41.697	542	293	9	7	543	3	526	2.66e-121	364
962.554	192.542	41.450	538	294	7	10	543	6	526	1.27e-118	357
962.554	634.521	39.245	530	302	8	17	543	6	518	2.30e-109	332
962.554	1558.557	37.766	564	313	10	6	543	3	554	1.74e-98	305
962.554	1522.501	28.537	417	243	13	76	472	56	437	1.10e-31	124
962.554	1633.490	28.293	410	250	13	76	472	49	427	4.80e-30	119
962.554	748.517	27.230	426	231	14	26	410	10	397	1.75e-28	114
962.554	1455.499	28.409	352	208	11	76	410	54	378	4.17e-28	113
962.554	1497.497	28.212	397	229	12	76	446	52	418	6.16e-28	112
962.554	374.523	26.147	436	239	12	18	410	8	403	1.85e-27	111
962.554	445.495	26.650	409	244	12	76	458	50	428	3.00e-25	104
962.554	1275.495	26.650	409	244	12	76	458	50	428	3.00e-25	104
962.554	1679.504	25.845	503	308	17	22	503	8	466	1.08e-24	103
962.554	471.498	26.222	450	270	16	47	472	23	434	1.27e-23	99.8
962.554	73.528	27.114	343	200	11	76	398	53	365	2.26e-23	99.4
962.554	1226.174	38.506	174	104	2	371	543	1	172	4.92e-22	89.4
962.554	1702.510	23.077	351	201	7	76	386	47	368	1.25e-20	90.5
962.554	683.46	66.667	27	9	0	79	105	1	27	2.87e-08	45.8
962.554	683.46	52.381	42	19	1	342	383	5	45	1.30e-07	43.9
177.551	177.551	100.000	509	0	0	43	551	43	551	0.0	871
1725.547	1725.547	100.000	547	0	0	1	547	1	547	0.0	1065
192.542	192.542	100.000	525	0	0	1	525	1	525	0.0	887
192.542	1315.542	91.619	525	44	0	1	525	1	525	0.0	837
192.542	1364.542	88.952	525	58	0	1	525	1	525	0.0	811
192.542	1387.542	87.595	524	65	0	2	525	3	526	0.0	793
192.542	681.528	55.470	521	229	2	6	525	5	523	1.43e-178	509
192.542	1755.528	42.256	523	294	4	9	525	3	523	2.05e-113	343
192.542	797.554	41.899	537	291	7	6	525	10	542	3.34e-113	343
192.542	634.521	43.931	519	288	2	8	525	1	517	2.12e-111	337
192.542	962.554	41.341	537	294	7	6	525	10	542	6.75e-110	334
192.542	847.554	41.155	537	295	7	6	525	10	542	1.35e-108	331
192.542	1558.557	35.575	461	263	7	13	442	14	471	2.21e-79	255
192.542	748.517	27.577	388	219	14	21	368	9	374	1.06e-27	112
192.542	1635.85	79.688	64	12	1	1	64	1	63	2.18e-27	101
192.542	374.523	27.919	394	224	13	14	368	8	380	1.11e-26	109
192.542	1455.499	30.033	303	180	9	46	328	30	320	4.19e-25	104
192.542	1522.501	29.355	310	187	9	47	336	33	330	7.13e-24	100
192.542	1633.490	26.744	430	272	14	43	454	22	426	2.24e-23	99.0
192.542	1702.510	26.944	360	206	12	47	366	24	366	3.78e-23	98.2
192.542	1497.497	27.989	368	229	11	19	368	4	353	3.97e-22	95.1
192.542	73.528	27.723	303	187	9	46	328	29	319	7.15e-22	94.4
192.542	471.498	29.085	306	179	10	46	328	29	319	7.91e-22	94.4
192.542	445.495	27.974	311	192	9	46	336	26	324	3.69e-21	92.0
192.542	1275.495	27.974	311	192	9	46	336	26	324	3.69e-21	92.0
192.542	1679.504	29.139	302	184	10	46	328	33	323	4.47e-20	89.0
192.542	684.63	54.348	46	21	0	11	56	12	57	1.17e-09	50.4
192.542	1226.174	37.572	173	106	1	353	525	1	171	6.18e-07	45.4
1315.542	1315.542	100.000	526	0	0	1	526	1	526	0.0	926
1315.542	1364.542	95.817	526	22	0	1	526	1	526	0.0	892
1315.542	192.542	91.635	526	44	0	1	526	1	526	0.0	848
1315.542	1387.542	88.123	522	62	0	5	526	6	527	0.0	823
1315.542	681.528	56.322	522	225	2	6	526	5	524	0.0	518
1315.542	634.521	44.038	520	288	2	8	526	1	518	1.19e-124	371
1315.542	1755.528	42.366	524	294	4	9	526	3	524	2.09e-121	363
1315.542	797.554	40.659	546	293	7	3	526	7	543	1.35e-117	354
1315.542	962.554	41.328	542	295	9	3	526	7	543	1.69e-115	349
1315.542	847.554	40.476	546	294	7	3	526	7	543	3.99e-114	345
1315.542	1558.557	34.679	545	321	8	13	526	14	554	1.04e-79	256
1315.542	748.517	26.652	469	267	16	18	440	6	443	3.51e-31	122
1315.542	1633.490	27.711	415	253	14	47	439	26	415	2.46e-29	116
1315.542	1702.510	26.160	474	285	17	21	454	2	450	9.33e-29	115
1315.542	1455.499	29.155	367	222	12	46	392	30	378	2.05e-28	114
1315.542	374.523	26.277	411	242	12	24	395	18	406	1.28e-27	112
1315.542	1635.85	82.812	64	10	1	1	64	1	63	2.85e-27	100
1315.542	1522.501	27.184	412	260	12	47	438	33	424	1.54e-25	105
1315.542	1497.497	28.389	391	239	14	22	392	7	376	4.08e-24	101
1315.542	445.495	27.248	367	229	12	46	392	26	374	4.04e-23	98.2
1315.542	1275.495	27.248	367	229	12	46	392	26	374	4.04e-23	98.2
1315.542	73.528	28.383	303	185	10	46	328	29	319	5.06e-23	98.2
1315.542	471.498	28.150	373	218	15	46	392	29	377	3.71e-22	95.1
1315.542	1679.504	26.456	412	265	13	46	438	33	425	1.07e-21	94.0
1315.542	1226.174	37.356	174	107	1	353	526	1	172	7.93e-17	74.3
1315.542	684.63	54.348	46	21	0	11	56	12	57	9.40e-09	47.8
1364.542	1364.542	100.000	526	0	0	1	526	1	526	0.0	949
1364.542	1315.542	95.817	526	22	0	1	526	1	526	0.0	912
1364.542	192.542	88.973	526	58	0	1	526	1	526	0.0	825
1364.542	1387.542	88.697	522	59	0	5	526	6	527	0.0	824
1364.542	681.528	57.088	522	221	2	6	526	5	524	0.0	530
1364.542	634.521	44.423	520	286	2	8	526	1	518	1.93e-127	379
1364.542	1755.528	42.286	525	293	5	9	526	3	524	2.54e-123	368
1364.542	797.554	40.293	546	295	7	3	526	7	543	7.09e-120	360
1364.542	962.554	41.328	542	295	9	3	526	7	543	2.04e-119	359
1364.542	847.554	40.476	546	294	7	3	526	7	543	5.37e-118	355
1364.542	1558.557	35.229	545	318	8	13	526	14	554	3.45e-83	265
1364.542	748.517	26.395	466	266	16	21	440	9	443	1.93e-33	129
1364.542	1633.490	28.504	421	250	16	43	439	22	415	5.27e-31	121
1364.542	1702.510	27.311	476	277	19	21	454	2	450	7.21e-30	118
1364.542	374.523	27.725	422	240	14	24	404	18	415	2.07e-29	117
1364.542	1455.499	28.837	430	245	16	46	434	30	439	9.46e-28	112
1364.542	1522.501	27.670	412	258	12	47	438	33	424	4.21e-27	110
1364.542	1635.85	79.688	64	12	1	1	64	1	63	2.28e-26	98.6
1364.542	1497.497	28.855	454	259	18	22	434	7	437	7.41e-26	106
1364.542	445.495	27.103	428	255	14	46	434	26	435	5.89e-25	103
1364.542	1275.495	27.103	428	255	14	46	434	26	435	5.89e-25	103
1364.542	471.498	27.685	419	251	16	46	438	29	421	1.64e-23	99.4
1364.542	73.528	26.484	438	262	16	46	438	29	451	2.89e-23	99.0
1364.542	1679.504	27.184	412	262	13	46	438	33	425	3.87e-23	98.2
1364.542	1226.174	37.931	174	106	1	353	526	1	172	1.08e-18	79.7
1364.542	684.63	54.348	46	21	0	11	56	12	57	6.81e-09	48.1
1364.542	40.169	33.036	112	65	3	46	147	29	140	4.34e-07	45.8
1387.542	1387.542	100.000	542	0	0	1	542	1	542	0.0	933
1387.542	1364.542	88.697	522	59	0	6	527	5	526	0.0	828
1387.542	1315.542	88.123	522	62	0	6	527	5	526	0.0	827
1387.542	192.542	87.619	525	65	0	3	527	2	526	0.0	827
1387.542	681.528	57.854	522	217	2	7	527	5	524	0.0	545
1387.542	634.521	44.660	515	282	2	14	527	6	518	1.55e-126	376
1387.542	797.554	42.391	552	284	8	1	527	1	543	6.82e-126	375
1387.542	962.554	42.413	547	291	8	1	527	1	543	9.30e-124	370
1387.542	847.554	42.029	552	286	8	1	527	1	543	1.01e-122	367
1387.542	1755.528	41.603	524	298	4	10	527	3	524	1.06e-117	353
1387.542	1558.557	34.735	547	318	9	14	527	14	554	1.47e-82	263
1387.542	748.517	27.338	417	228	15	23	393	10	397	2.11e-31	123
1387.542	374.523	27.007	411	239	12	25	396	18	406	1.70e-30	120
1387.542	1455.499	28.883	367	223	12	47	393	30	378	4.29e-29	116
1387.542	1522.501	28.415	366	224	11	48	393	33	380	3.98e-28	113
1387.542	1633.490	26.442	416	261	13	48	442	26	417	4.35e-28	113
1387.542	1497.497	28.900	391	237	14	23	393	7	376	2.26e-27	110
1387.542	1702.510	25.000	460	281	15	23	442	3	438	4.02e-26	107
1387.542	73.528	29.043	303	183	10	47	329	29	319	1.84e-25	105
1387.542	445.495	26.975	367	230	12	47	393	26	374	3.75e-24	101
1387.542	1275.495	26.975	367	230	12	47	393	26	374	3.75e-24	101
1387.542	1679.504	28.321	399	241	15	19	393	4	381	1.12e-23	99.8
1387.542	471.498	27.688	372	221	14	47	393	29	377	5.14e-23	97.8
1387.542	1635.85	66.667	63	20	1	3	65	2	63	8.23e-20	79.7
1387.542	1226.174	37.931	174	106	1	354	527	1	172	1.49e-19	82.0
1387.542	684.63	51.064	47	23	0	11	57	11	57	4.22e-08	45.8
1387.542	40.169	33.036	112	65	3	47	148	29	140	1.96e-07	46.6
