466.119	466.119	100.000	119	0	0	1	119	1	119	2.82e-55	162
1376.119	1376.119	100.000	119	0	0	1	119	1	119	3.15e-79	222
1376.119	1577.95	40.506	79	45	1	4	80	5	83	2.10e-18	67.8
1510.119	1510.119	100.000	119	0	0	1	119	1	119	4.78e-74	209
1703.118	1703.118	100.000	118	0	0	1	118	1	118	6.53e-87	241
1711.118	1711.118	100.000	118	0	0	1	118	1	118	4.36e-86	239
785.117	785.117	100.000	117	0	0	1	117	1	117	1.59e-87	243
1027.117	1027.117	100.000	100	0	0	1	100	1	100	1.99e-71	202
1027.117	717.91	35.211	71	46	0	18	88	19	89	2.18e-13	54.7
1027.117	1490.72	52.778	36	17	0	1	36	1	36	1.00e-08	42.0
1752.117	1752.117	100.000	117	0	0	1	117	1	117	1.25e-83	233
125.116	125.116	100.000	116	0	0	1	116	1	116	8.90e-69	196
1717.116	1717.116	100.000	116	0	0	1	116	1	116	1.57e-47	142
1717.116	761.110	63.889	72	26	0	1	72	1	72	4.07e-23	80.1
1717.116	538.107	58.462	65	27	0	11	75	2	66	1.30e-18	68.6
378.115	378.115	100.000	115	0	0	1	115	1	115	5.74e-63	181
644.114	644.114	100.000	114	0	0	1	114	1	114	2.16e-86	240
1188.112	1188.112	100.000	112	0	0	1	112	1	112	2.05e-71	202
1230.112	1230.112	100.000	112	0	0	1	112	1	112	1.27e-79	223
1230.112	966.83	33.333	69	45	1	9	76	3	71	2.28e-09	43.9
1230.112	1335.75	33.929	56	36	1	21	75	3	58	8.48e-08	39.7
1230.112	1334.74	33.333	60	39	1	17	75	2	61	1.73e-07	38.9
1230.112	965.82	32.308	65	42	2	13	75	4	68	4.93e-07	37.7
1230.112	604.77	37.288	59	37	0	16	74	15	73	6.34e-07	37.4
1460.112	1460.112	100.000	112	0	0	1	112	1	112	1.59e-79	222
1460.112	451.97	42.727	110	48	4	1	110	1	95	1.06e-18	68.2
1460.112	1281.97	42.727	110	48	4	1	110	1	95	1.06e-18	68.2
1689.112	1689.112	100.000	112	0	0	1	112	1	112	4.31e-80	224
1697.112	1697.112	100.000	112	0	0	1	112	1	112	3.18e-71	201
1706.112	1706.112	100.000	112	0	0	1	112	1	112	1.45e-52	154
30.111	30.111	100.000	111	0	0	1	111	1	111	1.33e-77	217
50.111	50.111	100.000	111	0	0	1	111	1	111	4.91e-82	228
567.111	567.111	100.000	111	0	0	1	111	1	111	5.09e-81	226
640.111	640.111	100.000	111	0	0	1	111	1	111	2.58e-81	227
1148.111	1148.111	100.000	111	0	0	1	111	1	111	9.93e-73	205
1219.111	1219.111	100.000	111	0	0	1	111	1	111	5.60e-69	196
1219.111	1672.94	49.231	65	32	1	1	64	1	65	1.10e-17	65.5
1219.111	1141.91	44.262	61	31	2	5	64	4	62	4.85e-13	53.5
1290.111	1290.111	100.000	97	0	0	1	97	1	97	3.29e-71	201
1290.111	1339.111	100.000	97	0	0	1	97	1	97	3.29e-71	201
1339.111	1290.111	100.000	97	0	0	1	97	1	97	3.29e-71	201
1339.111	1339.111	100.000	97	0	0	1	97	1	97	3.29e-71	201
6.110	6.110	100.000	110	0	0	1	110	1	110	2.25e-51	151
628.110	628.110	100.000	110	0	0	1	110	1	110	6.18e-66	188
724.110	724.110	100.000	110	0	0	1	110	1	110	2.48e-80	224
724.110	745.93	31.868	91	57	2	13	102	5	91	5.79e-12	50.8
724.110	449.98	35.106	94	53	4	13	103	5	93	1.59e-11	49.7
724.110	1279.98	35.106	94	53	4	13	103	5	93	1.59e-11	49.7
761.110	761.110	100.000	110	0	0	1	110	1	110	2.29e-68	194
761.110	538.107	66.990	103	30	1	11	109	2	104	4.09e-38	117
761.110	1717.116	61.842	76	29	0	1	76	1	76	1.76e-23	80.9
1228.110	1228.110	100.000	110	0	0	1	110	1	110	3.83e-81	226
1654.110	1654.110	100.000	110	0	0	1	110	1	110	3.84e-77	216
1654.110	1090.108	63.889	108	38	1	1	108	1	107	1.53e-44	134
386.109	386.109	100.000	68	0	0	18	85	18	85	1.98e-34	108
386.109	887.101	79.365	63	13	0	18	80	18	80	1.34e-25	85.9
386.109	252.104	72.308	65	18	0	18	82	18	82	3.58e-24	82.4
386.109	340.104	72.308	65	18	0	18	82	18	82	3.58e-24	82.4
386.109	1445.101	67.742	62	20	0	18	79	18	79	1.77e-21	75.5
386.109	584.96	66.129	62	21	0	18	79	18	79	5.94e-16	61.2
861.109	861.109	100.000	109	0	0	1	109	1	109	9.55e-78	218
1124.109	1124.109	100.000	109	0	0	1	109	1	109	1.43e-58	169
1744.109	1744.109	100.000	109	0	0	1	109	1	109	5.59e-62	178
1090.108	1090.108	100.000	108	0	0	1	108	1	108	5.20e-63	180
1090.108	1654.110	63.889	108	38	1	1	107	1	108	1.25e-35	111
1754.108	1754.108	100.000	108	0	0	1	108	1	108	4.96e-78	218
538.107	538.107	100.000	107	0	0	1	107	1	107	2.21e-44	133
538.107	761.110	57.471	87	33	1	18	104	27	109	5.36e-24	82.0
538.107	1717.116	55.769	52	23	0	19	70	28	79	1.21e-18	68.6
694.107	694.107	100.000	107	0	0	1	107	1	107	1.02e-52	154
1742.107	1742.107	100.000	90	0	0	1	90	1	90	3.88e-54	158
78.106	78.106	100.000	106	0	0	1	106	1	106	5.90e-77	215
207.106	207.106	100.000	106	0	0	1	106	1	106	2.75e-48	143
207.106	1400.106	78.889	90	19	0	1	90	1	90	9.37e-40	121
207.106	1303.106	80.000	90	18	0	1	90	1	90	2.11e-39	120
207.106	1352.106	80.000	90	18	0	1	90	1	90	2.11e-39	120
207.106	669.102	48.387	62	32	0	28	89	25	86	3.47e-15	59.3
212.106	212.106	100.000	106	0	0	1	106	1	106	1.03e-63	182
582.106	582.106	100.000	106	0	0	1	106	1	106	6.46e-68	192
582.106	889.79	61.644	73	28	0	33	105	1	73	3.24e-26	86.7
582.106	384.86	61.111	72	25	1	34	105	5	73	1.05e-22	77.8
582.106	254.80	61.972	71	27	0	33	103	1	71	3.36e-22	76.6
582.106	338.80	61.972	71	27	0	33	103	1	71	3.36e-22	76.6
582.106	1447.84	54.167	72	33	0	33	104	1	72	2.11e-18	67.0
616.106	616.106	100.000	106	0	0	1	106	1	106	5.99e-53	155
616.106	933.84	59.459	37	15	0	58	94	40	76	1.55e-12	52.0
616.106	1058.84	59.459	37	15	0	58	94	40	76	1.55e-12	52.0
616.106	983.102	47.674	86	45	0	1	86	1	86	3.70e-11	48.9
616.106	1767.72	40.816	49	29	0	57	105	22	70	6.84e-10	44.7
616.106	295.40	56.250	32	14	0	63	94	1	32	1.49e-09	43.1
616.106	669.102	39.583	48	29	0	59	106	55	102	7.68e-07	37.4
1142.106	1142.106	100.000	106	0	0	1	106	1	106	5.50e-66	187
1142.106	1671.103	53.488	86	40	0	21	106	18	103	4.75e-26	87.0
1142.106	1713.106	38.889	72	44	0	12	83	9	80	1.90e-13	54.7
1142.106	542.97	32.394	71	48	0	13	83	9	79	1.49e-08	42.0
1142.106	1218.103	32.099	81	54	1	8	87	5	85	3.21e-08	41.2
1142.106	757.97	31.507	73	50	0	11	83	7	79	5.91e-07	37.7
1303.106	1303.106	100.000	106	0	0	1	106	1	106	7.54e-72	202
1303.106	1352.106	100.000	106	0	0	1	106	1	106	7.54e-72	202
1303.106	1400.106	83.962	106	17	0	1	106	1	106	1.21e-61	177
1303.106	207.106	78.302	106	23	0	1	106	1	106	4.70e-54	157
1303.106	669.102	50.000	90	45	0	6	95	3	92	8.30e-24	81.3
1303.106	1621.102	38.272	81	48	2	9	88	4	83	1.47e-10	47.4
1303.106	933.84	38.824	85	48	1	16	100	3	83	3.68e-10	45.8
1303.106	1058.84	38.824	85	48	1	16	100	3	83	3.68e-10	45.8
1352.106	1303.106	100.000	106	0	0	1	106	1	106	7.54e-72	202
1352.106	1352.106	100.000	106	0	0	1	106	1	106	7.54e-72	202
1352.106	1400.106	83.962	106	17	0	1	106	1	106	1.21e-61	177
1352.106	207.106	78.302	106	23	0	1	106	1	106	4.70e-54	157
1352.106	669.102	50.000	90	45	0	6	95	3	92	8.30e-24	81.3
1352.106	1621.102	38.272	81	48	2	9	88	4	83	1.47e-10	47.4
1352.106	933.84	38.824	85	48	1	16	100	3	83	3.68e-10	45.8
1352.106	1058.84	38.824	85	48	1	16	100	3	83	3.68e-10	45.8
1400.106	1400.106	100.000	106	0	0	1	106	1	106	6.49e-60	172
1400.106	1303.106	83.962	106	17	0	1	106	1	106	1.63e-49	146
1400.106	1352.106	83.962	106	17	0	1	106	1	106	1.63e-49	146
1400.106	207.106	74.528	106	27	0	1	106	1	106	1.62e-40	123
1400.106	669.102	49.462	93	47	0	7	99	4	96	1.68e-15	60.1
