494.354	494.354	100.000	354	0	0	1	354	1	354	0.0	542
494.354	218.330	31.739	230	145	4	125	347	104	328	8.79e-23	92.4
494.354	1083.326	30.846	201	130	4	152	352	130	321	2.27e-19	82.4
494.354	427.316	28.804	184	123	4	158	339	126	303	4.47e-18	78.6
494.354	1257.316	28.804	184	123	4	158	339	126	303	4.47e-18	78.6
494.354	815.336	29.565	230	152	6	124	352	112	332	2.11e-13	65.1
494.354	18.322	28.390	236	138	9	127	346	96	316	4.71e-11	57.8
494.354	829.320	24.424	217	155	6	124	338	101	310	2.60e-07	46.2
494.354	944.320	23.636	220	153	7	124	338	101	310	7.76e-07	44.7
1149.352	1149.352	100.000	352	0	0	1	352	1	352	0.0	585
1149.352	611.328	34.167	240	136	8	56	290	60	282	2.93e-25	99.4
1149.352	937.341	30.932	236	136	7	57	283	54	271	3.16e-12	61.6
1149.352	1054.341	30.932	236	136	7	57	283	54	271	3.16e-12	61.6
1149.352	947.345	28.571	301	188	10	54	339	56	344	1.14e-11	59.7
1149.352	832.345	33.028	109	71	2	54	160	56	164	7.98e-09	51.2
1149.352	812.344	27.376	263	157	14	55	309	69	305	9.84e-07	44.7
1461.351	1461.351	100.000	351	0	0	1	351	1	351	0.0	600
1461.351	1498.347	59.942	347	138	1	1	347	1	346	7.53e-111	322
1501.350	1501.350	100.000	350	0	0	1	350	1	350	0.0	679
1712.349	1712.349	100.000	349	0	0	1	349	1	349	0.0	534
144.347	144.347	100.000	347	0	0	1	347	1	347	0.0	672
1498.347	1498.347	100.000	347	0	0	1	347	1	347	0.0	590
1498.347	1461.351	59.942	347	138	1	1	346	1	347	8.86e-113	327
832.345	832.345	100.000	345	0	0	1	345	1	345	0.0	604
832.345	947.345	95.072	345	17	0	1	345	1	345	0.0	579
832.345	979.333	38.362	232	134	4	110	335	99	327	4.35e-36	128
832.345	1576.345	28.274	336	214	10	23	340	10	336	4.39e-24	95.9
832.345	1149.352	29.552	335	209	10	22	344	20	339	4.21e-15	70.1
832.345	1664.369	27.184	309	164	14	32	307	28	308	1.76e-13	65.5
832.345	1210.375	30.973	113	78	0	45	157	50	162	2.20e-11	58.9
832.345	1169.333	29.565	115	68	4	213	324	224	328	3.17e-07	45.8
947.345	947.345	100.000	345	0	0	1	345	1	345	0.0	630
947.345	832.345	95.072	345	17	0	1	345	1	345	0.0	588
947.345	979.333	40.171	234	127	5	110	335	99	327	1.70e-40	140
947.345	1576.345	30.655	336	206	11	23	340	10	336	1.70e-24	97.1
947.345	1149.352	29.254	335	210	11	22	344	20	339	5.01e-16	72.8
947.345	1210.375	25.623	281	180	9	50	312	55	324	5.68e-13	63.9
947.345	1664.369	28.421	285	155	15	50	307	46	308	2.14e-12	62.0
947.345	663.368	25.581	215	136	6	110	314	106	306	4.06e-07	45.8
947.345	711.337	30.252	238	129	11	53	267	52	275	4.15e-07	45.8
947.345	1169.333	30.233	129	77	5	199	324	210	328	4.53e-07	45.4
1576.345	1576.345	100.000	311	0	0	35	345	35	345	5.50e-173	479
1576.345	947.345	27.599	279	182	7	35	307	50	314	5.49e-18	78.6
1576.345	832.345	26.165	279	186	7	35	307	50	314	3.79e-15	70.1
1576.345	979.333	29.123	285	162	10	37	304	43	304	1.38e-09	53.1
1576.345	1664.369	31.111	180	113	6	35	206	46	222	5.22e-09	51.6
1587.345	1587.345	100.000	345	0	0	1	345	1	345	0.0	700
1587.345	1548.333	36.145	332	204	6	1	328	1	328	1.72e-64	202
1587.345	1017.337	32.733	333	222	2	1	333	6	336	2.68e-59	189
1587.345	1780.335	34.821	336	205	7	1	328	1	330	2.10e-55	179
1587.345	868.354	31.928	332	220	5	1	328	1	330	2.46e-52	172
1587.345	654.343	30.514	331	223	5	1	328	1	327	1.28e-44	151
1587.345	1736.332	33.742	326	206	4	1	321	1	321	3.16e-43	147
1587.345	508.346	31.928	332	212	8	12	335	13	338	3.00e-39	137
1587.345	235.345	31.627	332	209	8	1	322	1	324	4.79e-39	136
1587.345	358.345	31.627	332	209	8	1	322	1	324	4.79e-39	136
1587.345	647.381	30.675	326	216	8	1	319	33	355	6.90e-39	137
1587.345	599.348	33.442	308	197	7	17	319	19	323	5.67e-38	134
1587.345	45.345	31.818	330	206	10	12	331	13	333	9.61e-37	130
1587.345	1155.335	30.395	329	213	6	1	321	1	321	6.43e-36	128
1587.345	780.351	24.779	339	243	4	1	329	1	337	6.41e-32	117
1587.345	280.336	28.197	305	213	5	14	318	14	312	8.31e-32	117
1587.345	414.352	28.487	337	222	8	1	324	9	339	1.28e-28	108
35.343	35.343	100.000	343	0	0	1	343	1	343	0.0	634
35.343	68.343	99.708	343	1	0	1	343	1	343	0.0	632
35.343	1492.342	80.758	343	65	1	1	343	1	342	0.0	527
35.343	440.342	77.843	343	75	1	1	343	1	342	0.0	511
35.343	1270.342	77.843	343	75	1	1	343	1	342	0.0	511
35.343	1527.344	74.419	344	87	1	1	343	1	344	0.0	502
35.343	476.342	72.886	343	92	1	1	343	1	342	4.58e-173	479
35.343	301.339	37.380	313	187	6	4	311	3	311	3.11e-53	174
35.343	927.339	36.422	313	190	6	4	311	3	311	5.55e-51	167
35.343	1064.339	36.422	313	190	6	4	311	3	311	5.55e-51	167
35.343	990.337	37.061	313	188	6	4	311	3	311	2.80e-46	155
35.343	623.343	35.106	282	174	5	24	300	24	301	1.08e-42	146
35.343	1394.342	29.900	301	206	5	8	305	5	303	7.99e-34	122
35.343	675.348	26.708	322	206	12	1	305	1	309	1.70e-33	122
35.343	198.344	28.477	302	207	6	8	304	5	302	1.93e-31	116
35.343	1627.347	28.763	299	202	6	16	309	18	310	4.98e-31	115
35.343	1761.356	30.599	317	202	8	1	302	1	314	5.55e-31	115
35.343	1310.341	27.667	300	212	5	8	304	5	302	5.43e-30	112
35.343	1359.341	27.667	300	212	5	8	304	5	302	5.43e-30	112
35.343	719.338	30.153	262	175	5	54	311	58	315	1.75e-28	108
35.343	162.340	29.646	226	151	4	86	305	88	311	5.92e-28	106
35.343	1177.338	32.422	256	162	8	54	303	56	306	1.47e-26	102
35.343	118.342	28.094	299	202	8	6	296	4	297	2.86e-26	102
35.343	957.358	26.959	319	207	10	4	301	6	319	3.60e-21	87.8
35.343	842.358	26.959	319	207	10	4	301	6	319	4.04e-21	87.8
35.343	802.357	26.059	307	201	9	4	300	5	295	2.00e-18	80.1
35.343	1221.372	26.531	294	190	8	29	304	39	324	5.94e-18	78.6
35.343	891.327	32.796	186	116	7	61	241	60	241	5.90e-16	72.4
35.343	256.332	28.253	269	181	9	47	308	49	312	1.05e-15	71.6
35.343	336.332	28.253	269	181	9	47	308	49	312	1.05e-15	71.6
35.343	1449.336	29.876	241	156	6	73	302	72	310	2.66e-15	70.5
35.343	382.333	30.556	252	142	11	8	241	9	245	6.43e-15	69.3
35.343	754.350	26.380	326	210	10	6	311	7	322	1.56e-14	68.6
35.343	580.327	28.479	309	194	13	7	297	4	303	5.94e-13	63.5
35.343	1564.363	24.359	234	151	7	63	278	69	294	5.40e-12	60.8
35.343	545.350	29.630	270	147	12	47	295	59	306	9.45e-12	60.1
35.343	1709.357	23.050	282	193	8	39	305	44	316	8.46e-11	57.0
35.343	1025.338	24.756	307	205	10	11	297	6	306	4.34e-10	54.7
35.343	1139.378	25.000	308	200	11	6	291	16	314	7.88e-09	51.2
68.343	68.343	100.000	343	0	0	1	343	1	343	0.0	634
68.343	35.343	99.708	343	1	0	1	343	1	343	0.0	632
68.343	1492.342	80.758	343	65	1	1	343	1	342	0.0	526
68.343	440.342	77.843	343	75	1	1	343	1	342	0.0	511
68.343	1270.342	77.843	343	75	1	1	343	1	342	0.0	511
68.343	1527.344	74.128	344	88	1	1	343	1	344	0.0	501
68.343	476.342	72.595	343	93	1	1	343	1	342	1.74e-172	478
68.343	301.339	37.061	313	188	6	4	311	3	311	1.38e-52	172
68.343	927.339	36.102	313	191	6	4	311	3	311	2.30e-50	166
68.343	1064.339	36.102	313	191	6	4	311	3	311	2.30e-50	166
68.343	990.337	36.741	313	189	6	4	311	3	311	1.15e-45	154
68.343	623.343	35.106	282	174	5	24	300	24	301	1.60e-42	145
68.343	1394.342	29.900	301	206	5	8	305	5	303	1.48e-33	122
68.343	675.348	26.708	322	206	12	1	305	1	309	3.14e-33	121
68.343	198.344	28.477	302	207	6	8	304	5	302	3.35e-31	115
68.343	1627.347	28.763	299	202	6	16	309	18	310	8.11e-31	114
68.343	1761.356	30.915	317	201	8	1	302	1	314	2.20e-30	113
68.343	1310.341	27.333	300	213	5	8	304	5	302	2.03e-29	110
68.343	1359.341	27.333	300	213	5	8	304	5	302	2.03e-29	110
68.343	719.338	30.153	262	175	5	54	311	58	315	1.93e-28	107
68.343	162.340	29.646	226	151	4	86	305	88	311	7.03e-28	106
68.343	1177.338	32.422	256	162	8	54	303	56	306	1.54e-26	102
68.343	118.342	28.094	299	202	8	6	296	4	297	5.42e-26	101
68.343	957.358	26.959	319	207	10	4	301	6	319	3.05e-21	88.2
68.343	842.358	26.959	319	207	10	4	301	6	319	3.36e-21	88.2
68.343	802.357	26.059	307	201	9	4	300	5	295	2.02e-18	80.1
68.343	1221.372	26.190	294	191	8	29	304	39	324	2.47e-17	77.0
68.343	891.327	32.796	186	116	7	61	241	60	241	6.07e-16	72.4
68.343	256.332	28.253	269	181	9	47	308	49	312	1.15e-15	71.6
68.343	336.332	28.253	269	181	9	47	308	49	312	1.15e-15	71.6
68.343	1449.336	29.876	241	156	6	73	302	72	310	2.71e-15	70.5
68.343	382.333	28.740	254	153	9	6	241	2	245	7.61e-15	69.3
68.343	754.350	26.380	326	210	10	6	311	7	322	1.07e-14	68.9
68.343	580.327	28.479	309	194	13	7	297	4	303	2.87e-13	64.3
68.343	1564.363	24.359	234	151	7	63	278	69	294	5.55e-12	60.8
68.343	545.350	29.630	270	147	12	47	295	59	306	9.72e-12	60.1
68.343	1709.357	23.132	281	192	8	40	305	45	316	1.12e-10	56.6
68.343	1025.338	24.756	307	205	10	11	297	6	306	3.34e-10	55.1
68.343	1139.378	25.649	308	198	12	6	291	16	314	9.09e-09	50.8
1394.342	1394.342	100.000	342	0	0	1	342	1	342	0.0	604
1394.342	1310.341	83.801	321	51	1	20	340	20	339	0.0	511
1394.342	1359.341	83.801	321	51	1	20	340	20	339	0.0	511
1394.342	198.344	82.749	342	57	1	1	340	1	342	4.59e-180	497
1394.342	675.348	46.988	332	156	6	20	339	21	344	1.10e-88	265
1394.342	1492.342	30.545	275	181	4	53	321	54	324	1.86e-32	119
1394.342	476.342	31.225	253	171	3	53	303	54	305	6.73e-32	117
1394.342	623.343	33.028	218	142	3	52	267	55	270	6.78e-32	117
1394.342	440.342	31.349	252	170	3	53	302	53	303	1.29e-30	114
1394.342	1270.342	31.349	252	170	3	53	302	53	303	1.29e-30	114
1394.342	35.343	30.040	253	174	3	53	303	54	305	4.27e-30	112
1394.342	68.343	30.040	253	174	3	53	303	54	305	4.54e-30	112
1394.342	990.337	30.579	242	163	2	27	267	32	269	7.25e-30	111
1394.342	1527.344	28.958	259	180	3	53	308	54	311	3.42e-29	110
1394.342	927.339	30.882	204	140	1	48	250	49	252	5.67e-28	106
1394.342	1064.339	30.882	204	140	1	48	250	49	252	5.67e-28	106
1394.342	301.339	30.882	204	140	1	48	250	49	252	1.99e-27	105
1394.342	1761.356	28.444	225	154	2	50	267	57	281	3.46e-24	96.3
1394.342	1627.347	27.483	302	193	9	52	341	53	340	3.52e-23	93.6
1394.342	1177.338	28.044	271	188	4	52	316	55	324	1.95e-17	77.0
1394.342	162.340	26.587	252	174	4	24	267	27	275	2.26e-17	76.6
1394.342	118.342	28.662	157	109	3	53	208	57	211	2.43e-17	76.6
1394.342	719.338	23.929	280	205	3	52	329	57	330	1.44e-15	71.2
1394.342	957.358	26.794	209	135	6	20	217	25	226	2.40e-10	55.8
1394.342	842.358	26.794	209	135	6	20	217	25	226	2.54e-10	55.5
1394.342	1449.336	29.143	175	117	6	63	232	67	239	4.16e-10	54.7
1394.342	802.357	26.794	209	135	6	20	217	24	225	5.30e-10	54.7
1394.342	256.332	27.807	187	125	6	53	232	56	239	7.66e-10	53.9
1394.342	336.332	27.807	187	125	6	53	232	56	239	7.66e-10	53.9
1394.342	545.350	24.229	227	158	6	21	234	22	247	2.90e-09	52.4
1394.342	1564.363	25.339	221	145	6	52	253	59	278	2.92e-09	52.4
1394.342	1025.338	22.348	264	166	6	31	266	39	291	4.97e-09	51.6
1394.342	891.327	25.714	175	115	6	67	232	66	234	5.02e-08	48.5
1394.342	754.350	23.936	188	138	3	20	202	25	212	1.63e-07	47.0
1492.342	1492.342	100.000	342	0	0	1	342	1	342	0.0	662
1492.342	35.343	80.758	343	65	1	1	342	1	343	0.0	513
1492.342	68.343	80.758	343	65	1	1	342	1	343	0.0	513
1492.342	440.342	72.886	343	91	2	1	342	1	342	1.34e-180	498
1492.342	1270.342	72.886	343	91	2	1	342	1	342	1.34e-180	498
1492.342	1527.344	70.930	344	98	2	1	342	1	344	1.84e-178	493
1492.342	476.342	71.720	343	95	2	1	342	1	342	6.06e-166	461
1492.342	301.339	36.424	302	186	5	23	320	22	321	2.33e-59	189
1492.342	927.339	35.762	302	188	5	23	320	22	321	6.89e-58	186
1492.342	1064.339	35.762	302	188	5	23	320	22	321	6.89e-58	186
1492.342	990.337	37.898	314	180	7	23	325	22	331	1.25e-57	185
1492.342	623.343	37.179	312	185	7	24	329	24	330	6.20e-56	181
1492.342	719.338	31.190	311	203	7	23	327	27	332	1.38e-40	140
1492.342	198.344	32.819	259	156	6	54	303	53	302	8.44e-40	138
1492.342	1177.338	30.345	290	189	7	54	339	56	336	5.78e-37	130
1492.342	675.348	30.116	259	168	6	53	305	59	310	6.64e-36	128
1492.342	1394.342	30.545	275	181	4	54	324	53	321	4.25e-35	126
1492.342	1310.341	29.880	251	174	2	54	303	53	302	5.09e-34	123
1492.342	1359.341	29.880	251	174	2	54	303	53	302	5.09e-34	123
1492.342	1627.347	30.272	294	190	8	54	338	54	341	2.82e-33	121
1492.342	1761.356	31.010	287	180	7	63	333	71	355	2.95e-33	121
1492.342	162.340	28.761	226	154	3	86	305	88	312	2.80e-31	115
1492.342	118.342	28.777	278	185	6	25	295	26	297	1.83e-27	105
1492.342	957.358	28.244	262	172	8	54	308	57	309	1.40e-22	92.0
1492.342	842.358	28.244	262	172	8	54	308	57	309	1.49e-22	92.0
1492.342	1221.372	25.625	320	205	9	29	330	39	343	5.32e-22	90.5
1492.342	891.327	30.645	186	119	6	61	240	60	241	7.45e-22	89.4
1492.342	802.357	29.956	227	143	8	54	273	56	273	1.11e-21	89.4
1492.342	1449.336	29.661	236	155	7	75	301	77	310	1.99e-19	82.8
1492.342	545.350	26.480	321	192	13	43	340	50	349	2.24e-19	82.8
1492.342	382.333	29.412	204	129	8	61	258	64	258	4.20e-19	81.6
1492.342	256.332	26.894	264	178	10	44	296	46	305	3.16e-18	79.0
1492.342	336.332	26.894	264	178	10	44	296	46	305	3.16e-18	79.0
1492.342	754.350	25.524	286	178	11	53	317	57	328	2.28e-17	76.6
1492.342	1025.338	26.070	257	178	6	54	303	62	313	1.25e-14	68.6
1492.342	1564.363	24.359	234	150	6	63	277	69	294	6.40e-14	66.6
1492.342	580.327	27.027	222	142	7	86	294	88	302	1.56e-13	65.1
1492.342	1709.357	29.032	155	95	5	39	184	44	192	1.71e-12	62.4
1492.342	1139.378	25.581	258	160	9	54	290	68	314	8.31e-12	60.1
1616.342	1616.342	100.000	342	0	0	1	342	1	342	6.13e-180	497
1616.342	812.344	38.676	287	164	7	47	327	52	332	7.47e-38	133
1616.342	292.359	38.182	110	55	5	240	337	241	349	3.68e-10	55.1
1616.342	1723.352	31.429	140	87	5	185	317	188	325	9.29e-10	53.9
1310.341	1310.341	100.000	322	0	0	20	341	20	341	0.0	557
1310.341	1359.341	100.000	322	0	0	20	341	20	341	0.0	557
1310.341	198.344	89.846	325	30	1	20	341	20	344	0.0	504
1310.341	1394.342	83.801	321	51	1	20	339	20	340	1.48e-173	481
1310.341	675.348	44.954	327	169	5	20	338	21	344	8.79e-77	234
1310.341	623.343	31.651	218	145	3	52	267	55	270	4.59e-27	104
1310.341	1492.342	29.880	251	174	2	53	302	54	303	9.24e-26	100
1310.341	476.342	29.644	253	175	3	53	303	54	305	4.05e-24	95.9
1310.341	990.337	33.471	242	157	2	30	267	28	269	1.86e-23	94.0
1310.341	440.342	29.762	252	174	3	53	302	53	303	5.18e-23	92.8
1310.341	1270.342	29.762	252	174	3	53	302	53	303	5.18e-23	92.8
1310.341	1527.344	27.413	259	184	3	53	308	54	311	1.03e-22	92.0
1310.341	927.339	28.571	280	175	5	45	314	46	310	1.22e-22	91.7
1310.341	1064.339	28.571	280	175	5	45	314	46	310	1.22e-22	91.7
1310.341	301.339	29.151	271	185	3	45	314	46	310	2.28e-22	90.9
1310.341	68.343	31.336	217	146	3	53	267	54	269	7.28e-22	89.7
1310.341	35.343	31.336	217	146	3	53	267	54	269	7.71e-22	89.7
1310.341	1761.356	30.846	201	132	2	50	243	57	257	9.85e-22	89.4
1310.341	1627.347	26.562	256	180	5	52	302	53	305	1.16e-17	77.8
1310.341	162.340	35.043	117	70	1	157	267	159	275	9.69e-16	72.0
1310.341	1177.338	27.758	281	197	4	52	329	55	332	2.15e-13	64.7
1310.341	118.342	34.118	85	55	1	124	208	128	211	2.94e-12	61.6
1310.341	719.338	23.929	280	205	4	52	329	57	330	3.74e-11	58.2
1310.341	1564.363	30.189	106	68	3	153	253	174	278	1.31e-08	50.4
1359.341	1310.341	100.000	322	0	0	20	341	20	341	0.0	557
1359.341	1359.341	100.000	322	0	0	20	341	20	341	0.0	557
1359.341	198.344	89.846	325	30	1	20	341	20	344	0.0	504
1359.341	1394.342	83.801	321	51	1	20	339	20	340	1.48e-173	481
1359.341	675.348	44.954	327	169	5	20	338	21	344	8.79e-77	234
1359.341	623.343	31.651	218	145	3	52	267	55	270	4.59e-27	104
1359.341	1492.342	29.880	251	174	2	53	302	54	303	9.24e-26	100
1359.341	476.342	29.644	253	175	3	53	303	54	305	4.05e-24	95.9
1359.341	990.337	33.471	242	157	2	30	267	28	269	1.86e-23	94.0
1359.341	440.342	29.762	252	174	3	53	302	53	303	5.18e-23	92.8
1359.341	1270.342	29.762	252	174	3	53	302	53	303	5.18e-23	92.8
1359.341	1527.344	27.413	259	184	3	53	308	54	311	1.03e-22	92.0
1359.341	927.339	28.571	280	175	5	45	314	46	310	1.22e-22	91.7
1359.341	1064.339	28.571	280	175	5	45	314	46	310	1.22e-22	91.7
1359.341	301.339	29.151	271	185	3	45	314	46	310	2.28e-22	90.9
1359.341	68.343	31.336	217	146	3	53	267	54	269	7.28e-22	89.7
1359.341	35.343	31.336	217	146	3	53	267	54	269	7.71e-22	89.7
1359.341	1761.356	30.846	201	132	2	50	243	57	257	9.85e-22	89.4
1359.341	1627.347	26.562	256	180	5	52	302	53	305	1.16e-17	77.8
1359.341	162.340	35.043	117	70	1	157	267	159	275	9.69e-16	72.0
1359.341	1177.338	27.758	281	197	4	52	329	55	332	2.15e-13	64.7
1359.341	118.342	34.118	85	55	1	124	208	128	211	2.94e-12	61.6
1359.341	719.338	23.929	280	205	4	52	329	57	330	3.74e-11	58.2
1359.341	1564.363	30.189	106	68	3	153	253	174	278	1.31e-08	50.4
162.340	162.340	100.000	318	0	0	1	318	1	318	3.00e-146	411
162.340	719.338	30.736	231	156	2	58	288	60	286	1.30e-26	102
162.340	1177.338	38.798	183	107	2	61	242	61	239	1.96e-26	102
162.340	118.342	39.450	109	60	3	141	249	142	244	3.98e-19	81.6
162.340	1492.342	29.412	170	113	3	88	256	86	249	2.42e-17	76.6
162.340	68.343	29.825	171	112	4	88	256	86	250	9.94e-17	74.7
162.340	35.343	29.825	171	112	4	88	256	86	250	1.02e-16	74.7
162.340	990.337	37.879	132	74	3	121	250	119	244	1.49e-16	74.3
162.340	440.342	30.814	172	109	5	88	256	85	249	1.90e-15	70.9
162.340	1270.342	30.814	172	109	5	88	256	85	249	1.90e-15	70.9
162.340	675.348	30.052	193	129	2	58	250	62	248	2.51e-14	67.8
162.340	927.339	37.000	100	57	1	151	250	151	244	2.72e-14	67.4
162.340	1064.339	37.000	100	57	1	151	250	151	244	2.72e-14	67.4
162.340	301.339	37.000	100	57	1	151	250	151	244	3.52e-14	67.4
162.340	1394.342	29.381	194	130	2	58	250	55	242	7.84e-14	66.2
162.340	476.342	27.326	172	115	5	88	256	86	250	1.12e-13	65.9
162.340	198.344	27.835	194	133	2	58	250	55	242	2.08e-13	65.1
162.340	1310.341	35.772	123	73	1	159	281	157	273	2.49e-13	64.7
162.340	1359.341	35.772	123	73	1	159	281	157	273	2.49e-13	64.7
162.340	623.343	32.800	125	79	1	158	282	158	277	3.98e-13	63.9
162.340	1527.344	38.776	98	54	2	159	256	160	251	9.72e-12	59.7
162.340	1627.347	25.444	169	115	4	88	252	86	247	1.15e-09	53.5
162.340	1761.356	27.731	119	83	2	134	250	139	256	5.92e-09	51.2
229.339	229.339	100.000	339	0	0	1	339	1	339	0.0	606
229.339	364.339	100.000	339	0	0	1	339	1	339	0.0	606
364.339	229.339	100.000	339	0	0	1	339	1	339	0.0	606
364.339	364.339	100.000	339	0	0	1	339	1	339	0.0	606
1025.338	1025.338	100.000	338	0	0	1	338	1	338	0.0	662
1025.338	719.338	37.847	288	170	6	23	309	25	304	1.25e-53	174
1025.338	1177.338	37.075	294	178	4	22	314	21	308	2.74e-52	171
1025.338	118.342	29.073	313	210	6	1	311	1	303	1.81e-42	145
1025.338	198.344	25.610	328	205	9	1	314	1	303	3.28e-20	85.1
1025.338	440.342	26.948	308	200	11	5	306	8	296	9.40e-17	74.7
1025.338	1270.342	26.948	308	200	11	5	306	8	296	9.40e-17	74.7
1025.338	301.339	26.791	321	215	10	1	317	1	305	1.12e-15	71.6
1025.338	675.348	23.585	318	222	7	4	313	4	308	4.31e-15	70.1
1025.338	927.339	26.769	325	210	11	1	317	1	305	6.69e-15	69.3
1025.338	1064.339	26.769	325	210	11	1	317	1	305	6.69e-15	69.3
1025.338	1492.342	24.116	311	216	8	8	313	8	303	3.62e-14	67.0
1025.338	68.343	24.756	307	205	10	6	306	11	297	4.67e-14	67.0
1025.338	1394.342	23.127	307	203	7	1	296	1	285	6.18e-14	66.6
1025.338	35.343	24.756	307	205	10	6	306	11	297	6.63e-14	66.2
1025.338	162.340	24.324	222	161	3	95	311	89	308	2.16e-13	64.7
1025.338	476.342	25.000	240	169	6	62	296	54	287	2.63e-13	64.7
1025.338	1527.344	26.154	260	182	6	62	316	54	308	3.62e-13	64.3
1025.338	1310.341	23.885	314	226	7	11	321	7	310	1.49e-12	62.4
1025.338	1359.341	23.885	314	226	7	11	321	7	310	1.49e-12	62.4
1025.338	990.337	24.766	214	154	5	97	307	89	298	2.32e-10	55.5
1025.338	754.350	25.738	237	153	9	92	313	87	315	4.20e-09	52.0
1025.338	623.343	22.995	187	139	4	135	319	128	311	1.08e-08	50.4
1025.338	1709.357	27.468	233	130	10	90	300	87	302	1.09e-08	50.4
1025.338	1761.356	21.498	307	228	7	6	304	6	307	1.43e-08	50.1
1025.338	382.333	28.358	201	132	4	116	305	108	307	9.44e-08	47.8
1025.338	545.350	22.785	237	169	6	95	322	91	322	2.21e-07	46.6
1025.338	1674.387	25.676	148	97	3	174	314	189	330	2.81e-07	46.2
1025.338	580.327	24.631	203	150	3	95	295	89	290	6.55e-07	45.1
711.337	711.337	100.000	337	0	0	1	337	1	337	0.0	505
711.337	1169.333	45.035	282	149	5	56	334	53	331	6.86e-67	209
711.337	1033.329	33.788	293	160	8	57	336	56	327	2.09e-30	113
711.337	154.330	31.868	273	161	12	59	324	63	317	1.89e-12	62.0
711.337	110.329	30.469	256	155	11	85	334	84	322	8.34e-09	50.8
280.336	280.336	100.000	336	0	0	1	336	1	336	0.0	680
280.336	1548.333	33.746	323	208	5	1	317	1	323	9.98e-46	154
280.336	654.343	31.230	317	213	4	1	312	1	317	6.59e-44	149
280.336	1780.335	29.781	319	216	6	1	311	1	319	1.04e-34	124
280.336	1017.337	29.154	319	218	4	1	313	6	322	1.07e-32	119
280.336	1587.345	28.197	305	213	5	14	312	14	318	8.09e-32	117
280.336	780.351	26.687	326	225	6	1	312	1	326	2.92e-31	115
280.336	868.354	27.300	337	232	8	1	325	1	336	1.09e-27	105
280.336	235.345	26.875	320	208	8	14	314	10	322	1.41e-25	100
280.336	358.345	26.875	320	208	8	14	314	10	322	1.41e-25	100
280.336	508.346	29.316	307	202	7	19	314	21	323	2.63e-25	99.4
280.336	45.345	28.846	312	198	9	20	317	22	323	7.82e-24	95.1
280.336	647.381	27.445	317	212	8	14	314	42	356	6.09e-23	93.2
280.336	599.348	27.389	314	214	8	14	313	10	323	2.13e-21	88.2
280.336	1155.335	25.552	317	228	6	8	317	8	323	2.34e-21	88.2
280.336	1736.332	29.825	228	154	4	1	222	1	228	5.68e-19	81.3
280.336	414.352	26.498	317	217	7	8	311	16	329	1.19e-18	80.5
815.336	815.336	100.000	336	0	0	1	336	1	336	0.0	573
815.336	1083.326	31.915	188	119	5	151	334	141	323	6.88e-19	80.9
815.336	944.320	25.287	174	121	4	151	318	140	310	1.29e-13	65.5
815.336	494.354	27.746	346	205	11	18	332	21	352	1.30e-13	65.5
815.336	829.320	24.713	174	122	4	151	318	140	310	9.40e-13	62.8
815.336	18.322	26.257	179	118	4	159	326	141	316	8.82e-10	53.9
1729.336	1729.336	100.000	336	0	0	1	336	1	336	0.0	635
1729.336	1583.193	37.363	91	52	2	144	231	52	140	7.21e-07	43.9
1729.336	288.197	30.201	149	68	3	110	228	11	153	9.21e-07	43.5
518.332	518.332	100.000	332	0	0	1	332	1	332	0.0	690
1736.332	1736.332	100.000	332	0	0	1	332	1	332	0.0	634
1736.332	1780.335	38.037	326	194	4	1	321	1	323	1.82e-58	187
1736.332	1548.333	34.954	329	212	2	1	328	1	328	3.75e-51	167
1736.332	1155.335	33.535	331	214	3	1	328	1	328	1.08e-44	151
1736.332	1587.345	33.742	326	206	4	1	321	1	321	3.04e-43	147
1736.332	868.354	31.889	323	218	2	1	321	1	323	9.02e-43	146
1736.332	654.343	31.532	333	217	4	1	328	1	327	8.79e-39	135
1736.332	1017.337	31.627	332	223	3	1	331	6	334	1.33e-32	119
1736.332	599.348	31.940	335	218	7	1	328	1	332	1.20e-31	116
1736.332	780.351	28.274	336	221	5	1	322	1	330	1.50e-30	113
1736.332	235.345	29.091	330	218	9	1	321	1	323	3.69e-29	109
1736.332	358.345	29.091	330	218	9	1	321	1	323	3.69e-29	109
1736.332	45.345	29.290	338	221	6	1	328	1	330	5.76e-26	100
1736.332	414.352	26.045	311	227	3	1	308	9	319	6.05e-25	98.2
1736.332	508.346	26.113	337	234	5	1	328	1	331	2.23e-22	90.9
1736.332	647.381	25.552	317	231	5	19	331	53	368	2.29e-22	91.3
1736.332	280.336	29.825	228	154	4	1	228	1	222	5.61e-19	81.3
266.331	266.331	100.000	331	0	0	1	331	1	331	0.0	559
266.331	326.331	100.000	331	0	0	1	331	1	331	0.0	559
326.331	266.331	100.000	331	0	0	1	331	1	331	0.0	559
326.331	326.331	100.000	331	0	0	1	331	1	331	0.0	559
154.330	154.330	100.000	312	0	0	1	312	1	312	2.83e-160	446
154.330	1033.329	43.548	124	67	2	13	136	10	130	1.98e-15	70.9
154.330	1169.333	31.915	94	63	1	58	151	51	143	3.50e-09	52.0
154.330	711.337	32.632	95	59	3	63	155	59	150	2.52e-08	49.3
218.330	218.330	100.000	330	0	0	1	330	1	330	0.0	594
218.330	427.316	39.185	319	170	7	3	318	4	301	1.96e-49	162
218.330	1257.316	39.185	319	170	7	3	318	4	301	1.96e-49	162
218.330	494.354	28.125	352	191	10	16	328	19	347	6.46e-26	100
218.330	18.322	30.696	316	192	11	16	322	14	311	4.04e-15	69.7
218.330	1083.326	29.682	283	179	7	43	322	45	310	6.89e-15	68.9
110.329	110.329	100.000	329	0	0	1	329	1	329	0.0	624
110.329	1169.333	31.873	251	135	11	94	322	95	331	3.56e-17	75.9
110.329	711.337	31.765	255	153	12	84	322	85	334	1.80e-15	70.9
110.329	1033.329	29.210	291	172	14	34	309	43	314	9.70e-11	56.6
110.329	1770.329	31.915	141	80	7	186	315	181	316	7.00e-09	50.8
1033.329	1033.329	100.000	329	0	0	1	329	1	329	0.0	565
1033.329	1169.333	35.915	284	157	6	54	315	52	332	7.70e-40	138
1033.329	711.337	34.354	294	157	9	56	327	57	336	1.22e-28	108
1033.329	154.330	34.066	273	156	12	10	267	13	276	3.57e-15	70.1
1033.329	611.328	27.184	206	138	8	69	267	72	272	5.44e-08	48.1
1083.326	1083.326	100.000	326	0	0	1	326	1	326	0.0	591
1083.326	18.322	35.517	290	152	9	45	313	39	314	2.58e-27	104
1083.326	815.336	32.301	226	144	5	103	323	113	334	7.54e-23	92.0
1083.326	494.354	29.839	248	158	5	83	321	112	352	9.13e-22	89.4
1083.326	218.330	30.389	283	177	8	45	310	43	322	1.57e-21	88.2
1083.326	944.320	28.571	189	121	5	129	308	128	311	7.27e-17	74.7
1083.326	829.320	28.571	189	121	5	129	308	128	311	1.26e-16	73.9
1083.326	427.316	28.261	322	200	9	1	309	1	304	4.61e-16	72.4
1083.326	1257.316	28.261	322	200	9	1	309	1	304	4.61e-16	72.4
18.322	18.322	100.000	322	0	0	1	322	1	322	0.0	590
18.322	829.320	29.073	313	209	7	4	309	5	311	3.66e-25	98.2
18.322	944.320	28.435	313	211	7	4	309	5	311	3.21e-24	95.5
18.322	1083.326	33.564	289	159	8	39	314	45	313	1.08e-23	94.4
18.322	218.330	29.154	319	193	10	14	311	16	322	9.98e-19	80.1
18.322	427.316	28.788	198	129	6	129	322	127	316	6.33e-16	72.0
18.322	1257.316	28.788	198	129	6	129	322	127	316	6.33e-16	72.0
18.322	815.336	26.769	325	200	11	15	316	17	326	3.49e-12	60.8
18.322	494.354	28.390	236	138	9	96	316	127	346	3.41e-11	58.2
313.321	313.321	100.000	321	0	0	1	321	1	321	0.0	654
657.320	657.320	100.000	320	0	0	1	320	1	320	0.0	621
829.320	829.320	100.000	320	0	0	1	320	1	320	0.0	592
829.320	944.320	95.625	320	14	0	1	320	1	320	0.0	569
829.320	18.322	27.673	318	207	7	5	311	4	309	7.26e-25	97.4
829.320	1083.326	29.570	186	123	5	128	311	129	308	5.18e-16	72.4
829.320	815.336	25.000	176	123	4	138	310	149	318	2.67e-13	64.3
829.320	427.316	28.090	178	119	5	136	308	127	300	1.43e-10	55.8
829.320	1257.316	28.090	178	119	5	136	308	127	300	1.43e-10	55.8
829.320	218.330	27.429	175	116	6	149	319	157	324	1.79e-08	49.7
944.320	944.320	100.000	320	0	0	1	320	1	320	0.0	602
944.320	829.320	95.625	320	14	0	1	320	1	320	0.0	572
944.320	18.322	27.358	318	208	7	5	311	4	309	1.49e-24	96.7
944.320	1083.326	29.570	186	123	5	128	311	129	308	4.09e-16	72.4
944.320	815.336	25.568	176	122	4	138	310	149	318	4.02e-14	66.6
944.320	427.316	28.090	178	119	4	136	308	127	300	4.87e-11	57.4
944.320	1257.316	28.090	178	119	4	136	308	127	300	4.87e-11	57.4
944.320	218.330	28.000	175	115	6	149	319	157	324	5.09e-08	48.1
1678.318	1678.318	100.000	318	0	0	1	318	1	318	0.0	648
1678.318	472.314	72.026	311	87	0	3	313	1	311	8.03e-174	479
1678.318	332.313	62.821	312	113	2	3	313	1	310	1.32e-142	400
1678.318	260.313	62.500	312	114	2	3	313	1	310	1.71e-141	397
1678.318	1453.315	58.599	314	127	2	1	313	1	312	5.88e-134	378
1678.318	1631.317	33.681	288	183	4	5	287	15	299	1.09e-53	173
1678.318	444.314	34.576	295	182	5	9	295	14	305	1.42e-52	170
1678.318	1274.314	34.576	295	182	5	9	295	14	305	1.42e-52	170
1678.318	1704.320	32.362	309	193	8	6	303	14	317	4.42e-48	159
1678.318	549.320	31.699	306	195	8	8	304	19	319	8.09e-48	158
1678.318	1523.316	32.770	296	183	6	5	289	11	301	9.77e-48	158
1678.318	749.320	31.930	285	185	6	25	303	37	318	1.47e-47	157
1678.318	39.316	32.558	301	187	6	5	294	11	306	5.23e-47	156
1678.318	1757.353	32.131	305	188	5	1	293	44	341	2.02e-46	155
1678.318	72.316	32.847	274	177	4	25	294	36	306	4.90e-46	153
1678.318	1496.315	30.952	294	187	6	5	287	10	298	6.41e-45	150
1678.318	375.322	30.612	294	194	7	9	295	22	312	7.00e-42	142
1678.318	630.325	34.007	297	166	8	11	301	30	302	7.57e-42	142
1678.318	798.324	34.237	295	169	8	6	285	19	303	2.02e-39	136
1678.318	846.324	35.294	221	129	2	19	227	30	248	7.67e-36	127
1678.318	961.324	35.294	221	129	2	19	227	30	248	8.07e-36	127
1678.318	1560.238	34.322	236	131	8	80	306	10	230	2.08e-29	107
1678.318	818.249	31.416	226	142	6	11	227	28	249	7.59e-23	90.5
427.316	427.316	100.000	316	0	0	1	316	1	316	0.0	532
427.316	1257.316	100.000	316	0	0	1	316	1	316	0.0	532
427.316	218.330	38.110	328	179	7	4	310	3	327	5.32e-56	179
427.316	494.354	28.834	326	185	9	19	303	20	339	6.07e-20	84.0
427.316	18.322	28.283	198	130	5	127	316	129	322	3.94e-16	72.4
427.316	1083.326	29.282	181	119	4	126	304	136	309	1.37e-12	62.0
427.316	944.320	28.090	178	119	4	127	300	136	308	3.86e-11	57.8
427.316	829.320	28.090	178	119	5	127	300	136	308	1.17e-10	56.2
1257.316	427.316	100.000	316	0	0	1	316	1	316	0.0	532
1257.316	1257.316	100.000	316	0	0	1	316	1	316	0.0	532
1257.316	218.330	38.110	328	179	7	4	310	3	327	5.32e-56	179
1257.316	494.354	28.834	326	185	9	19	303	20	339	6.07e-20	84.0
1257.316	18.322	28.283	198	130	5	127	316	129	322	3.94e-16	72.4
1257.316	1083.326	29.282	181	119	4	126	304	136	309	1.37e-12	62.0
1257.316	944.320	28.090	178	119	4	127	300	136	308	3.86e-11	57.8
1257.316	829.320	28.090	178	119	5	127	300	136	308	1.17e-10	56.2
1432.316	1432.316	100.000	316	0	0	1	316	1	316	0.0	554
1192.312	1192.312	100.000	312	0	0	1	312	1	312	0.0	558
1604.312	1604.312	100.000	312	0	0	1	312	1	312	0.0	523
86.307	86.307	100.000	307	0	0	1	307	1	307	0.0	620
86.307	87.268	32.450	151	82	7	43	175	6	154	4.71e-07	45.1
1009.307	1009.307	100.000	307	0	0	1	307	1	307	0.0	642
686.306	686.306	100.000	306	0	0	1	306	1	306	0.0	637
7.304	7.304	100.000	291	0	0	1	291	1	291	0.0	563
