551.86	551.86	100.000	86	0	0	1	86	1	86	1.17e-63	179
614.86	614.86	100.000	86	0	0	1	86	1	86	1.94e-47	138
789.86	789.86	100.000	86	0	0	1	86	1	86	2.47e-46	135
789.86	857.86	87.209	86	11	0	1	86	1	86	4.27e-39	117
857.86	857.86	100.000	86	0	0	1	86	1	86	6.98e-62	175
857.86	789.86	87.209	86	11	0	1	86	1	86	2.04e-43	128
1006.86	1006.86	100.000	86	0	0	1	86	1	86	4.53e-63	178
1371.86	1371.86	100.000	86	0	0	1	86	1	86	2.27e-36	110
1371.86	1641.86	84.884	86	13	0	1	86	1	86	1.57e-31	98.6
1371.86	182.85	79.070	86	17	1	1	86	1	85	6.90e-25	81.6
1443.86	1443.86	100.000	86	0	0	1	86	1	86	1.06e-20	71.2
1641.86	1641.86	100.000	86	0	0	1	86	1	86	3.18e-33	102
1641.86	1371.86	84.884	86	13	0	1	86	1	86	1.18e-30	96.3
1641.86	182.85	77.907	86	18	1	1	86	1	85	6.15e-22	74.3
141.85	141.85	100.000	85	0	0	1	85	1	85	7.94e-61	172
159.85	159.85	100.000	76	0	0	1	76	1	76	1.42e-25	83.6
182.85	182.85	100.000	85	0	0	1	85	1	85	4.41e-33	102
182.85	1641.86	77.907	86	18	1	1	85	1	86	1.60e-24	80.9
182.85	1371.86	79.070	86	17	1	1	85	1	86	4.31e-23	77.0
274.85	274.85	100.000	85	0	0	1	85	1	85	1.74e-59	169
485.85	485.85	100.000	85	0	0	1	85	1	85	7.63e-60	169
485.85	1483.84	42.105	95	34	3	1	85	1	84	1.03e-19	68.6
705.85	705.85	100.000	85	0	0	1	85	1	85	1.59e-62	176
1007.85	1007.85	100.000	85	0	0	1	85	1	85	2.00e-49	143
1440.85	1440.85	100.000	85	0	0	1	85	1	85	2.24e-59	168
1635.85	1635.85	100.000	85	0	0	1	85	1	85	2.60e-60	171
1635.85	684.63	51.111	45	22	0	11	55	12	56	1.08e-10	45.1
1683.85	1683.85	100.000	62	0	0	1	62	1	62	6.53e-46	134
1753.85	1753.85	100.000	85	0	0	1	85	1	85	3.75e-62	176
618.84	618.84	100.000	84	0	0	1	84	1	84	2.59e-40	120
618.84	931.82	35.211	71	30	2	28	84	14	82	1.80e-09	42.4
618.84	1060.82	35.211	71	30	2	28	84	14	82	1.80e-09	42.4
618.84	297.82	33.803	71	31	2	28	84	14	82	4.31e-08	38.9
1483.84	1483.84	100.000	84	0	0	1	84	1	84	1.20e-44	131
1483.84	485.85	43.617	94	34	2	1	84	1	85	1.79e-17	62.8
1623.84	1623.84	100.000	84	0	0	1	84	1	84	1.07e-30	96.3
1733.84	1733.84	100.000	84	0	0	1	84	1	84	2.69e-43	128
22.83	22.83	100.000	83	0	0	1	83	1	83	1.13e-56	161
22.83	60.83	97.590	83	2	0	1	83	1	83	7.59e-55	157
60.83	60.83	100.000	83	0	0	1	83	1	83	2.31e-56	160
60.83	22.83	97.590	83	2	0	1	83	1	83	7.59e-55	157
116.83	116.83	100.000	41	0	0	21	61	21	61	7.40e-11	45.8
557.83	557.83	100.000	83	0	0	1	83	1	83	1.54e-56	161
566.83	566.83	100.000	83	0	0	1	83	1	83	6.37e-61	172
926.83	926.83	100.000	83	0	0	1	83	1	83	1.10e-57	164
926.83	1065.83	100.000	83	0	0	1	83	1	83	1.10e-57	164
985.83	985.83	100.000	32	0	0	52	83	52	83	4.92e-19	66.6
985.83	931.82	86.207	29	4	0	52	80	52	80	1.42e-14	55.5
985.83	1060.82	86.207	29	4	0	52	80	52	80	1.42e-14	55.5
985.83	297.82	75.862	29	7	0	52	80	52	80	6.32e-12	48.5
1065.83	926.83	100.000	83	0	0	1	83	1	83	1.10e-57	164
1065.83	1065.83	100.000	83	0	0	1	83	1	83	1.10e-57	164
1568.83	1568.83	100.000	35	0	0	49	83	49	83	9.16e-20	68.6
79.82	79.82	100.000	82	0	0	1	82	1	82	3.26e-59	168
272.82	272.82	100.000	82	0	0	1	82	1	82	7.71e-44	129
272.82	320.82	100.000	82	0	0	1	82	1	82	7.71e-44	129
297.82	297.82	100.000	69	0	0	1	69	1	69	6.92e-37	111
297.82	931.82	98.551	69	1	0	1	69	1	69	2.19e-36	110
297.82	1060.82	98.551	69	1	0	1	69	1	69	2.19e-36	110
297.82	985.83	72.464	69	19	0	1	69	1	69	6.31e-18	63.9
297.82	618.84	38.028	71	42	1	1	69	1	71	1.16e-13	53.1
320.82	272.82	100.000	82	0	0	1	82	1	82	7.71e-44	129
320.82	320.82	100.000	82	0	0	1	82	1	82	7.71e-44	129
931.82	931.82	100.000	70	0	0	1	70	1	70	6.00e-38	114
931.82	1060.82	100.000	70	0	0	1	70	1	70	6.00e-38	114
931.82	297.82	98.551	69	1	0	1	69	1	69	2.64e-36	110
931.82	985.83	74.286	70	18	0	1	70	1	70	1.52e-19	68.2
931.82	618.84	37.500	72	43	1	1	70	1	72	8.75e-14	53.5
1015.82	1015.82	100.000	82	0	0	1	82	1	82	1.37e-40	121
1060.82	931.82	100.000	70	0	0	1	70	1	70	6.00e-38	114
1060.82	1060.82	100.000	70	0	0	1	70	1	70	6.00e-38	114
1060.82	297.82	98.551	69	1	0	1	69	1	69	2.64e-36	110
1060.82	985.83	74.286	70	18	0	1	70	1	70	1.52e-19	68.2
1060.82	618.84	37.500	72	43	1	1	70	1	72	8.75e-14	53.5
1183.82	1183.82	100.000	82	0	0	1	82	1	82	1.11e-59	169
1332.82	1332.82	100.000	82	0	0	1	82	1	82	4.66e-48	140
1332.82	1417.82	54.878	82	37	0	1	82	1	82	6.43e-14	53.5
1417.82	1417.82	100.000	82	0	0	1	82	1	82	5.89e-32	99.4
1417.82	1332.82	54.878	82	37	0	1	82	1	82	6.43e-14	53.5
1504.82	1504.82	100.000	82	0	0	1	82	1	82	2.16e-39	118
1596.82	1596.82	100.000	82	0	0	1	82	1	82	4.92e-55	157
366.81	366.81	100.000	81	0	0	1	81	1	81	4.25e-48	140
402.81	402.81	100.000	81	0	0	1	81	1	81	9.88e-58	164
402.81	772.66	56.000	50	22	0	29	78	16	65	8.73e-13	50.4
570.81	570.81	100.000	81	0	0	1	81	1	81	6.37e-58	164
894.81	894.81	100.000	81	0	0	1	81	1	81	1.59e-45	133
894.81	379.86	64.103	78	28	0	4	81	9	86	1.68e-30	95.9
989.81	989.81	100.000	81	0	0	1	81	1	81	5.17e-39	117
1016.81	1016.81	100.000	67	0	0	15	81	15	81	2.47e-45	133
