598.139	598.139	100.000	139	0	0	1	139	1	139	4.35e-103	284
703.138	703.138	100.000	138	0	0	1	138	1	138	9.65e-91	253
1105.138	1105.138	100.000	138	0	0	1	138	1	138	1.73e-99	275
1109.138	1109.138	100.000	138	0	0	1	138	1	138	4.30e-100	276
1160.138	1160.138	100.000	120	0	0	19	138	19	138	2.14e-64	186
1162.138	1162.138	100.000	138	0	0	1	138	1	138	2.77e-95	265
1688.138	1688.138	100.000	138	0	0	1	138	1	138	1.86e-91	255
700.137	700.137	100.000	137	0	0	1	137	1	137	2.88e-102	282
729.137	729.137	100.000	137	0	0	1	137	1	137	5.47e-101	279
788.137	788.137	100.000	137	0	0	1	137	1	137	1.11e-103	285
1389.137	1389.137	100.000	137	0	0	1	137	1	137	2.54e-100	277
1389.137	1132.106	46.602	103	52	1	35	134	1	103	3.55e-26	88.6
1693.137	1693.137	100.000	137	0	0	1	137	1	137	6.50e-102	281
1099.136	1099.136	100.000	136	0	0	1	136	1	136	1.46e-103	285
1684.136	1684.136	100.000	136	0	0	1	136	1	136	1.85e-101	280
1692.136	1692.136	100.000	136	0	0	1	136	1	136	7.57e-103	283
145.135	145.135	100.000	135	0	0	1	135	1	135	4.77e-84	236
166.135	166.135	100.000	135	0	0	1	135	1	135	7.09e-95	263
403.135	403.135	100.000	135	0	0	1	135	1	135	1.19e-101	280
996.135	996.135	100.000	135	0	0	1	135	1	135	1.81e-100	277
908.133	908.133	100.000	133	0	0	1	133	1	133	3.72e-65	188
1042.133	1042.133	100.000	133	0	0	1	133	1	133	9.42e-97	268
1131.133	1131.133	100.000	133	0	0	1	133	1	133	9.09e-98	270
1314.133	1314.133	100.000	88	0	0	46	133	46	133	9.47e-45	136
1695.133	1695.133	100.000	133	0	0	1	133	1	133	8.39e-90	250
279.132	279.132	100.000	110	0	0	1	110	1	110	9.64e-61	177
453.132	453.132	100.000	132	0	0	1	132	1	132	4.71e-98	271
453.132	1283.132	100.000	132	0	0	1	132	1	132	4.71e-98	271
736.132	736.132	100.000	132	0	0	1	132	1	132	5.82e-97	268
790.132	790.132	100.000	132	0	0	1	132	1	132	1.13e-97	270
1225.132	1225.132	100.000	132	0	0	1	132	1	132	5.86e-73	207
1283.132	453.132	100.000	132	0	0	1	132	1	132	4.71e-98	271
1283.132	1283.132	100.000	132	0	0	1	132	1	132	4.71e-98	271
1463.132	1463.132	100.000	132	0	0	1	132	1	132	1.01e-81	229
1463.132	1500.132	63.636	132	48	0	1	132	1	132	1.55e-50	151
1500.132	1500.132	100.000	132	0	0	1	132	1	132	1.59e-71	204
1500.132	1463.132	63.636	132	48	0	1	132	1	132	6.18e-40	124
901.131	901.131	100.000	131	0	0	1	131	1	131	1.35e-94	262
901.131	1740.140	38.462	78	47	1	23	99	33	110	1.77e-09	46.2
1038.131	1038.131	100.000	131	0	0	1	131	1	131	3.59e-94	261
1039.131	1039.131	100.000	131	0	0	1	131	1	131	3.55e-98	271
1051.131	1051.131	100.000	131	0	0	1	131	1	131	3.81e-80	226
1051.131	995.126	39.837	123	66	4	7	123	5	125	6.13e-10	47.0
1434.131	1434.131	100.000	131	0	0	1	131	1	131	1.71e-79	224
1434.131	771.67	56.667	60	26	0	1	60	1	60	2.32e-19	70.1
1434.131	771.67	42.593	54	28	1	75	128	16	66	6.01e-08	40.4
1434.131	501.68	50.909	55	26	1	1	55	1	54	7.82e-15	58.5
1434.131	501.68	40.351	57	31	1	75	131	15	68	4.67e-08	40.8
1434.131	13.68	48.333	60	30	1	1	60	1	59	9.73e-14	55.5
1434.131	13.68	38.596	57	32	1	75	131	15	68	3.31e-07	38.5
1434.131	1240.68	51.786	56	26	1	1	56	1	55	2.79e-13	54.3
1434.131	54.67	48.333	60	29	1	1	60	1	58	3.38e-13	54.3
1434.131	54.67	40.351	57	31	1	75	131	14	67	1.13e-07	39.7
1434.131	658.68	46.296	54	29	0	1	54	1	54	2.24e-11	49.7
1434.131	658.68	51.786	56	22	2	75	129	16	67	1.01e-09	45.1
233.130	233.130	100.000	130	0	0	1	130	1	130	5.00e-98	271
233.130	360.130	100.000	130	0	0	1	130	1	130	5.00e-98	271
360.130	233.130	100.000	130	0	0	1	130	1	130	5.00e-98	271
360.130	360.130	100.000	130	0	0	1	130	1	130	5.00e-98	271
1001.130	1001.130	100.000	130	0	0	1	130	1	130	5.92e-87	243
1129.130	1129.130	100.000	62	0	0	51	112	51	112	2.79e-43	132
999.129	999.129	100.000	129	0	0	1	129	1	129	3.12e-85	238
1521.129	1521.129	100.000	129	0	0	1	129	1	129	1.91e-75	214
1521.129	265.121	56.557	122	44	3	5	126	7	119	3.13e-26	89.0
1521.129	327.121	56.557	122	44	3	5	126	7	119	3.13e-26	89.0
1521.129	896.125	48.837	129	62	1	1	129	1	125	9.10e-24	82.8
1521.129	1499.123	50.427	117	52	2	12	128	11	121	3.95e-21	75.9
1521.129	1181.120	43.333	120	62	1	7	126	4	117	1.74e-20	74.3
1521.129	576.124	43.651	126	67	1	1	126	1	122	2.43e-18	68.9
1521.129	1462.121	44.094	127	64	2	1	127	1	120	3.44e-18	68.6
1521.129	465.126	47.368	114	52	2	17	128	14	121	1.98e-15	61.6
641.128	641.128	100.000	128	0	0	1	128	1	128	1.21e-92	257
641.128	822.125	38.793	116	65	3	4	119	9	118	9.96e-25	85.1
641.128	795.107	35.065	77	44	2	21	97	16	86	1.69e-08	42.7
909.128	909.128	100.000	128	0	0	1	128	1	128	2.07e-74	211
909.128	1080.128	100.000	128	0	0	1	128	1	128	2.07e-74	211
1080.128	909.128	100.000	128	0	0	1	128	1	128	2.07e-74	211
1080.128	1080.128	100.000	128	0	0	1	128	1	128	2.07e-74	211
1123.128	1123.128	100.000	128	0	0	1	128	1	128	4.09e-92	256
1302.128	1302.128	100.000	128	0	0	1	128	1	128	1.66e-89	249
1302.128	1351.128	100.000	128	0	0	1	128	1	128	1.66e-89	249
1302.128	1401.128	91.406	128	11	0	1	128	1	128	5.61e-83	233
1302.128	208.127	79.032	124	26	0	5	128	4	127	6.43e-61	177
1302.128	668.124	53.913	115	53	0	14	128	10	124	7.13e-42	129
1302.128	808.121	35.294	119	69	3	10	125	7	120	2.11e-13	55.8
1302.128	836.121	34.454	119	70	3	10	125	7	120	1.00e-11	51.6
1302.128	951.121	34.454	119	70	3	10	125	7	120	1.25e-11	51.2
1302.128	157.132	33.333	105	57	6	24	124	23	118	2.91e-10	48.1
1351.128	1302.128	100.000	128	0	0	1	128	1	128	1.66e-89	249
1351.128	1351.128	100.000	128	0	0	1	128	1	128	1.66e-89	249
1351.128	1401.128	91.406	128	11	0	1	128	1	128	5.61e-83	233
1351.128	208.127	79.032	124	26	0	5	128	4	127	6.43e-61	177
1351.128	668.124	53.913	115	53	0	14	128	10	124	7.13e-42	129
1351.128	808.121	35.294	119	69	3	10	125	7	120	2.11e-13	55.8
1351.128	836.121	34.454	119	70	3	10	125	7	120	1.00e-11	51.6
1351.128	951.121	34.454	119	70	3	10	125	7	120	1.25e-11	51.2
1351.128	157.132	33.333	105	57	6	24	124	23	118	2.91e-10	48.1
1401.128	1401.128	100.000	128	0	0	1	128	1	128	7.60e-90	250
1401.128	1302.128	91.406	128	11	0	1	128	1	128	5.61e-83	233
1401.128	1351.128	91.406	128	11	0	1	128	1	128	5.61e-83	233
1401.128	208.127	78.226	124	27	0	5	128	4	127	1.72e-61	178
1401.128	668.124	51.304	115	56	0	14	128	10	124	1.38e-40	125
1401.128	808.121	35.294	119	69	3	10	125	7	120	1.95e-13	56.2
1401.128	836.121	36.607	112	63	3	10	118	7	113	2.48e-12	53.1
1401.128	951.121	36.607	112	63	3	10	118	7	113	3.41e-12	52.8
1401.128	157.132	32.692	104	61	4	24	123	23	121	4.80e-11	50.1
1401.128	1031.141	35.616	73	43	3	53	122	51	122	6.41e-07	39.3
