667.263	667.263	100.000	263	0	0	1	263	1	263	1.23e-162	446
667.263	209.248	37.949	195	112	4	73	262	55	245	7.89e-31	110
667.263	1301.246	37.436	195	115	3	69	259	51	242	7.37e-30	107
667.263	1350.246	37.436	195	115	3	69	259	51	242	7.37e-30	107
667.263	1402.244	37.895	190	111	3	73	258	53	239	2.97e-28	103
667.263	61.216	29.545	176	114	6	82	253	46	215	5.77e-07	43.5
1008.262	1008.262	100.000	262	0	0	1	262	1	262	2.71e-167	458
1645.261	1645.261	100.000	261	0	0	1	261	1	261	0.0	521
1374.258	1374.258	100.000	258	0	0	1	258	1	258	1.25e-166	456
1515.258	1515.258	100.000	258	0	0	1	258	1	258	0.0	502
459.257	459.257	100.000	257	0	0	1	257	1	257	0.0	521
459.257	1512.236	48.980	245	112	5	1	244	1	233	9.72e-74	219
484.257	484.257	100.000	257	0	0	1	257	1	257	2.18e-167	457
484.257	1484.230	61.135	229	85	3	28	254	1	227	8.16e-90	260
484.257	432.228	63.596	228	72	3	32	254	4	225	2.48e-89	259
484.257	1262.228	63.596	228	72	3	32	254	4	225	2.48e-89	259
484.257	883.234	46.231	199	104	3	58	255	34	230	1.43e-53	168
484.257	1534.234	44.206	233	120	6	25	252	3	230	4.80e-53	167
484.257	535.235	42.553	235	124	4	28	254	1	232	6.99e-53	166
484.257	1442.243	43.154	241	121	5	28	255	1	238	1.13e-51	163
484.257	390.254	42.857	231	124	4	31	254	21	250	5.05e-48	154
484.257	587.225	41.485	229	121	6	30	252	2	223	5.25e-48	153
484.257	247.237	38.053	226	137	3	32	255	7	231	5.81e-45	146
484.257	345.237	38.053	226	137	3	32	255	7	231	5.81e-45	146
215.256	215.256	100.000	256	0	0	1	256	1	256	5.52e-177	482
215.256	490.210	35.193	233	114	5	25	254	9	207	3.43e-42	138
215.256	1724.247	35.426	223	108	4	31	251	54	242	2.96e-41	137
1220.256	1220.256	100.000	256	0	0	1	256	1	256	4.03e-170	464
1220.256	1140.247	37.313	201	120	6	4	201	2	199	4.77e-37	125
1220.256	544.238	38.636	176	103	3	1	173	1	174	8.31e-34	117
1220.256	1710.235	35.417	192	113	5	4	186	7	196	7.01e-33	114
1220.256	755.244	36.957	184	112	3	5	186	4	185	7.17e-32	112
1220.256	1673.249	38.650	163	97	3	13	174	12	172	7.46e-32	112
1220.256	890.221	36.559	186	111	4	9	192	14	194	1.30e-29	105
1220.256	1448.221	37.143	175	103	5	5	176	12	182	3.46e-28	102
1220.256	383.228	31.892	185	120	4	3	184	11	192	3.58e-24	91.7
1220.256	581.222	33.971	209	125	7	3	201	10	215	1.20e-23	90.1
1220.256	841.251	32.857	140	87	2	11	148	19	153	1.03e-20	82.8
1220.256	956.251	31.884	138	91	2	11	148	19	153	1.09e-20	82.8
1220.256	255.223	30.303	165	110	3	6	168	14	175	1.11e-20	82.4
1220.256	337.223	30.303	165	110	3	6	168	14	175	1.11e-20	82.4
1220.256	803.251	30.147	136	92	2	11	146	19	151	3.09e-18	76.3
1220.256	1626.216	31.884	138	91	2	5	142	12	146	7.95e-18	74.3
1220.256	1395.205	27.152	151	107	2	14	164	26	173	3.15e-15	67.0
1220.256	1528.195	29.697	165	109	5	6	168	7	166	5.56e-15	66.2
1220.256	674.199	28.758	153	101	4	1	148	1	150	8.35e-15	65.9
1220.256	1309.200	25.828	151	109	2	14	164	22	169	1.28e-14	65.1
1220.256	1358.200	25.828	151	109	2	14	164	22	169	2.84e-14	64.3
1220.256	199.200	25.828	151	109	2	14	164	21	168	3.26e-14	63.9
1220.256	117.194	31.481	162	103	5	5	163	16	172	5.08e-14	63.5
1220.256	1026.237	27.717	184	131	1	16	199	4	185	2.48e-13	62.4
1220.256	1176.186	34.146	123	68	5	15	132	7	121	2.61e-12	58.5
1220.256	161.210	28.161	174	116	4	17	186	7	175	2.61e-12	58.9
1220.256	718.186	25.150	167	120	3	19	182	14	178	9.55e-12	57.0
1220.256	477.195	29.167	168	111	6	6	171	7	168	4.17e-11	55.1
1220.256	439.193	31.915	141	88	6	8	145	7	142	1.49e-10	53.5
1220.256	1269.193	31.915	141	88	6	8	145	7	142	1.49e-10	53.5
1220.256	34.195	27.326	172	102	8	8	165	9	171	4.51e-10	52.4
1220.256	67.195	27.326	172	102	8	8	165	9	171	4.87e-10	52.4
1220.256	1762.224	30.147	136	82	4	42	166	44	177	9.54e-10	51.6
1220.256	1491.194	23.563	174	126	3	1	172	1	169	2.74e-09	50.1
1220.256	622.203	24.155	207	143	6	1	199	1	201	1.07e-07	45.4
1220.256	988.199	29.670	91	58	2	85	171	89	177	3.50e-07	43.9
1220.256	1565.240	35.526	76	44	3	33	106	38	110	4.87e-07	43.9
1220.256	928.198	31.461	89	55	3	87	171	90	176	5.30e-07	43.5
1220.256	1063.198	31.461	89	55	3	87	171	90	176	5.30e-07	43.5
1220.256	300.199	29.348	92	58	2	85	171	88	177	7.43e-07	43.1
390.254	390.254	100.000	254	0	0	1	254	1	254	0.0	499
390.254	883.234	54.310	232	94	3	25	253	10	232	2.10e-80	236
390.254	535.235	49.787	235	109	5	21	251	4	233	3.30e-71	213
390.254	247.237	47.137	227	115	2	24	250	9	230	5.53e-68	205
390.254	345.237	47.137	227	115	2	24	250	9	230	5.53e-68	205
390.254	1442.243	44.156	231	123	5	25	250	8	237	3.88e-59	182
390.254	587.225	44.872	234	116	7	19	249	1	224	5.29e-58	179
390.254	1484.230	41.410	227	127	5	24	250	7	227	2.75e-52	164
390.254	484.257	42.424	231	125	4	21	250	31	254	4.03e-52	165
390.254	1534.234	43.231	229	118	7	24	248	10	230	1.03e-51	163
390.254	432.228	43.158	190	105	3	61	250	39	225	8.58e-47	150
390.254	1262.228	43.158	190	105	3	61	250	39	225	8.58e-47	150
419.254	419.254	100.000	254	0	0	1	254	1	254	0.0	493
1615.254	1615.254	100.000	254	0	0	1	254	1	254	0.0	523
408.252	408.252	100.000	252	0	0	1	252	1	252	1.96e-162	445
408.252	2.191	53.005	183	55	4	101	252	9	191	3.29e-33	114
1372.252	1372.252	100.000	252	0	0	1	252	1	252	0.0	512
1372.252	180.163	69.277	166	48	1	87	252	1	163	8.61e-81	234
803.251	803.251	100.000	251	0	0	1	251	1	251	1.59e-169	462
803.251	956.251	87.649	251	31	0	1	251	1	251	1.55e-145	402
803.251	841.251	87.251	251	32	0	1	251	1	251	1.02e-144	400
803.251	1626.216	48.630	146	75	0	17	162	16	161	2.30e-48	154
803.251	1565.240	36.250	160	99	2	6	162	2	161	5.43e-29	104
803.251	1176.186	32.653	147	98	1	17	162	1	147	4.28e-26	95.5
803.251	755.244	35.036	137	85	2	19	151	10	146	1.02e-24	93.6
803.251	117.194	37.226	137	81	2	24	159	27	159	1.33e-24	92.0
803.251	581.222	32.278	158	105	1	7	162	6	163	2.33e-24	92.0
803.251	199.200	32.143	140	95	0	23	162	22	161	1.18e-23	89.7
803.251	1395.205	31.429	140	96	0	23	162	27	166	1.23e-23	89.7
803.251	928.198	34.667	150	85	3	23	161	14	161	1.34e-23	89.4
803.251	1063.198	34.667	150	85	3	23	161	14	161	1.34e-23	89.4
803.251	1358.200	30.263	152	104	1	13	162	11	162	2.23e-23	89.0
803.251	544.238	32.593	135	87	2	21	151	13	147	3.41e-23	89.4
803.251	255.223	33.553	152	91	2	12	162	22	164	3.77e-23	89.0
803.251	337.223	33.553	152	91	2	12	162	22	164	3.77e-23	89.0
803.251	1309.200	30.714	140	97	0	23	162	23	162	7.64e-23	87.4
803.251	718.186	33.577	137	90	1	27	162	14	150	1.19e-22	86.7
803.251	890.221	32.143	140	93	1	15	152	12	151	2.44e-19	78.6
803.251	300.199	32.450	151	88	3	23	161	14	162	3.06e-19	77.8
803.251	383.228	31.034	145	96	2	21	162	22	165	1.15e-18	76.6
803.251	1220.256	30.147	136	92	2	19	151	11	146	2.71e-18	76.3
803.251	674.199	31.304	115	78	1	38	151	34	148	3.88e-18	74.7
803.251	1448.221	32.000	150	89	2	17	162	23	163	5.40e-18	74.7
803.251	1673.249	30.872	149	99	3	18	163	9	156	8.90e-18	74.7
803.251	1710.235	33.099	142	91	3	16	153	13	154	5.37e-17	72.4
803.251	1528.195	34.884	129	76	3	38	162	31	155	6.65e-17	71.2
803.251	67.195	33.071	127	81	2	38	162	31	155	8.74e-17	70.9
803.251	34.195	33.071	127	81	2	38	162	31	155	1.26e-16	70.5
803.251	622.203	29.078	141	88	3	21	151	15	153	1.71e-16	70.5
803.251	161.210	30.827	133	85	3	22	151	4	132	2.08e-16	70.1
803.251	477.195	32.609	138	85	3	31	162	20	155	2.61e-16	69.7
803.251	1491.194	30.822	146	93	3	21	162	13	154	4.43e-14	63.5
803.251	1140.247	32.710	107	67	3	60	163	51	155	5.36e-14	64.3
803.251	1026.237	32.231	121	81	1	28	147	8	128	1.41e-13	62.8
803.251	988.199	32.468	154	86	5	23	162	14	163	1.46e-13	62.0
803.251	439.193	32.609	138	85	5	31	162	18	153	1.48e-13	62.0
803.251	1269.193	32.609	138	85	5	31	162	18	153	1.48e-13	62.0
803.251	1762.224	28.125	128	79	4	38	152	32	159	3.42e-13	61.6
841.251	841.251	100.000	251	0	0	1	251	1	251	2.49e-168	459
841.251	956.251	98.805	251	3	0	1	251	1	251	3.17e-166	454
841.251	803.251	87.251	251	32	0	1	251	1	251	9.33e-145	400
841.251	1626.216	45.890	146	79	0	17	162	16	161	2.72e-45	146
841.251	1176.186	36.054	147	93	1	17	162	1	147	2.62e-29	103
841.251	1565.240	33.125	160	104	2	6	162	2	161	4.51e-26	97.1
841.251	117.194	36.429	140	88	1	24	162	27	166	5.29e-26	95.5
841.251	755.244	34.899	149	93	2	19	163	10	158	1.51e-24	92.8
841.251	718.186	35.766	137	87	1	27	162	14	150	5.10e-24	90.1
841.251	544.238	32.653	147	95	2	21	163	13	159	2.80e-23	89.4
841.251	1395.205	32.857	140	94	0	23	162	27	166	2.88e-23	88.6
841.251	199.200	32.857	140	94	0	23	162	22	161	3.96e-23	88.2
841.251	1358.200	30.921	152	103	1	13	162	11	162	1.26e-22	86.7
841.251	1309.200	30.921	152	103	1	13	162	11	162	4.38e-22	85.5
841.251	581.222	32.500	160	102	3	7	162	6	163	4.90e-21	83.2
841.251	1220.256	31.884	138	91	2	19	153	11	148	9.79e-21	82.8
841.251	1448.221	32.667	150	88	2	17	162	23	163	2.79e-19	78.2
841.251	890.221	32.192	146	97	1	19	162	16	161	4.46e-19	77.8
841.251	255.223	33.333	144	83	3	12	154	22	153	7.09e-19	77.4
841.251	337.223	33.333	144	83	3	12	154	22	153	7.09e-19	77.4
841.251	161.210	32.061	131	86	2	22	151	4	132	1.29e-18	76.3
841.251	1673.249	31.544	149	98	3	18	163	9	156	2.01e-18	76.6
841.251	383.228	31.724	145	95	2	21	162	22	165	8.36e-18	74.3
841.251	928.198	31.757	148	92	4	23	161	14	161	2.70e-17	72.4
841.251	1063.198	31.757	148	92	4	23	161	14	161	2.70e-17	72.4
841.251	674.199	28.571	126	89	1	38	162	34	159	2.81e-17	72.4
841.251	1528.195	34.109	129	77	3	38	162	31	155	3.61e-17	72.0
841.251	622.203	29.801	151	94	4	21	161	15	163	3.60e-16	69.3
841.251	1140.247	30.201	149	100	3	18	163	8	155	3.98e-16	70.1
841.251	300.199	31.544	149	92	4	23	161	14	162	1.27e-15	67.8
841.251	1026.237	33.088	136	90	1	28	162	8	143	1.93e-15	68.2
841.251	1710.235	31.206	141	93	3	16	152	13	153	3.12e-14	64.7
841.251	1762.224	29.457	129	78	4	38	153	32	160	4.54e-14	63.9
841.251	67.195	32.031	128	81	4	38	162	31	155	1.01e-13	62.4
841.251	477.195	30.435	138	88	3	31	162	20	155	1.41e-13	62.0
841.251	34.195	29.921	127	85	2	38	162	31	155	2.35e-13	61.6
841.251	988.199	31.818	154	87	4	23	162	14	163	4.74e-13	60.8
841.251	439.193	30.714	140	85	5	31	162	18	153	7.84e-11	54.3
841.251	1269.193	30.714	140	85	5	31	162	18	153	7.84e-11	54.3
841.251	1491.194	30.233	129	82	3	38	162	30	154	1.00e-10	53.9
956.251	956.251	100.000	251	0	0	1	251	1	251	7.62e-168	458
956.251	841.251	98.805	251	3	0	1	251	1	251	4.00e-166	454
956.251	803.251	87.649	251	31	0	1	251	1	251	2.20e-145	402
956.251	1626.216	45.890	146	79	0	17	162	16	161	4.19e-45	145
956.251	1176.186	36.054	147	93	1	17	162	1	147	2.88e-29	103
956.251	1565.240	33.125	160	104	2	6	162	2	161	4.06e-26	97.1
956.251	117.194	36.429	140	88	1	24	162	27	166	4.76e-26	95.9
956.251	755.244	34.899	149	93	2	19	163	10	158	1.53e-24	92.8
956.251	718.186	35.766	137	87	1	27	162	14	150	5.67e-24	90.1
956.251	1395.205	32.857	140	94	0	23	162	27	166	2.44e-23	89.0
956.251	544.238	32.653	147	95	2	21	163	13	159	2.53e-23	89.7
956.251	199.200	32.857	140	94	0	23	162	22	161	3.76e-23	88.2
956.251	1358.200	30.921	152	103	1	13	162	11	162	1.26e-22	86.7
956.251	1309.200	30.921	152	103	1	13	162	11	162	3.91e-22	85.5
956.251	581.222	32.500	160	102	3	7	162	6	163	5.11e-21	83.2
956.251	1220.256	31.884	138	91	2	19	153	11	148	9.11e-21	83.2
956.251	1448.221	32.667	150	88	2	17	162	23	163	3.09e-19	78.2
956.251	890.221	31.333	150	101	1	15	162	12	161	5.15e-19	77.4
956.251	255.223	33.333	144	83	3	12	154	22	153	7.93e-19	77.0
956.251	337.223	33.333	144	83	3	12	154	22	153	7.93e-19	77.0
956.251	161.210	32.061	131	86	2	22	151	4	132	1.31e-18	76.3
956.251	1673.249	31.544	149	98	3	18	163	9	156	2.56e-18	76.3
956.251	383.228	31.724	145	95	2	21	162	22	165	9.83e-18	74.3
956.251	674.199	28.571	126	89	1	38	162	34	159	2.67e-17	72.4
956.251	928.198	31.757	148	92	4	23	161	14	161	2.67e-17	72.4
956.251	1063.198	31.757	148	92	4	23	161	14	161	2.67e-17	72.4
956.251	1528.195	34.109	129	77	3	38	162	31	155	3.88e-17	72.0
956.251	622.203	29.801	151	94	4	21	161	15	163	3.56e-16	69.3
956.251	1140.247	30.201	149	100	3	18	163	8	155	3.86e-16	70.1
956.251	300.199	31.544	149	92	4	23	161	14	162	1.38e-15	67.8
956.251	1026.237	33.088	136	90	1	28	162	8	143	1.91e-15	68.2
956.251	1710.235	31.206	141	93	3	16	152	13	153	2.97e-14	64.7
956.251	1762.224	29.457	129	78	4	38	153	32	160	4.87e-14	63.9
956.251	67.195	32.031	128	81	4	38	162	31	155	1.09e-13	62.4
956.251	477.195	30.435	138	88	3	31	162	20	155	1.69e-13	62.0
956.251	34.195	29.921	127	85	2	38	162	31	155	2.75e-13	61.2
956.251	988.199	31.818	154	87	4	23	162	14	163	4.13e-13	60.8
956.251	439.193	30.714	140	85	5	31	162	18	153	8.23e-11	54.3
956.251	1269.193	30.714	140	85	5	31	162	18	153	8.23e-11	54.3
956.251	1491.194	30.233	129	82	3	38	162	30	154	9.46e-11	54.3
1032.251	1032.251	100.000	251	0	0	1	251	1	251	5.81e-143	395
1032.251	712.232	37.173	191	111	5	57	247	46	227	4.17e-25	94.4
1032.251	1170.242	30.409	171	110	4	74	244	65	226	2.29e-17	73.6
1032.251	1618.222	38.889	54	33	0	184	237	164	217	1.93e-07	44.7
1032.251	111.237	29.114	158	93	4	63	215	64	207	5.70e-07	43.5
1088.251	1088.251	100.000	251	0	0	1	251	1	251	0.0	516
1088.251	593.249	40.800	250	145	2	1	250	1	247	8.51e-65	197
1088.251	55.217	38.095	168	92	6	80	242	45	205	2.01e-23	89.4
1088.251	14.226	32.022	178	113	3	73	245	43	217	4.28e-17	72.4
1088.251	659.233	35.028	177	104	6	68	242	50	217	5.11e-17	72.4
1088.251	1252.136	33.333	117	77	1	129	245	12	127	3.68e-14	62.4
1088.251	874.199	30.000	130	80	3	127	250	71	195	2.23e-10	53.1
1088.251	1474.175	27.500	120	78	2	135	250	57	171	3.61e-09	49.3
1088.251	288.197	29.240	171	91	5	86	245	43	194	6.35e-08	46.2
1088.251	500.184	27.692	130	83	3	127	250	56	180	3.30e-07	43.9
95.249	95.249	100.000	249	0	0	1	249	1	249	3.04e-161	441
196.249	196.249	100.000	249	0	0	1	249	1	249	2.34e-166	454
593.249	593.249	100.000	249	0	0	1	249	1	249	1.51e-178	485
593.249	1088.251	40.000	250	147	2	1	247	1	250	1.08e-58	181
593.249	55.217	34.146	164	101	4	80	239	45	205	2.10e-19	78.6
593.249	14.226	33.333	168	107	1	80	242	50	217	1.38e-17	73.9
593.249	1252.136	35.714	112	70	2	132	242	17	127	1.13e-16	69.3
593.249	1474.175	30.088	113	79	0	134	246	58	170	8.09e-13	59.7
593.249	874.199	28.319	113	81	0	134	246	82	194	6.24e-11	54.7
593.249	500.184	27.434	113	82	0	134	246	67	179	1.80e-07	44.7
593.249	659.233	26.380	163	112	3	80	240	62	218	3.11e-07	44.3
1292.249	1292.249	100.000	249	0	0	1	249	1	249	1.71e-175	478
1292.249	1341.249	100.000	249	0	0	1	249	1	249	1.71e-175	478
1292.249	225.219	89.954	219	22	0	31	249	1	219	1.63e-134	373
1292.249	1409.219	83.105	219	37	0	31	249	1	219	2.09e-124	347
1292.249	1659.206	34.302	172	91	7	31	197	1	155	1.37e-13	62.4
1292.249	401.215	29.452	146	98	4	88	231	56	198	6.79e-13	60.5
1292.249	55.217	30.723	166	79	7	93	230	48	205	2.09e-12	59.3
1292.249	1543.220	28.931	159	109	3	31	188	1	156	5.35e-12	58.2
1292.249	1774.176	31.333	150	71	7	55	199	12	134	8.65e-10	51.2
1292.249	874.199	31.098	164	94	8	31	192	1	147	1.07e-08	48.1
1341.249	1292.249	100.000	249	0	0	1	249	1	249	1.71e-175	478
1341.249	1341.249	100.000	249	0	0	1	249	1	249	1.71e-175	478
1341.249	225.219	89.954	219	22	0	31	249	1	219	1.63e-134	373
1341.249	1409.219	83.105	219	37	0	31	249	1	219	2.09e-124	347
1341.249	1659.206	34.302	172	91	7	31	197	1	155	1.37e-13	62.4
1341.249	401.215	29.452	146	98	4	88	231	56	198	6.79e-13	60.5
1341.249	55.217	30.723	166	79	7	93	230	48	205	2.09e-12	59.3
1341.249	1543.220	28.931	159	109	3	31	188	1	156	5.35e-12	58.2
1341.249	1774.176	31.333	150	71	7	55	199	12	134	8.65e-10	51.2
1341.249	874.199	31.098	164	94	8	31	192	1	147	1.07e-08	48.1
1673.249	1673.249	100.000	222	0	0	1	222	1	222	2.26e-151	416
1673.249	1140.247	64.706	221	76	2	1	221	1	219	1.15e-97	280
1673.249	890.221	44.910	167	88	3	7	171	13	177	4.89e-45	145
1673.249	581.222	48.734	158	77	3	12	167	20	175	1.72e-43	141
1673.249	255.223	43.210	162	88	3	11	170	20	179	4.14e-41	135
1673.249	337.223	43.210	162	88	3	11	170	20	179	4.14e-41	135
1673.249	1448.221	42.222	180	92	5	1	170	1	178	2.62e-40	133
1673.249	544.238	42.500	160	90	2	12	169	13	172	9.36e-40	132
1673.249	755.244	40.351	171	100	2	1	169	1	171	1.18e-39	132
1673.249	1710.235	37.209	172	103	3	5	171	8	179	1.51e-33	116
1673.249	383.228	37.647	170	100	4	5	170	13	180	4.41e-32	112
1673.249	1220.256	38.037	163	98	3	11	171	12	173	4.99e-31	110
1673.249	1176.186	38.462	156	89	5	13	165	6	157	1.06e-24	92.0
1673.249	1358.200	34.646	127	79	3	13	138	22	145	1.03e-21	84.3
1673.249	1395.205	29.677	155	95	4	13	161	26	172	1.32e-20	81.6
1673.249	199.200	33.333	129	82	3	13	140	21	146	2.82e-20	80.5
1673.249	1309.200	33.858	127	80	3	13	138	22	145	3.29e-20	80.5
1673.249	841.251	32.237	152	99	3	9	159	18	166	8.48e-20	80.1
1673.249	956.251	32.237	152	99	3	9	159	18	166	8.92e-20	80.1
1673.249	803.251	31.579	152	100	3	9	159	18	166	3.73e-19	78.6
1673.249	161.210	31.013	158	98	6	16	169	7	157	1.08e-15	68.2
1673.249	67.195	29.167	120	78	2	53	169	54	169	1.74e-14	64.7
1673.249	1626.216	30.864	162	108	3	9	169	17	175	2.64e-14	64.3
1673.249	34.195	29.167	120	78	2	53	169	54	169	3.11e-14	63.9
1673.249	1528.195	27.778	162	102	5	13	164	8	164	1.17e-13	62.4
1673.249	674.199	27.731	119	84	2	52	169	56	173	2.68e-13	61.2
1673.249	477.195	30.702	114	72	2	53	163	54	163	2.23e-12	58.9
1673.249	718.186	31.210	157	101	5	8	161	4	156	6.32e-12	57.4
1673.249	622.203	26.627	169	116	5	3	164	6	173	6.44e-12	57.8
1673.249	1491.194	32.456	114	70	2	53	163	53	162	9.98e-12	57.0
1673.249	1762.224	30.000	190	108	9	1	171	1	184	3.73e-11	55.8
1673.249	117.194	29.448	163	98	6	7	161	19	172	8.91e-11	54.3
1673.249	300.199	27.273	154	94	4	21	161	21	169	3.49e-09	49.7
1673.249	928.198	32.584	89	54	3	21	104	21	108	6.81e-08	45.8
1673.249	1063.198	32.584	89	54	3	21	104	21	108	6.81e-08	45.8
1673.249	439.193	24.390	123	68	3	53	163	52	161	2.69e-07	44.3
1673.249	1269.193	24.390	123	68	3	53	163	52	161	2.69e-07	44.3
209.248	209.248	100.000	232	0	0	1	232	1	232	8.21e-144	397
209.248	1402.244	70.690	232	66	1	1	232	1	230	1.29e-99	285
209.248	1301.246	71.552	232	66	0	1	232	1	232	1.06e-97	280
209.248	1350.246	71.552	232	66	0	1	232	1	232	1.06e-97	280
209.248	667.263	38.462	182	103	4	55	232	73	249	2.32e-24	92.8
689.248	689.248	100.000	248	0	0	1	248	1	248	5.01e-173	471
1383.248	1383.248	100.000	248	0	0	1	248	1	248	1.10e-140	389
394.247	394.247	100.000	221	0	0	1	221	1	221	1.40e-160	439
394.247	395.255	27.897	233	151	10	1	221	1	228	6.80e-08	46.2
394.247	1479.275	28.125	128	83	4	13	134	27	151	4.22e-07	44.3
1140.247	1140.247	100.000	247	0	0	1	247	1	247	4.32e-164	448
1140.247	1673.249	63.675	234	83	2	1	232	1	234	4.82e-92	266
1140.247	890.221	39.320	206	91	5	29	232	37	210	4.40e-40	132
1140.247	544.238	35.514	214	115	6	27	232	29	227	1.43e-37	127
1140.247	1220.256	35.981	214	124	6	30	232	31	242	1.57e-36	124
1140.247	581.222	37.619	210	97	6	25	232	34	211	2.22e-36	123
1140.247	255.223	41.892	148	83	2	29	175	40	185	6.90e-36	122
1140.247	337.223	41.892	148	83	2	29	175	40	185	6.90e-36	122
1140.247	1448.221	43.243	148	80	3	26	171	35	180	8.47e-36	121
1140.247	755.244	42.177	147	82	2	34	179	36	180	2.26e-34	118
1140.247	1710.235	37.037	189	92	5	51	233	59	226	1.31e-31	111
1140.247	383.228	42.254	142	78	3	25	164	36	175	4.94e-31	109
1140.247	1395.205	34.043	94	61	1	69	161	80	173	2.06e-18	75.5
1140.247	1358.200	28.676	136	93	3	27	161	37	169	2.28e-18	75.5
1140.247	199.200	30.631	111	74	2	52	161	60	168	5.27e-18	74.3
1140.247	1309.200	28.676	136	93	3	27	161	37	169	8.69e-18	73.6
1140.247	841.251	31.008	129	86	2	31	158	40	166	2.52e-17	73.6
1140.247	956.251	31.008	129	86	2	31	158	40	166	2.84e-17	73.2
1140.247	1176.186	33.333	138	86	4	30	164	23	157	2.33e-16	69.7
1140.247	161.210	33.871	124	74	4	57	179	49	165	6.93e-16	68.6
1140.247	803.251	33.636	110	68	3	51	158	60	166	1.10e-15	68.9
1140.247	674.199	29.204	113	78	2	51	162	56	167	1.65e-14	64.7
1140.247	1626.216	31.111	135	90	2	31	164	39	171	5.30e-14	63.5
1140.247	1762.224	38.532	109	49	6	77	174	87	188	6.76e-13	60.5
1140.247	1528.195	28.777	139	90	4	31	165	33	166	1.93e-12	58.9
1140.247	1026.237	26.154	195	132	5	28	220	17	201	1.97e-12	59.3
1140.247	67.195	32.759	116	69	4	52	163	54	164	2.11e-12	58.9
1140.247	34.195	32.759	116	69	4	52	163	54	164	4.33e-12	57.8
1140.247	622.203	26.429	140	75	3	75	211	82	196	1.03e-10	54.3
1140.247	718.186	35.238	105	65	2	57	160	54	156	1.03e-10	53.9
1140.247	477.195	33.333	81	51	1	85	162	83	163	5.74e-10	52.0
1140.247	1565.240	27.717	184	110	8	51	213	57	238	1.30e-09	51.2
1140.247	117.194	30.108	93	64	1	69	160	80	172	6.54e-09	48.9
1140.247	300.199	32.911	79	48	2	30	103	30	108	5.18e-08	46.2
1140.247	1491.194	28.070	114	75	2	52	162	53	162	1.28e-07	45.1
1140.247	988.199	27.485	171	113	5	1	161	1	170	1.88e-07	44.7
1140.247	928.198	31.461	89	51	3	30	113	30	113	3.10e-07	43.9
1140.247	1063.198	31.461	89	51	3	30	113	30	113	3.10e-07	43.9
1724.247	1724.247	100.000	247	0	0	1	247	1	247	0.0	514
1724.247	490.210	54.327	208	93	2	39	245	1	207	2.21e-76	225
1724.247	215.256	35.426	223	108	4	54	242	31	251	2.68e-41	137
1769.247	1769.247	100.000	247	0	0	1	247	1	247	1.41e-152	419
1769.247	1618.222	47.368	152	68	4	98	240	73	221	2.08e-32	113
1769.247	111.237	32.000	125	83	1	108	230	101	225	1.41e-14	65.5
1769.247	981.205	30.952	126	69	5	117	236	86	199	4.79e-08	46.6
1769.247	810.225	29.630	135	82	5	102	228	77	206	1.90e-07	44.7
1769.247	156.239	26.111	180	104	8	78	239	56	224	2.18e-07	44.7
1769.247	23.216	27.612	134	85	4	108	235	76	203	4.36e-07	43.9
1301.246	1301.246	100.000	232	0	0	1	232	1	232	7.43e-129	359
1301.246	1350.246	100.000	232	0	0	1	232	1	232	7.43e-129	359
1301.246	1402.244	81.466	232	41	1	1	232	1	230	4.97e-110	311
1301.246	209.248	74.269	171	44	0	62	232	62	232	3.42e-91	264
1301.246	667.263	40.476	168	93	3	68	232	86	249	9.65e-28	101
1350.246	1301.246	100.000	232	0	0	1	232	1	232	7.43e-129	359
1350.246	1350.246	100.000	232	0	0	1	232	1	232	7.43e-129	359
1350.246	1402.244	81.466	232	41	1	1	232	1	230	4.97e-110	311
1350.246	209.248	74.269	171	44	0	62	232	62	232	3.42e-91	264
1350.246	667.263	40.476	168	93	3	68	232	86	249	9.65e-28	101
755.244	755.244	100.000	244	0	0	1	244	1	244	5.28e-149	410
755.244	544.238	59.821	224	77	4	24	244	25	238	4.76e-87	253
755.244	1710.235	39.286	224	115	2	24	244	30	235	3.59e-47	151
755.244	581.222	36.530	219	108	4	24	242	32	219	6.49e-40	132
755.244	890.221	35.909	220	111	5	24	243	30	219	3.15e-37	125
755.244	1140.247	35.610	205	120	4	36	234	34	232	3.81e-36	123
755.244	255.223	33.333	216	114	4	24	239	33	218	3.42e-34	117
755.244	337.223	33.333	216	114	4	24	239	33	218	3.42e-34	117
755.244	1673.249	40.714	140	81	2	25	164	25	162	6.40e-33	115
755.244	383.228	31.905	210	115	4	28	236	38	220	5.82e-31	109
755.244	1448.221	33.028	218	112	4	25	240	33	218	1.91e-30	107
755.244	1220.256	43.220	118	66	1	36	152	35	152	2.91e-29	105
755.244	841.251	36.508	126	78	1	36	161	43	166	3.47e-24	92.0
755.244	956.251	36.508	126	78	1	36	161	43	166	3.62e-24	92.0
755.244	803.251	34.127	126	81	1	36	161	43	166	7.17e-24	91.3
755.244	1626.216	36.154	130	81	1	34	163	40	167	9.79e-24	90.1
755.244	1358.200	32.773	119	78	1	42	160	49	165	1.41e-22	86.7
755.244	674.199	30.075	133	90	2	28	160	33	162	2.15e-22	85.9
755.244	477.195	37.410	139	77	5	29	164	31	162	2.33e-22	85.9
755.244	1309.200	32.773	119	78	1	42	160	49	165	3.55e-22	85.5
755.244	1395.205	33.858	127	82	1	34	160	45	169	6.49e-22	84.7
755.244	199.200	31.933	119	79	1	42	160	48	164	4.00e-21	82.8
755.244	67.195	35.075	134	77	5	35	164	35	162	9.26e-21	81.6
755.244	1026.237	37.584	149	79	3	72	206	58	206	2.09e-20	81.6
755.244	34.195	34.328	134	78	5	35	164	35	162	3.95e-20	79.7
755.244	1565.240	29.851	134	90	2	36	167	40	171	9.88e-20	79.7
755.244	1176.186	32.624	141	90	3	24	163	17	153	5.02e-19	76.6
755.244	1491.194	33.333	132	82	3	35	164	34	161	8.62e-19	76.3
755.244	439.193	34.091	132	81	3	35	164	33	160	1.46e-18	75.5
755.244	1269.193	34.091	132	81	3	35	164	33	160	1.46e-18	75.5
755.244	1528.195	34.074	135	77	5	35	164	35	162	2.33e-18	75.1
755.244	117.194	31.298	131	87	2	34	163	44	172	5.42e-16	68.6
755.244	622.203	29.054	148	97	5	28	169	31	176	3.96e-14	63.5
755.244	928.198	31.915	141	85	5	28	160	28	165	9.20e-14	62.8
755.244	1063.198	31.915	141	85	5	28	160	28	165	9.20e-14	62.8
755.244	718.186	30.935	139	91	3	26	163	22	156	1.16e-13	62.0
755.244	988.199	32.090	134	83	4	35	160	33	166	3.51e-12	58.2
755.244	300.199	30.769	130	80	4	40	160	38	166	4.49e-12	57.8
755.244	1762.224	33.333	93	57	2	81	169	89	180	1.19e-11	57.0
755.244	161.210	35.065	77	50	0	87	163	73	149	8.89e-11	54.3
922.244	922.244	100.000	244	0	0	1	244	1	244	0.0	497
922.244	1069.244	100.000	244	0	0	1	244	1	244	0.0	497
1069.244	922.244	100.000	244	0	0	1	244	1	244	0.0	497
1069.244	1069.244	100.000	244	0	0	1	244	1	244	0.0	497
1402.244	1402.244	100.000	244	0	0	1	244	1	244	1.07e-179	488
1402.244	1301.246	84.146	246	37	1	1	244	1	246	3.57e-136	378
1402.244	1350.246	84.146	246	37	1	1	244	1	246	3.57e-136	378
1402.244	209.248	71.488	242	67	1	1	240	1	242	8.38e-115	324
1402.244	667.263	34.310	239	137	4	17	239	24	258	1.87e-28	103
1402.244	764.256	24.268	239	154	9	1	222	1	229	1.72e-08	48.1
1402.244	981.205	27.749	191	104	7	42	221	32	199	9.94e-08	45.4
1442.243	1442.243	100.000	243	0	0	1	243	1	243	1.48e-151	416
1442.243	247.237	51.531	196	93	2	44	239	39	232	5.47e-60	184
1442.243	345.237	51.531	196	93	2	44	239	39	232	5.47e-60	184
1442.243	883.234	48.560	243	113	6	1	241	1	233	7.99e-58	178
1442.243	390.254	45.596	193	102	3	46	237	60	250	1.16e-51	163
1442.243	1484.230	44.726	237	121	5	1	237	1	227	3.02e-50	159
1442.243	535.235	47.396	192	99	2	46	237	43	232	4.97e-49	156
1442.243	484.257	42.739	241	122	5	1	238	28	255	4.32e-48	154
1442.243	432.228	45.876	194	95	4	47	237	39	225	1.74e-45	147
1442.243	1262.228	45.876	194	95	4	47	237	39	225	1.74e-45	147
1442.243	1534.234	44.211	190	102	4	47	235	44	230	1.06e-42	139
1442.243	587.225	42.632	190	105	4	47	235	37	223	1.96e-41	136
1454.243	1454.243	100.000	243	0	0	1	243	1	243	0.0	502
1603.243	1603.243	100.000	243	0	0	1	243	1	243	3.49e-137	380
858.242	858.242	100.000	242	0	0	1	242	1	242	0.0	491
858.242	787.239	81.667	240	42	1	1	240	1	238	1.25e-134	374
858.242	132.224	30.131	229	128	9	4	231	23	220	1.22e-16	70.9
1170.242	1170.242	100.000	242	0	0	1	242	1	242	1.39e-154	424
1170.242	712.232	43.005	193	102	2	34	226	40	224	8.54e-47	150
1170.242	1032.251	32.749	171	106	5	65	226	74	244	3.97e-21	83.6
1170.242	613.214	36.170	141	87	2	84	221	66	206	9.87e-20	79.3
1170.242	981.205	30.270	185	101	5	35	216	37	196	2.30e-15	67.0
1170.242	935.211	34.783	138	81	3	94	223	71	207	2.43e-14	64.3
1170.242	1056.211	34.783	138	81	3	94	223	71	207	2.43e-14	64.3
1170.242	293.211	31.852	135	83	3	97	223	74	207	3.50e-10	52.8
1170.242	156.239	30.233	129	78	4	99	215	89	217	4.44e-10	52.8
1170.242	1573.215	34.483	87	53	2	124	209	118	201	1.95e-09	50.4
1118.241	1118.241	100.000	241	0	0	1	241	1	241	3.70e-169	461
1652.241	1652.241	100.000	241	0	0	1	241	1	241	1.34e-132	368
792.240	792.240	100.000	240	0	0	1	240	1	240	7.69e-179	485
792.240	854.240	96.250	240	9	0	1	240	1	240	2.13e-171	466
854.240	854.240	100.000	240	0	0	1	240	1	240	3.90e-179	486
854.240	792.240	96.250	240	9	0	1	240	1	240	2.13e-171	466
1565.240	1565.240	100.000	240	0	0	1	240	1	240	1.47e-171	467
1565.240	1626.216	41.615	161	90	3	23	183	26	182	1.35e-35	120
1565.240	803.251	35.938	192	120	2	2	193	6	194	7.77e-31	109
1565.240	841.251	33.161	193	126	2	2	194	6	195	3.16e-28	102
1565.240	956.251	33.161	193	126	2	2	194	6	195	3.26e-28	102
1565.240	1448.221	29.268	164	113	2	5	167	8	169	6.69e-21	82.4
1565.240	755.244	29.870	154	103	3	21	171	16	167	1.04e-20	82.4
1565.240	1176.186	33.974	156	99	3	21	175	9	161	2.45e-20	80.1
1565.240	383.228	31.138	167	112	2	2	167	7	171	3.71e-19	77.8
1565.240	255.223	31.138	167	109	3	2	167	9	170	1.21e-18	76.3
1565.240	337.223	31.138	167	109	3	2	167	9	170	1.21e-18	76.3
1565.240	544.238	28.662	157	101	4	21	171	17	168	1.87e-18	76.3
1565.240	1358.200	27.907	172	119	3	3	172	5	173	1.65e-17	72.8
1565.240	1309.200	27.907	172	119	3	3	172	5	173	1.98e-17	72.8
1565.240	674.199	29.814	161	105	3	10	164	4	162	7.10e-17	71.2
1565.240	890.221	27.108	166	118	2	3	167	4	167	7.56e-17	71.6
1565.240	199.200	26.786	168	115	2	11	172	7	172	1.18e-16	70.5
1565.240	1395.205	30.159	126	86	1	47	172	54	177	7.33e-16	68.6
1565.240	161.210	30.573	157	99	5	15	168	1	150	3.13e-15	66.6
1565.240	581.222	27.703	148	104	2	21	167	24	169	1.65e-14	65.1
1565.240	1710.235	30.380	158	103	4	16	171	21	173	5.08e-14	63.9
1565.240	117.194	31.250	128	86	1	56	183	63	188	1.14e-13	62.0
1565.240	718.186	27.564	156	109	3	19	173	10	162	1.60e-13	61.6
1565.240	622.203	29.333	150	90	6	31	168	26	171	2.20e-13	61.6
1565.240	928.198	35.000	160	84	8	20	168	19	169	1.42e-12	59.3
1565.240	1063.198	35.000	160	84	8	20	168	19	169	1.42e-12	59.3
1565.240	1528.195	31.250	128	78	4	44	167	40	161	1.69e-12	58.9
1565.240	67.195	31.579	171	95	7	19	178	8	167	1.36e-11	56.2
1565.240	34.195	31.579	171	95	7	19	178	8	167	1.43e-11	56.2
1565.240	1140.247	26.484	219	138	8	22	238	16	213	1.19e-10	54.3
1565.240	1762.224	34.677	124	66	5	40	150	37	158	3.55e-10	52.8
1565.240	477.195	32.031	128	77	4	44	167	40	161	5.08e-10	52.0
1565.240	439.193	33.088	136	85	3	34	167	28	159	5.74e-10	51.6
1565.240	1269.193	33.088	136	85	3	34	167	28	159	5.74e-10	51.6
1565.240	300.199	40.594	101	40	7	20	110	19	109	6.03e-10	51.6
1565.240	1491.194	33.333	135	80	4	37	167	32	160	6.59e-10	51.6
1565.240	988.199	39.241	79	38	3	40	110	34	110	1.20e-09	50.8
1565.240	1026.237	27.826	115	81	1	56	170	40	152	2.17e-09	50.4
1565.240	1220.256	35.526	76	44	3	38	110	33	106	6.02e-07	43.5
1781.240	1781.240	100.000	240	0	0	1	240	1	240	7.53e-154	422
1781.240	1545.228	29.648	199	127	5	20	217	16	202	1.90e-17	73.2
150.239	150.239	100.000	239	0	0	1	239	1	239	1.76e-164	449
