702.534	702.534	100.000	534	0	0	1	534	1	534	0.0	967
1608.529	1608.529	100.000	529	0	0	1	529	1	529	0.0	1055
1608.529	1598.659	28.205	351	218	11	50	382	106	440	1.52e-23	100
1608.529	1598.659	40.816	98	47	3	426	513	545	641	1.59e-14	71.6
73.528	73.528	100.000	528	0	0	1	528	1	528	0.0	1075
73.528	1455.499	81.853	529	65	2	1	528	1	499	0.0	874
73.528	471.498	80.303	528	74	1	1	528	1	498	0.0	856
73.528	1497.497	79.773	529	74	3	1	528	1	497	0.0	848
73.528	1522.501	78.719	531	80	2	1	528	1	501	0.0	839
73.528	445.495	76.705	528	90	2	1	528	1	495	0.0	828
73.528	1275.495	76.705	528	90	2	1	528	1	495	0.0	828
73.528	1679.504	70.000	530	125	3	1	526	1	500	0.0	745
73.528	1633.490	51.367	512	215	3	13	524	9	486	0.0	516
73.528	374.523	49.360	547	218	7	6	528	12	523	3.71e-171	490
73.528	1702.510	47.948	536	220	5	13	524	7	507	7.09e-169	483
73.528	748.517	47.026	538	226	6	15	528	15	517	9.04e-162	466
73.528	40.169	98.571	140	2	0	1	140	1	140	6.97e-100	295
73.528	634.521	28.049	410	228	17	29	418	39	401	5.06e-30	119
73.528	797.554	26.186	485	261	17	53	468	76	532	1.68e-25	105
73.528	1387.542	29.043	303	183	10	29	319	47	329	2.29e-25	105
73.528	681.528	28.261	322	195	10	15	319	26	328	6.85e-25	103
73.528	1315.542	25.524	525	300	20	29	516	46	516	7.59e-25	103
73.528	1364.542	25.714	525	299	19	29	516	46	516	3.35e-24	101
73.528	847.554	26.415	424	232	15	53	449	76	446	5.68e-24	100
73.528	962.554	25.880	483	265	17	53	468	76	532	7.72e-24	100
73.528	1558.557	27.561	410	240	12	29	396	47	441	1.99e-23	99.4
73.528	192.542	25.758	528	313	20	29	525	46	525	7.19e-23	97.4
73.528	1755.528	25.815	399	235	14	27	410	41	393	9.80e-19	84.7
681.528	681.528	100.000	528	0	0	1	528	1	528	0.0	1036
681.528	1364.542	57.088	522	221	2	5	524	6	526	0.0	580
681.528	1315.542	56.322	522	225	2	5	524	6	526	0.0	576
681.528	1387.542	57.854	522	217	2	5	524	7	527	0.0	570
681.528	192.542	55.556	522	229	2	5	524	6	526	0.0	559
681.528	634.521	47.985	521	267	3	7	525	1	519	4.54e-157	454
681.528	797.554	45.672	543	273	6	3	527	8	546	4.03e-156	452
681.528	847.554	45.102	541	279	5	3	527	8	546	5.93e-154	447
681.528	962.554	44.917	541	280	6	3	527	8	546	4.76e-153	445
681.528	1755.528	44.867	526	285	3	8	528	3	528	7.01e-146	426
681.528	1558.557	39.744	546	297	5	9	524	11	554	6.03e-119	357
681.528	1226.174	50.000	174	85	1	351	524	1	172	8.42e-42	143
681.528	1633.490	26.233	507	323	16	24	515	9	479	5.91e-31	121
681.528	748.517	26.802	541	308	19	20	515	9	506	2.18e-29	117
681.528	374.523	27.234	470	265	13	17	429	12	461	4.99e-29	115
681.528	1522.501	26.616	526	315	20	17	514	7	489	6.36e-27	109
681.528	1679.504	26.679	521	317	19	17	512	8	488	2.59e-26	107
681.528	1497.497	26.577	523	315	17	17	514	7	485	3.85e-25	104
681.528	73.528	28.261	322	195	10	26	328	15	319	9.94e-25	103
681.528	1455.499	28.793	323	192	10	26	328	16	320	6.30e-24	100
681.528	445.495	28.713	303	185	8	45	328	26	316	1.36e-22	96.3
681.528	1275.495	28.713	303	185	8	45	328	26	316	1.36e-22	96.3
681.528	471.498	23.780	492	319	14	45	514	29	486	1.08e-21	93.6
681.528	1702.510	23.810	546	337	17	15	521	1	506	1.68e-21	93.2
681.528	683.46	71.429	28	8	0	71	98	1	28	2.52e-09	48.9
681.528	684.63	52.273	44	21	0	12	55	14	57	6.43e-09	48.1
681.528	1635.85	39.286	56	34	0	5	60	6	61	2.59e-07	44.3
681.528	40.169	30.973	113	63	4	26	128	15	122	3.97e-07	45.8
1755.528	1755.528	100.000	528	0	0	1	528	1	528	0.0	999
1755.528	634.521	47.137	524	270	4	3	525	2	519	4.68e-153	444
1755.528	797.554	45.421	535	277	5	5	527	15	546	4.85e-152	442
1755.528	962.554	45.981	535	274	5	5	527	15	546	2.47e-151	440
1755.528	847.554	45.794	535	275	5	5	527	15	546	3.16e-151	440
1755.528	681.528	44.867	526	285	3	3	528	8	528	6.16e-140	410
1755.528	1315.542	43.321	524	289	5	3	524	9	526	2.43e-131	389
1755.528	1364.542	42.939	524	291	5	3	524	9	526	6.07e-129	382
1755.528	1387.542	42.557	524	293	5	3	524	10	527	1.56e-126	376
1755.528	192.542	42.939	524	291	5	3	524	9	526	3.24e-125	373
1755.528	1558.557	40.255	549	295	7	4	524	11	554	3.20e-117	353
1755.528	748.517	27.273	429	243	15	12	399	6	406	9.00e-29	115
1755.528	1633.490	25.926	405	258	12	11	399	1	379	2.10e-28	114
1755.528	1226.174	39.655	174	103	1	351	524	1	172	4.45e-25	97.8
1755.528	374.523	23.570	437	269	11	1	398	1	411	1.76e-22	96.3
1755.528	1455.499	26.613	372	236	13	41	393	28	381	1.24e-20	90.5
1755.528	1497.497	25.469	373	239	12	41	393	26	379	1.27e-20	90.5
1755.528	1522.501	25.505	396	250	11	20	396	17	386	6.17e-20	88.2
1755.528	445.495	25.000	372	242	10	41	393	24	377	1.00e-19	87.4
1755.528	1275.495	25.000	372	242	10	41	393	24	377	1.00e-19	87.4
1755.528	471.498	26.133	375	240	11	41	396	27	383	3.55e-19	85.9
1755.528	1702.510	25.304	411	230	15	20	385	8	386	5.29e-18	82.4
1755.528	73.528	25.564	399	236	15	41	393	27	410	3.98e-17	79.7
1755.528	1679.504	25.201	373	248	11	41	397	31	388	4.03e-17	79.7
1755.528	40.169	33.036	112	65	3	41	142	27	138	2.07e-09	52.4
12.527	12.527	100.000	527	0	0	1	527	1	527	0.0	1032
374.523	374.523	100.000	523	0	0	1	523	1	523	0.0	1068
374.523	748.517	76.877	506	117	0	18	523	12	517	0.0	812
374.523	1702.510	67.391	506	165	0	16	521	4	509	0.0	712
374.523	1633.490	53.360	506	211	3	19	523	9	490	0.0	550
374.523	1455.499	52.031	517	219	4	12	523	7	499	0.0	515
374.523	1497.497	52.308	520	217	6	9	523	4	497	7.06e-178	506
374.523	445.495	51.257	517	221	6	12	523	5	495	9.53e-175	498
374.523	1275.495	51.257	517	221	6	12	523	5	495	9.53e-175	498
374.523	1679.504	50.096	519	228	5	9	521	7	500	5.45e-172	491
374.523	1522.501	51.076	511	219	6	19	523	16	501	2.69e-171	489
374.523	73.528	49.360	547	218	7	12	523	6	528	3.67e-171	490
374.523	471.498	50.290	517	228	5	12	523	6	498	1.94e-170	487
374.523	40.169	56.522	161	46	2	10	170	4	140	2.20e-52	171
374.523	1364.542	27.455	550	302	20	18	519	24	524	4.00e-35	134
374.523	1315.542	26.460	548	310	18	18	519	24	524	4.07e-34	131
374.523	1387.542	25.872	545	317	19	18	519	25	525	9.77e-33	127
374.523	681.528	27.389	471	263	14	12	461	17	429	3.51e-31	122
374.523	1558.557	25.321	545	329	17	20	512	27	545	1.25e-30	120
374.523	192.542	26.182	550	329	17	8	519	14	524	1.84e-30	120
374.523	797.554	25.933	509	284	16	59	518	76	540	1.77e-29	117
374.523	847.554	25.795	566	322	17	8	518	18	540	2.21e-29	117
374.523	962.554	26.224	572	312	20	8	518	18	540	3.75e-29	116
374.523	634.521	26.063	541	305	19	8	511	7	489	4.84e-29	115
374.523	1755.528	23.918	485	287	13	1	453	1	435	7.27e-26	106
492.522	492.522	100.000	522	0	0	1	522	1	522	0.0	1018
492.522	429.508	26.626	492	316	15	22	484	13	488	9.96e-20	87.8
492.522	1259.508	26.626	492	316	15	22	484	13	488	9.96e-20	87.8
634.521	634.521	100.000	521	0	0	1	521	1	521	0.0	937
634.521	681.528	47.985	521	267	3	1	519	7	525	1.90e-142	416
634.521	1755.528	47.137	524	270	4	2	519	3	525	4.39e-139	408
634.521	1315.542	44.038	520	288	2	1	518	8	526	1.78e-124	371
634.521	1364.542	44.423	520	286	2	1	518	8	526	1.61e-123	369
634.521	1387.542	44.660	515	282	2	6	518	14	527	9.48e-122	364
634.521	192.542	44.038	520	288	2	1	518	8	526	3.54e-117	352
634.521	1558.557	42.596	547	280	6	3	518	11	554	1.66e-112	340
634.521	797.554	39.434	530	301	9	6	518	17	543	2.87e-105	322
634.521	962.554	39.057	530	303	8	6	518	17	543	1.37e-104	320
634.521	847.554	38.868	530	304	8	6	518	17	543	9.04e-104	318
634.521	1522.501	27.692	390	249	10	36	407	29	403	3.75e-31	122
634.521	1497.497	28.278	389	244	12	39	406	28	402	7.84e-31	120
634.521	1455.499	28.718	390	241	13	39	406	30	404	2.00e-30	119
634.521	748.517	27.700	426	242	15	13	396	8	409	2.47e-29	116
634.521	1633.490	26.062	518	308	17	19	509	10	479	1.84e-28	114
634.521	471.498	28.462	390	232	12	39	403	29	396	2.65e-28	113
634.521	73.528	27.981	411	227	17	39	401	29	418	6.46e-28	112
634.521	445.495	26.648	364	234	10	39	384	26	374	1.73e-26	108
634.521	1275.495	26.648	364	234	10	39	384	26	374	1.73e-26	108
634.521	1679.504	26.425	386	253	10	39	407	33	404	1.29e-24	102
634.521	374.523	26.835	436	249	15	7	398	8	417	4.29e-24	101
634.521	1226.174	38.857	175	104	2	344	518	1	172	1.11e-16	73.6
634.521	1702.510	23.810	420	258	13	19	396	8	407	8.57e-16	75.5
634.521	40.169	32.143	112	66	3	39	140	29	140	4.36e-11	57.4
634.521	684.63	61.364	44	17	0	6	49	14	57	1.74e-10	52.8
692.521	692.521	100.000	521	0	0	1	521	1	521	0.0	1046
98.518	98.518	100.000	518	0	0	1	518	1	518	0.0	912
748.517	748.517	100.000	517	0	0	1	517	1	517	0.0	1022
748.517	374.523	76.877	506	117	0	12	517	18	523	0.0	778
748.517	1702.510	67.331	502	164	0	14	515	8	509	0.0	694
748.517	1633.490	53.216	513	215	2	6	517	2	490	0.0	546
748.517	471.498	49.409	508	228	4	15	517	15	498	5.36e-160	460
748.517	1455.499	48.560	521	237	5	2	517	5	499	1.25e-159	459
748.517	1522.501	50.392	510	222	5	14	517	17	501	3.07e-158	456
748.517	1497.497	48.654	520	236	5	3	517	4	497	1.70e-157	454
748.517	445.495	48.228	508	234	4	15	517	12	495	8.78e-157	452
748.517	1275.495	48.228	508	234	4	15	517	12	495	8.78e-157	452
748.517	1679.504	47.784	519	240	5	3	515	7	500	6.96e-156	450
748.517	73.528	46.840	538	227	6	15	517	15	528	3.81e-154	446
748.517	40.169	56.667	150	41	1	15	164	15	140	6.91e-51	167
748.517	1315.542	26.998	463	273	16	6	443	18	440	7.11e-35	133
748.517	1364.542	26.739	460	272	16	9	443	21	440	6.45e-34	130
748.517	634.521	27.044	477	276	16	8	454	13	447	4.93e-32	124
748.517	1387.542	27.494	411	235	15	10	397	23	393	1.46e-31	123
748.517	192.542	26.957	460	271	16	9	443	21	440	2.15e-31	123
748.517	1755.528	26.559	497	279	16	6	468	12	456	2.66e-31	122
748.517	847.554	27.045	440	242	13	10	411	26	424	1.15e-30	120
748.517	962.554	27.273	440	241	14	10	411	26	424	2.28e-30	120
748.517	681.528	26.446	484	282	16	9	463	20	458	3.15e-30	119
748.517	797.554	26.637	443	246	13	6	410	22	423	4.22e-30	119
748.517	1558.557	25.714	490	269	15	8	443	21	469	9.97e-29	115
428.513	428.513	100.000	513	0	0	1	513	1	513	0.0	922
428.513	1258.513	100.000	513	0	0	1	513	1	513	0.0	922
1258.513	428.513	100.000	513	0	0	1	513	1	513	0.0	922
1258.513	1258.513	100.000	513	0	0	1	513	1	513	0.0	922
1702.510	1702.510	100.000	510	0	0	1	510	1	510	0.0	1048
1702.510	748.517	67.331	502	164	0	8	509	14	515	0.0	728
1702.510	374.523	67.391	506	165	0	4	509	16	521	0.0	712
1702.510	1633.490	53.755	506	209	3	5	509	7	488	0.0	567
1702.510	1455.499	50.099	507	224	4	6	507	13	495	3.79e-176	501
1702.510	1497.497	50.294	511	224	5	3	507	7	493	1.56e-175	499
1702.510	1522.501	49.516	517	225	6	2	507	6	497	1.02e-172	492
1702.510	445.495	49.112	507	229	4	6	507	9	491	1.73e-170	486
1702.510	1275.495	49.112	507	229	4	6	507	9	491	1.73e-170	486
1702.510	1679.504	49.312	509	227	5	7	509	17	500	4.78e-169	483
1702.510	73.528	47.948	536	220	5	7	507	13	524	6.28e-169	484
1702.510	471.498	48.627	510	230	5	3	507	12	494	3.86e-167	478
1702.510	40.169	55.921	152	43	1	7	158	13	140	5.03e-52	170
1702.510	1364.542	26.972	545	316	22	2	506	21	523	6.27e-34	130
1702.510	1315.542	25.919	544	323	20	2	506	21	523	6.96e-33	127
1702.510	1387.542	24.587	545	327	18	3	506	23	524	2.12e-29	117
1702.510	192.542	24.952	517	314	17	24	506	47	523	6.40e-29	115
1702.510	1558.557	25.785	446	266	13	6	421	25	435	9.14e-27	109
1702.510	681.528	23.810	546	337	17	1	506	15	521	2.29e-24	102
1702.510	797.554	22.701	511	298	14	47	506	76	540	5.19e-24	100
1702.510	962.554	22.701	511	298	14	47	506	76	540	7.65e-24	100
1702.510	847.554	22.701	511	298	14	47	506	76	540	8.30e-24	100
1702.510	1755.528	25.055	455	248	17	8	424	20	419	1.03e-19	87.4
1702.510	634.521	25.000	420	253	14	8	407	19	396	5.82e-19	85.1
429.508	429.508	100.000	508	0	0	1	508	1	508	0.0	875
429.508	1259.508	100.000	508	0	0	1	508	1	508	0.0	875
429.508	492.522	26.775	493	314	14	13	488	22	484	2.62e-17	80.1
1259.508	429.508	100.000	508	0	0	1	508	1	508	0.0	875
1259.508	1259.508	100.000	508	0	0	1	508	1	508	0.0	875
1259.508	492.522	26.775	493	314	14	13	488	22	484	2.62e-17	80.1
978.507	978.507	100.000	507	0	0	1	507	1	507	0.0	954
1405.504	1405.504	100.000	504	0	0	1	504	1	504	0.0	736
1405.504	1297.503	79.157	451	93	1	54	504	54	503	0.0	583
1405.504	1346.503	79.157	451	93	1	54	504	54	503	0.0	583
1405.504	214.498	75.388	451	107	2	54	504	52	498	0.0	543
1405.504	246.474	46.000	250	123	8	57	301	57	299	4.64e-23	97.4
1405.504	346.474	46.000	250	123	8	57	301	57	299	4.64e-23	97.4
1405.504	1481.373	29.200	250	160	9	240	482	118	357	1.49e-08	52.0
1405.504	21.343	28.807	243	159	8	234	466	94	332	4.57e-07	47.4
1679.504	1679.504	100.000	504	0	0	1	504	1	504	0.0	986
1679.504	1522.501	75.400	500	122	1	1	500	1	499	0.0	757
1679.504	1455.499	74.600	500	124	1	1	500	1	497	0.0	743
1679.504	1497.497	73.347	499	128	2	1	499	1	494	0.0	729
1679.504	471.498	73.642	497	128	1	3	499	2	495	0.0	727
1679.504	73.528	70.000	530	125	3	1	500	1	526	0.0	726
1679.504	445.495	72.709	491	134	0	10	500	3	493	0.0	725
1679.504	1275.495	72.709	491	134	0	10	500	3	493	0.0	725
1679.504	1633.490	55.258	485	213	2	16	500	8	488	0.0	523
1679.504	374.523	50.096	519	228	5	7	500	9	521	4.85e-168	481
1679.504	1702.510	49.312	509	227	5	17	500	7	509	4.46e-165	473
1679.504	748.517	47.784	519	240	5	7	500	3	515	1.93e-160	461
1679.504	40.169	83.099	142	21	1	3	144	2	140	7.32e-81	245
1679.504	634.521	26.008	496	297	18	33	487	39	505	3.50e-26	107
1679.504	681.528	26.679	521	317	19	8	488	17	512	5.45e-26	106
1679.504	962.554	26.594	549	324	20	8	502	22	545	1.16e-25	105
1679.504	797.554	25.437	515	317	16	33	502	53	545	1.57e-25	105
1679.504	847.554	26.422	545	330	19	8	502	22	545	1.75e-25	105
1679.504	1315.542	26.931	505	314	18	33	502	46	530	7.31e-24	100
1679.504	1364.542	27.607	489	301	17	33	488	46	514	1.51e-23	99.4
1679.504	1387.542	27.151	523	317	19	4	488	19	515	2.77e-23	98.6
1679.504	1558.557	26.728	434	260	13	33	423	47	465	1.87e-20	90.1
1679.504	192.542	26.707	498	294	18	33	488	46	514	1.72e-18	84.0
1679.504	1755.528	26.396	394	251	14	31	405	41	414	9.23e-18	81.6
493.503	493.503	100.000	503	0	0	1	503	1	503	0.0	1028
1297.503	1297.503	100.000	450	0	0	54	503	54	503	0.0	717
1297.503	1346.503	100.000	450	0	0	54	503	54	503	0.0	717
1297.503	1405.504	79.157	451	93	1	54	503	54	504	0.0	575
1297.503	214.498	78.000	450	96	1	54	503	52	498	0.0	573
1297.503	246.474	42.078	385	195	13	57	426	57	428	1.23e-30	120
1297.503	346.474	42.078	385	195	13	57	426	57	428	1.23e-30	120
1297.503	21.343	27.899	276	175	10	201	465	70	332	3.57e-10	57.0
1297.503	1481.373	29.902	204	128	9	234	423	107	309	7.76e-10	56.2
1297.503	487.369	33.813	139	87	4	326	461	194	330	1.61e-08	52.0
1297.503	1536.389	30.769	299	164	16	202	474	101	382	6.58e-08	50.1
1297.503	766.373	31.757	148	96	3	319	461	186	333	1.40e-07	48.9
1297.503	430.367	25.753	299	192	9	201	478	70	359	1.69e-07	48.5
1297.503	1260.367	25.753	299	192	9	201	478	70	359	1.69e-07	48.5
1346.503	1297.503	100.000	450	0	0	54	503	54	503	0.0	717
1346.503	1346.503	100.000	450	0	0	54	503	54	503	0.0	717
1346.503	1405.504	79.157	451	93	1	54	503	54	504	0.0	575
1346.503	214.498	78.000	450	96	1	54	503	52	498	0.0	573
1346.503	246.474	42.078	385	195	13	57	426	57	428	1.23e-30	120
1346.503	346.474	42.078	385	195	13	57	426	57	428	1.23e-30	120
1346.503	21.343	27.899	276	175	10	201	465	70	332	3.57e-10	57.0
1346.503	1481.373	29.902	204	128	9	234	423	107	309	7.76e-10	56.2
1346.503	487.369	33.813	139	87	4	326	461	194	330	1.61e-08	52.0
1346.503	1536.389	30.769	299	164	16	202	474	101	382	6.58e-08	50.1
1346.503	766.373	31.757	148	96	3	319	461	186	333	1.40e-07	48.9
1346.503	430.367	25.753	299	192	9	201	478	70	359	1.69e-07	48.5
1346.503	1260.367	25.753	299	192	9	201	478	70	359	1.69e-07	48.5
1522.501	1522.501	100.000	501	0	0	1	501	1	501	0.0	990
1522.501	1455.499	83.865	502	77	2	1	501	1	499	0.0	831
1522.501	1497.497	82.834	501	82	1	1	501	1	497	0.0	822
1522.501	73.528	78.719	531	80	2	1	501	1	528	0.0	816
1522.501	471.498	82.635	501	84	1	1	501	1	498	0.0	811
1522.501	445.495	78.044	501	104	1	1	501	1	495	0.0	791
1522.501	1275.495	78.044	501	104	1	1	501	1	495	0.0	791
1522.501	1679.504	75.400	500	122	1	1	499	1	500	0.0	751
1522.501	1633.490	55.280	483	212	2	15	497	8	486	0.0	531
1522.501	374.523	51.076	511	219	6	16	501	19	523	2.97e-166	476
1522.501	1702.510	49.516	517	225	6	6	497	2	507	3.62e-166	476
1522.501	748.517	50.392	510	222	5	17	501	14	517	3.02e-160	461
1522.501	40.169	81.879	149	22	2	1	149	1	144	6.60e-84	253
1522.501	797.554	27.959	490	283	17	56	498	76	542	1.07e-32	126
1522.501	962.554	28.163	490	282	17	56	498	76	542	1.19e-32	126
1522.501	634.521	27.763	389	250	10	29	403	36	407	2.05e-32	125
1522.501	847.554	27.959	490	283	17	56	498	76	542	1.45e-31	123
1522.501	1315.542	27.586	493	298	16	33	489	47	516	3.52e-28	113
1522.501	681.528	26.843	529	310	20	7	489	17	514	4.47e-28	112
1522.501	1387.542	28.415	366	224	11	33	380	48	393	6.79e-28	112
1522.501	1364.542	27.992	493	296	16	33	489	47	516	8.63e-28	112
1522.501	192.542	28.689	366	223	12	33	380	47	392	8.76e-26	106
1522.501	1755.528	25.542	415	264	12	17	405	20	415	4.30e-23	97.8
1522.501	1558.557	26.650	394	233	11	33	385	48	426	5.35e-21	91.7
1455.499	1455.499	100.000	499	0	0	1	499	1	499	0.0	1012
1455.499	471.498	87.123	497	64	0	3	499	2	498	0.0	889
1455.499	1497.497	86.172	499	67	1	1	499	1	497	0.0	889
1455.499	445.495	85.571	499	68	1	1	499	1	495	0.0	884
1455.499	1275.495	85.571	499	68	1	1	499	1	495	0.0	884
1455.499	73.528	81.853	529	65	2	1	499	1	528	0.0	874
1455.499	1522.501	83.865	502	77	2	1	499	1	501	0.0	853
1455.499	1679.504	74.600	500	124	1	1	497	1	500	0.0	763
1455.499	1633.490	54.004	487	220	2	13	499	8	490	0.0	528
1455.499	374.523	52.031	517	219	4	7	499	12	523	0.0	515
1455.499	1702.510	50.099	507	224	4	13	495	6	507	3.70e-176	501
1455.499	748.517	48.560	521	237	5	5	499	2	517	1.41e-167	479
1455.499	40.169	89.655	145	13	1	3	147	2	144	6.01e-93	276
1455.499	634.521	29.124	388	242	12	30	404	39	406	9.77e-33	126
1455.499	962.554	27.083	480	280	16	54	486	76	532	2.97e-30	119
1455.499	1315.542	27.519	516	271	20	30	487	46	516	5.00e-30	119
1455.499	797.554	27.140	479	281	17	54	486	76	532	6.58e-30	118
1455.499	847.554	27.044	477	284	16	54	486	76	532	2.92e-29	116
1455.499	1387.542	28.883	367	223	12	30	378	47	393	6.53e-29	115
1455.499	1364.542	26.680	491	307	16	30	487	46	516	6.72e-28	112
1455.499	192.542	28.610	367	224	12	30	378	46	392	8.21e-27	109
1455.499	681.528	27.612	402	242	14	16	391	26	404	2.98e-26	107
1455.499	1558.557	28.132	423	256	14	30	414	47	459	1.79e-25	105
1455.499	1755.528	27.470	415	257	15	28	423	41	430	4.12e-23	97.8
214.498	214.498	100.000	446	0	0	53	498	53	498	0.0	745
214.498	1297.503	79.510	449	89	1	53	498	55	503	0.0	585
214.498	1346.503	79.510	449	89	1	53	498	55	503	0.0	585
214.498	1405.504	75.333	450	107	2	53	498	55	504	0.0	541
214.498	246.474	42.857	252	118	7	55	292	57	296	3.07e-33	127
214.498	346.474	42.857	252	118	7	55	292	57	296	3.07e-33	127
214.498	487.369	34.532	139	86	4	321	456	194	330	2.24e-09	54.7
214.498	1481.373	29.317	249	156	10	235	474	118	355	2.65e-08	51.2
214.498	21.343	30.323	155	101	5	309	460	182	332	5.32e-08	50.1
471.498	471.498	100.000	498	0	0	1	498	1	498	0.0	983
471.498	1455.499	87.123	497	64	0	2	498	3	499	0.0	864
471.498	445.495	83.300	497	79	1	2	498	3	495	0.0	843
471.498	1275.495	83.300	497	79	1	2	498	3	495	0.0	843
471.498	1497.497	85.312	497	71	1	2	498	3	497	0.0	838
471.498	73.528	80.303	528	74	1	1	498	1	528	0.0	829
471.498	1522.501	82.635	501	84	1	1	498	1	501	0.0	811
471.498	1679.504	73.642	497	128	1	2	495	3	499	0.0	723
471.498	1633.490	53.086	486	224	2	13	498	9	490	2.05e-175	498
471.498	374.523	50.290	517	228	5	6	498	12	523	1.43e-164	472
471.498	1702.510	48.627	510	230	5	12	494	3	507	1.95e-161	463
471.498	748.517	49.409	508	228	4	15	498	15	517	2.49e-160	461
471.498	40.169	89.041	146	14	1	1	146	1	144	2.90e-91	271
471.498	634.521	28.125	384	241	12	29	396	39	403	1.11e-29	117
471.498	1315.542	26.782	519	271	22	29	486	46	516	6.27e-25	103
471.498	1364.542	27.168	519	269	22	29	486	46	516	8.86e-25	103
471.498	962.554	26.112	517	299	18	23	486	47	533	1.21e-24	102
471.498	797.554	25.919	517	300	18	23	486	47	533	1.15e-23	99.8
471.498	847.554	25.919	517	300	18	23	486	47	533	1.87e-23	99.0
471.498	192.542	27.568	370	224	12	29	377	46	392	2.60e-23	98.6
471.498	681.528	25.849	383	248	11	29	394	45	408	2.65e-23	98.6
471.498	1387.542	27.027	370	226	12	29	377	47	393	3.80e-23	98.2
471.498	1755.528	26.133	375	240	11	27	383	41	396	1.80e-21	92.8
471.498	1558.557	26.854	391	228	11	29	377	47	421	2.56e-21	92.4
1751.498	1751.498	100.000	498	0	0	1	498	1	498	0.0	970
1751.498	1199.415	30.159	189	109	6	5	186	2	174	5.91e-17	78.2
1751.498	1200.641	34.463	177	98	5	7	181	6	166	1.85e-13	68.2
1202.497	1202.497	100.000	497	0	0	1	497	1	497	0.0	1021
1497.497	1497.497	100.000	497	0	0	1	497	1	497	0.0	997
1497.497	1455.499	86.172	499	67	1	1	497	1	499	0.0	877
1497.497	471.498	85.312	497	71	1	3	497	2	498	0.0	852
1497.497	445.495	82.495	497	85	1	1	497	1	495	0.0	842
1497.497	1275.495	82.495	497	85	1	1	497	1	495	0.0	842
1497.497	73.528	79.773	529	74	3	1	497	1	528	0.0	836
1497.497	1522.501	82.834	501	82	1	1	497	1	501	0.0	832
1497.497	1679.504	73.347	499	128	2	1	494	1	499	0.0	732
1497.497	1633.490	53.498	486	222	2	12	497	9	490	0.0	515
1497.497	374.523	52.308	520	217	6	4	497	9	523	9.80e-175	498
1497.497	1702.510	50.294	511	224	5	7	493	3	507	6.16e-172	490
1497.497	748.517	48.654	520	236	5	4	497	3	517	4.74e-162	465
1497.497	40.169	90.647	139	11	1	3	139	2	140	6.19e-89	265
1497.497	634.521	28.792	389	242	13	28	402	39	406	7.25e-34	129
1497.497	962.554	28.191	376	220	11	52	397	76	431	7.53e-29	115
1497.497	797.554	28.191	376	220	11	52	397	76	431	3.03e-28	113
1497.497	681.528	26.577	523	315	17	7	485	17	514	9.21e-28	112
1497.497	1387.542	28.792	389	240	13	7	376	23	393	1.02e-27	112
1497.497	847.554	27.926	376	221	11	52	397	76	431	1.07e-27	112
1497.497	1364.542	26.779	534	297	19	7	485	22	516	9.51e-27	108
1497.497	1315.542	26.217	534	300	19	7	485	22	516	2.34e-26	107
1497.497	1558.557	26.506	415	249	10	28	401	47	446	1.34e-24	102
1497.497	192.542	28.571	392	243	13	4	376	19	392	1.45e-24	102
1497.497	1755.528	26.273	373	236	12	26	379	41	393	1.65e-22	96.3
445.495	445.495	100.000	495	0	0	1	495	1	495	0.0	1006
445.495	1275.495	100.000	495	0	0	1	495	1	495	0.0	1006
445.495	1455.499	85.571	499	68	1	1	495	1	499	0.0	884
445.495	471.498	83.300	497	79	1	3	495	2	498	0.0	861
445.495	1497.497	82.495	497	85	1	1	495	1	497	0.0	850
445.495	73.528	76.705	528	90	2	1	495	1	528	0.0	828
445.495	1522.501	78.044	501	104	1	1	495	1	501	0.0	807
445.495	1679.504	72.709	491	134	0	3	493	10	500	0.0	739
445.495	1633.490	52.156	487	229	2	9	495	8	490	3.87e-180	510
445.495	374.523	51.257	517	221	6	5	495	12	523	9.02e-175	498
445.495	1702.510	49.112	507	229	4	9	491	6	507	1.68e-170	486
445.495	748.517	48.228	508	234	4	12	495	15	517	5.69e-164	470
445.495	40.169	84.286	140	19	1	1	137	1	140	8.96e-86	257
445.495	634.521	27.072	362	235	9	26	374	39	384	1.27e-28	114
445.495	962.554	27.572	486	272	17	50	483	76	533	2.76e-28	113
445.495	1364.542	26.482	506	289	17	26	483	46	516	2.36e-27	110
445.495	847.554	27.755	490	266	19	50	483	76	533	6.19e-27	109
445.495	1315.542	27.129	505	287	21	26	483	46	516	1.55e-26	108
445.495	797.554	26.708	483	280	16	50	483	76	533	2.69e-26	107
445.495	681.528	25.202	496	307	17	26	483	45	514	5.04e-25	103
445.495	1387.542	26.975	367	230	12	26	374	47	393	3.24e-24	101
445.495	1558.557	27.335	439	250	12	26	419	47	461	6.96e-24	100
445.495	192.542	25.100	502	315	16	26	490	46	523	1.38e-22	96.3
445.495	1755.528	23.752	501	306	14	24	479	41	510	5.13e-22	94.7
1150.495	1150.495	100.000	495	0	0	1	495	1	495	0.0	1014
1275.495	445.495	100.000	495	0	0	1	495	1	495	0.0	1006
1275.495	1275.495	100.000	495	0	0	1	495	1	495	0.0	1006
1275.495	1455.499	85.571	499	68	1	1	495	1	499	0.0	884
1275.495	471.498	83.300	497	79	1	3	495	2	498	0.0	861
1275.495	1497.497	82.495	497	85	1	1	495	1	497	0.0	850
1275.495	73.528	76.705	528	90	2	1	495	1	528	0.0	828
1275.495	1522.501	78.044	501	104	1	1	495	1	501	0.0	807
1275.495	1679.504	72.709	491	134	0	3	493	10	500	0.0	739
1275.495	1633.490	52.156	487	229	2	9	495	8	490	3.87e-180	510
1275.495	374.523	51.257	517	221	6	5	495	12	523	9.02e-175	498
1275.495	1702.510	49.112	507	229	4	9	491	6	507	1.68e-170	486
1275.495	748.517	48.228	508	234	4	12	495	15	517	5.69e-164	470
1275.495	40.169	84.286	140	19	1	1	137	1	140	8.96e-86	257
1275.495	634.521	27.072	362	235	9	26	374	39	384	1.27e-28	114
1275.495	962.554	27.572	486	272	17	50	483	76	533	2.76e-28	113
1275.495	1364.542	26.482	506	289	17	26	483	46	516	2.36e-27	110
1275.495	847.554	27.755	490	266	19	50	483	76	533	6.19e-27	109
1275.495	1315.542	27.129	505	287	21	26	483	46	516	1.55e-26	108
1275.495	797.554	26.708	483	280	16	50	483	76	533	2.69e-26	107
1275.495	681.528	25.202	496	307	17	26	483	45	514	5.04e-25	103
1275.495	1387.542	26.975	367	230	12	26	374	47	393	3.24e-24	101
1275.495	1558.557	27.335	439	250	12	26	419	47	461	6.96e-24	100
1275.495	192.542	25.100	502	315	16	26	490	46	523	1.38e-22	96.3
1275.495	1755.528	23.752	501	306	14	24	479	41	510	5.13e-22	94.7
1675.495	1675.495	100.000	472	0	0	1	472	1	472	0.0	851
1675.495	1138.472	70.523	363	107	0	100	462	79	441	0.0	541
1675.495	753.460	53.425	365	169	1	100	464	67	430	2.10e-148	428
1675.495	546.453	52.291	371	176	1	100	470	59	428	2.06e-144	418
1675.495	1222.463	55.125	361	162	0	98	458	75	435	2.18e-139	405
1675.495	1708.467	53.203	359	167	1	100	458	68	425	1.09e-134	394
1675.495	1450.444	52.394	376	174	3	98	470	50	423	4.51e-133	389
1675.495	579.445	51.491	369	177	2	102	470	59	425	4.07e-131	384
1675.495	257.449	49.865	371	184	2	100	470	60	428	1.93e-124	367
1675.495	335.449	49.865	371	184	2	100	470	60	428	1.93e-124	367
1675.495	381.475	46.900	371	195	2	100	470	86	454	6.19e-120	356
1675.495	892.453	47.439	371	193	2	100	470	64	432	4.04e-118	350
1675.495	302.419	36.364	363	207	7	100	458	57	399	7.33e-58	193
1675.495	925.425	35.813	363	209	7	100	458	63	405	1.31e-55	187
1675.495	1066.425	35.813	363	209	7	100	458	63	405	1.31e-55	187
1675.495	624.417	34.066	364	224	5	100	462	58	406	1.13e-52	179
1675.495	991.412	34.444	360	218	5	100	458	50	392	2.10e-52	178
1675.495	475.420	34.072	361	212	8	102	458	65	403	6.45e-52	177
1675.495	1493.419	32.320	362	221	7	100	458	61	401	8.19e-51	174
1675.495	1526.419	31.856	361	224	6	100	458	61	401	1.90e-47	165
1675.495	441.414	30.933	375	234	7	100	472	56	407	4.05e-47	164
1675.495	1271.414	30.933	375	234	7	100	472	56	407	4.05e-47	164
1675.495	163.433	31.548	336	211	6	124	457	97	415	9.57e-47	164
1675.495	1760.442	29.919	371	243	6	102	470	75	430	2.74e-45	160
1675.495	69.413	31.868	364	220	8	100	458	55	395	1.21e-44	157
1675.495	36.413	32.240	366	216	10	100	458	55	395	1.26e-44	157
1675.495	1628.476	29.870	385	236	7	102	461	76	451	5.93e-43	154
1675.495	843.456	29.459	370	242	9	102	464	77	434	1.01e-41	150
1675.495	958.456	29.189	370	243	9	102	464	77	434	2.36e-41	149
1675.495	801.457	28.919	370	244	9	102	464	78	435	4.89e-41	149
1675.495	720.361	31.805	349	220	5	115	462	9	340	4.50e-40	144
1675.495	1178.441	30.110	362	235	5	102	462	74	418	4.63e-40	145
1675.495	1563.458	29.412	357	197	9	102	421	57	395	2.19e-39	144
1675.495	676.438	28.065	367	247	8	102	464	84	437	2.31e-37	138
1675.495	1393.432	29.315	365	230	8	102	458	80	424	2.77e-37	138
1675.495	1024.453	27.642	369	242	9	102	465	74	422	1.70e-35	133
1675.495	119.444	26.849	365	248	5	101	464	80	426	2.67e-32	124
1675.495	1311.431	26.243	362	245	5	102	458	79	423	2.89e-32	124
1675.495	1360.431	25.967	362	246	5	102	458	79	423	2.77e-31	120
732.493	732.493	100.000	493	0	0	1	493	1	493	0.0	880
732.493	704.357	51.250	240	108	4	237	474	104	336	2.46e-51	174
732.493	704.357	47.674	86	44	1	17	101	8	93	5.12e-16	75.1
1633.490	1633.490	100.000	490	0	0	1	490	1	490	0.0	1007
1633.490	1702.510	53.755	506	209	3	7	488	5	509	0.0	567
1633.490	748.517	53.216	513	215	2	2	490	6	517	0.0	565
1633.490	374.523	53.360	506	211	3	9	490	19	523	0.0	550
1633.490	1522.501	55.280	483	212	2	8	486	15	497	0.0	548
1633.490	1679.504	55.258	485	213	2	8	488	16	500	0.0	531
1633.490	1455.499	54.004	487	220	2	8	490	13	499	0.0	528
1633.490	1497.497	53.498	486	222	2	9	490	12	497	0.0	525
1633.490	73.528	51.367	512	215	3	9	486	13	524	0.0	516
1633.490	471.498	53.086	486	224	2	9	490	13	498	0.0	514
1633.490	445.495	52.156	487	229	2	8	490	9	495	3.83e-180	510
1633.490	1275.495	52.156	487	229	2	8	490	9	495	3.83e-180	510
1633.490	40.169	66.406	128	43	0	9	136	13	140	1.07e-56	182
1633.490	634.521	27.713	516	302	19	10	479	19	509	4.08e-36	136
1633.490	847.554	28.033	478	290	15	49	485	76	540	1.16e-35	135
1633.490	797.554	28.067	481	286	15	49	485	76	540	1.42e-35	135
1633.490	962.554	28.033	478	290	15	49	485	76	540	1.97e-35	134
1633.490	1364.542	27.525	505	301	18	22	485	43	523	4.24e-35	133
1633.490	1315.542	26.854	499	304	16	26	485	47	523	9.62e-35	132
1633.490	681.528	26.233	507	323	16	9	479	24	515	2.25e-34	131
1633.490	1755.528	26.711	453	288	14	1	425	11	447	1.93e-33	128
1633.490	1558.557	26.306	536	316	18	8	479	25	545	5.65e-31	121
1633.490	1387.542	25.956	497	311	16	26	485	48	524	7.50e-31	121
1633.490	192.542	26.253	499	315	16	22	485	43	523	3.45e-30	119
1634.490	1634.490	100.000	490	0	0	1	490	1	490	0.0	894
307.485	307.485	100.000	485	0	0	1	485	1	485	0.0	762
315.485	315.485	100.000	485	0	0	1	485	1	485	0.0	772
170.481	170.481	100.000	481	0	0	1	481	1	481	0.0	871
733.481	733.481	100.000	466	0	0	1	466	1	466	0.0	880
1699.481	1699.481	100.000	481	0	0	1	481	1	481	0.0	944
1699.481	1466.76	36.508	63	37	1	414	476	8	67	1.43e-08	47.4
1365.479	1365.479	100.000	479	0	0	1	479	1	479	0.0	976
1365.479	1316.416	100.000	416	0	0	64	479	1	416	0.0	840
1365.479	191.416	91.106	416	37	0	64	479	1	416	0.0	773
1365.479	867.413	45.503	378	196	5	74	449	8	377	6.23e-106	317
1365.479	1386.399	32.487	394	247	9	74	459	12	394	1.82e-51	175
1365.479	1327.430	28.499	393	264	8	75	460	42	424	8.37e-43	152
1365.479	1636.420	28.871	381	252	8	90	463	50	418	4.34e-40	145
1365.479	1780.335	26.400	375	224	15	76	442	1	331	1.70e-15	73.2
1365.479	654.343	23.861	373	235	12	76	445	1	327	2.95e-15	72.4
1365.479	1017.337	25.066	379	232	14	72	446	2	332	3.41e-15	72.0
1365.479	868.354	27.797	295	178	9	76	364	1	266	4.95e-15	72.0
1365.479	414.352	27.714	350	216	12	75	423	8	321	4.16e-14	68.9
1365.479	1548.333	25.937	347	211	13	82	424	7	311	3.47e-13	65.9
1365.479	599.348	27.356	329	203	13	76	401	1	296	4.70e-13	65.9
1365.479	647.381	24.262	305	182	14	67	357	24	293	5.23e-12	62.8
1365.479	780.351	21.683	309	217	7	81	387	6	291	1.76e-11	60.8
1365.479	235.345	25.356	351	216	13	79	424	4	313	6.12e-11	59.3
1365.479	358.345	25.356	351	216	13	79	424	4	313	6.12e-11	59.3
1365.479	508.346	26.479	355	208	11	76	421	1	311	1.40e-10	58.2
1365.479	45.345	26.184	359	203	15	76	421	1	310	6.27e-10	56.2
1365.479	1155.335	25.606	371	220	18	83	447	8	328	1.51e-07	48.5
1628.476	1628.476	100.000	461	0	0	1	461	1	461	0.0	781
1628.476	1563.458	35.065	385	243	4	73	452	54	436	5.56e-73	233
1628.476	801.457	32.905	389	230	5	73	456	75	437	1.28e-66	217
1628.476	843.456	31.362	389	236	5	73	456	74	436	3.65e-63	207
1628.476	958.456	31.620	389	235	5	73	456	74	436	3.93e-63	207
1628.476	163.433	33.933	389	214	10	71	452	68	420	6.24e-59	196
1628.476	1760.442	33.508	382	218	5	70	447	67	416	1.65e-58	195
1628.476	1178.441	32.391	389	221	7	72	455	70	421	5.57e-55	186
1628.476	1450.444	32.021	381	223	7	73	444	54	407	1.20e-53	182
1628.476	1708.467	31.738	397	238	7	73	461	67	438	3.85e-53	181
1628.476	579.445	31.818	396	234	7	73	459	56	424	4.29e-53	181
1628.476	475.420	33.333	381	212	8	71	447	60	402	6.58e-53	179
1628.476	925.425	34.218	377	212	6	73	447	62	404	1.14e-52	179
1628.476	1066.425	34.218	377	212	6	73	447	62	404	1.14e-52	179
1628.476	302.419	33.158	380	218	5	70	447	53	398	1.21e-52	179
1628.476	1493.419	32.891	377	215	7	73	447	60	400	4.39e-51	174
1628.476	257.449	32.468	385	220	9	71	444	57	412	1.66e-50	174
1628.476	335.449	32.468	385	220	9	71	444	57	412	1.66e-50	174
1628.476	1526.419	32.591	359	205	5	73	430	60	382	4.11e-49	169
1628.476	36.413	31.373	357	210	4	73	429	54	375	3.91e-48	166
1628.476	69.413	31.092	357	211	4	73	429	54	375	1.23e-47	165
1628.476	892.453	31.234	381	230	5	71	444	61	416	2.83e-47	165
1628.476	753.460	30.311	386	236	8	70	447	63	423	6.03e-47	164
1628.476	720.361	30.729	384	227	7	81	460	1	349	2.60e-46	160
1628.476	1222.463	28.866	388	235	8	73	444	76	438	6.01e-46	162
1628.476	1675.495	29.948	384	235	7	76	450	102	460	1.06e-45	162
1628.476	991.412	29.949	394	240	5	70	461	46	405	3.18e-45	159
1628.476	546.453	29.243	383	238	6	73	447	58	415	6.19e-45	159
1628.476	381.475	30.287	383	231	8	71	444	83	438	1.12e-44	159
1628.476	624.417	30.585	376	225	5	73	445	57	399	3.17e-43	153
1628.476	441.414	29.722	360	218	4	71	430	53	377	2.07e-41	148
1628.476	1271.414	29.722	360	218	4	71	430	53	377	2.07e-41	148
1628.476	1138.472	27.720	386	245	7	73	449	78	438	2.68e-38	141
1628.476	1393.432	28.989	376	233	7	73	445	77	421	1.34e-37	138
1628.476	1311.431	28.042	378	238	5	73	447	76	422	9.25e-35	130
1628.476	1360.431	28.042	378	238	5	73	447	76	422	3.17e-34	129
1628.476	676.438	27.778	378	237	11	73	445	81	427	3.47e-34	129
1628.476	119.444	24.932	369	238	7	80	445	85	417	4.21e-34	129
1628.476	1024.453	25.753	365	251	7	73	424	71	428	1.77e-29	115
1628.476	196.249	25.786	159	117	1	180	337	1	159	6.50e-08	49.3
381.475	381.475	100.000	475	0	0	1	475	1	475	0.0	844
381.475	257.449	71.066	394	110	2	84	475	58	449	0.0	572
381.475	335.449	71.066	394	110	2	84	475	58	449	0.0	572
381.475	892.453	69.388	392	120	0	84	475	62	453	0.0	568
381.475	1450.444	65.473	391	135	0	85	475	54	444	0.0	560
381.475	579.445	67.848	395	118	2	85	475	56	445	0.0	549
381.475	753.460	50.508	394	189	2	84	471	65	458	3.99e-141	409
381.475	546.453	50.133	377	187	1	84	459	57	433	1.99e-133	389
381.475	1708.467	48.379	401	196	3	84	474	66	465	1.11e-130	382
381.475	1138.472	50.131	381	186	3	84	460	77	457	4.43e-124	366
381.475	1675.495	46.900	371	195	2	86	454	100	470	8.04e-120	355
381.475	1222.463	43.669	387	212	4	85	468	76	459	1.30e-105	318
381.475	1760.442	33.702	362	222	6	85	442	72	419	4.88e-58	194
381.475	676.438	36.088	363	206	10	85	438	81	426	5.37e-56	188
381.475	624.417	33.152	368	226	8	84	447	56	407	4.51e-54	182
381.475	991.412	35.890	365	206	10	84	439	48	393	1.00e-53	181
381.475	1493.419	33.427	356	215	5	84	436	59	395	2.58e-52	178
381.475	475.420	33.240	358	217	8	84	438	61	399	5.99e-51	174
381.475	925.425	34.540	359	211	9	85	438	62	401	1.35e-49	171
381.475	1066.425	34.540	359	211	9	85	438	62	401	1.35e-49	171
381.475	302.419	33.983	359	213	9	85	438	56	395	4.94e-49	169
381.475	163.433	33.832	334	200	8	109	438	96	412	5.41e-48	167
381.475	441.414	33.427	356	215	5	84	436	54	390	2.55e-47	164
381.475	1271.414	33.427	356	215	5	84	436	54	390	2.55e-47	164
381.475	1311.431	34.444	360	214	8	85	438	76	419	6.11e-47	164
381.475	1526.419	32.022	356	220	5	84	436	59	395	3.30e-46	161
381.475	1360.431	34.167	360	215	8	85	438	76	419	5.41e-46	161
381.475	1393.432	34.167	360	215	10	85	438	77	420	9.89e-46	160
381.475	36.413	33.427	356	215	6	84	436	53	389	1.01e-45	160
381.475	69.413	33.146	356	216	6	84	436	53	389	4.11e-45	158
381.475	1178.441	32.071	396	236	11	85	474	71	439	6.02e-45	159
381.475	720.361	31.519	349	215	8	98	439	6	337	9.62e-42	148
381.475	1628.476	29.976	417	250	10	85	474	73	474	1.80e-41	150
381.475	958.456	30.214	374	240	8	84	448	73	434	1.47e-40	147
381.475	843.456	29.947	374	241	8	84	448	73	434	2.93e-40	146
381.475	119.444	31.215	362	226	9	91	448	84	426	1.18e-39	144
381.475	1024.453	27.441	379	254	7	85	459	71	432	4.91e-39	142
381.475	801.457	29.412	374	243	8	84	448	74	435	1.29e-37	139
381.475	1563.458	26.989	352	212	8	85	403	54	393	3.15e-29	115
381.475	196.249	27.888	251	160	7	193	438	3	237	1.26e-14	69.3
1012.475	1012.475	100.000	475	0	0	1	475	1	475	0.0	835
246.474	246.474	100.000	474	0	0	1	474	1	474	0.0	698
246.474	346.474	100.000	474	0	0	1	474	1	474	0.0	698
246.474	214.498	43.443	244	128	7	57	296	55	292	4.03e-29	115
246.474	1297.503	42.353	255	118	7	57	296	57	297	1.94e-26	107
246.474	1346.503	42.353	255	118	7	57	296	57	297	1.94e-26	107
246.474	1405.504	44.000	250	128	8	57	299	57	301	1.54e-20	89.7
246.474	880.336	43.011	93	51	2	360	452	227	317	1.10e-13	67.4
246.474	589.355	35.200	125	65	3	360	471	231	352	3.81e-11	60.1
246.474	59.345	37.908	153	87	6	307	456	185	332	8.68e-11	58.5
246.474	1439.380	38.043	92	55	2	361	452	250	339	5.66e-10	56.2
246.474	533.342	39.362	94	56	1	360	452	235	328	1.23e-08	52.0
346.474	246.474	100.000	474	0	0	1	474	1	474	0.0	698
346.474	346.474	100.000	474	0	0	1	474	1	474	0.0	698
346.474	214.498	43.443	244	128	7	57	296	55	292	4.03e-29	115
346.474	1297.503	42.353	255	118	7	57	296	57	297	1.94e-26	107
346.474	1346.503	42.353	255	118	7	57	296	57	297	1.94e-26	107
346.474	1405.504	44.000	250	128	8	57	299	57	301	1.54e-20	89.7
346.474	880.336	43.011	93	51	2	360	452	227	317	1.10e-13	67.4
346.474	589.355	35.200	125	65	3	360	471	231	352	3.81e-11	60.1
346.474	59.345	37.908	153	87	6	307	456	185	332	8.68e-11	58.5
346.474	1439.380	38.043	92	55	2	361	452	250	339	5.66e-10	56.2
346.474	533.342	39.362	94	56	1	360	452	235	328	1.23e-08	52.0
1382.473	1382.473	100.000	473	0	0	1	473	1	473	0.0	938
1382.473	173.560	31.445	353	187	8	169	466	192	544	1.67e-40	148
1382.473	678.354	29.936	314	206	7	167	471	45	353	9.22e-40	142
1138.472	1138.472	100.000	448	0	0	1	448	1	448	0.0	782
1138.472	1675.495	67.172	396	117	3	59	441	67	462	0.0	518
1138.472	753.460	55.616	365	161	1	77	441	65	428	1.24e-135	395
1138.472	546.453	51.302	384	184	2	58	441	40	420	9.95e-132	384
1138.472	579.445	53.930	369	168	2	78	446	56	422	2.88e-123	362
1138.472	1450.444	50.000	386	189	3	54	437	28	411	4.14e-122	360
1138.472	1222.463	49.730	370	186	0	78	447	76	445	5.41e-122	360
1138.472	1708.467	51.771	367	176	1	77	443	66	431	2.59e-121	358
1138.472	257.449	52.332	386	181	3	60	445	42	424	4.15e-118	350
1138.472	335.449	52.332	386	181	3	60	445	42	424	4.15e-118	350
1138.472	892.453	48.092	393	198	3	58	446	39	429	4.49e-115	342
1138.472	381.475	49.219	384	193	2	63	446	70	451	1.05e-114	342
1138.472	991.412	35.616	365	217	5	76	439	47	394	1.34e-54	184
1138.472	925.425	34.160	363	221	5	76	437	60	405	4.90e-50	172
1138.472	1066.425	34.160	363	221	5	76	437	60	405	4.90e-50	172
1138.472	302.419	34.072	361	220	5	78	437	56	399	9.76e-50	171
1138.472	475.420	34.010	394	229	10	58	442	37	408	1.60e-49	170
1138.472	1493.419	32.216	388	240	7	58	442	39	406	5.77e-49	169
1138.472	1526.419	32.558	387	234	10	61	442	42	406	1.02e-47	166
1138.472	163.433	33.033	333	204	7	106	436	100	415	5.24e-45	159
1138.472	36.413	31.266	387	239	8	58	442	39	400	8.36e-45	157
1138.472	69.413	31.008	387	240	7	58	442	39	400	8.36e-45	157
1138.472	441.414	31.688	385	237	9	61	442	40	401	2.63e-44	156
1138.472	1271.414	31.688	385	237	9	61	442	40	401	2.63e-44	156
1138.472	624.417	32.514	366	231	5	77	441	56	406	1.86e-43	154
1138.472	1760.442	31.200	375	241	6	65	437	58	417	1.48e-41	149
1138.472	676.438	30.245	367	244	5	78	443	81	436	2.48e-39	143
1138.472	1393.432	30.978	368	226	7	78	437	77	424	2.62e-38	140
1138.472	1178.441	30.607	379	241	7	64	441	61	418	2.55e-36	135
1138.472	801.457	28.756	386	250	12	66	442	65	434	1.17e-34	130
1138.472	1311.431	28.846	364	239	3	78	437	76	423	1.27e-34	130
1138.472	1360.431	28.846	364	239	3	78	437	76	423	1.42e-34	130
1138.472	843.456	27.792	385	255	11	66	442	64	433	3.76e-34	129
1138.472	958.456	27.532	385	256	11	66	442	64	433	1.89e-33	127
1138.472	720.361	29.972	357	232	4	86	441	1	340	3.24e-33	124
1138.472	1563.458	27.151	372	234	8	59	400	31	395	4.92e-32	123
1138.472	1024.453	28.108	370	245	8	78	444	71	422	1.44e-30	119
1138.472	1628.476	27.720	386	245	7	78	438	73	449	1.70e-30	119
1138.472	119.444	25.781	384	260	9	64	441	60	424	7.28e-26	105
1138.472	196.249	23.984	246	173	3	193	437	9	241	3.07e-09	53.1
