730.75	730.75	100.000	75	0	0	1	75	1	75	2.71e-53	152
1642.75	1642.75	100.000	75	0	0	1	75	1	75	2.38e-52	149
1750.75	1750.75	100.000	75	0	0	1	75	1	75	6.21e-54	153
93.74	93.74	100.000	74	0	0	1	74	1	74	5.34e-52	148
321.74	321.74	100.000	74	0	0	1	74	1	74	2.04e-51	147
321.74	271.65	100.000	65	0	0	10	74	1	65	2.95e-44	129
739.74	739.74	100.000	74	0	0	1	74	1	74	5.32e-37	110
1748.74	1748.74	100.000	74	0	0	1	74	1	74	3.83e-53	151
171.73	171.73	100.000	49	0	0	25	73	25	73	2.01e-13	51.2
1217.73	1217.73	100.000	73	0	0	1	73	1	73	1.83e-33	102
1217.73	1143.73	43.284	67	38	0	2	68	3	69	5.07e-08	37.4
1217.73	1670.74	51.786	56	27	0	11	66	12	67	2.10e-07	35.8
1698.73	1698.73	100.000	73	0	0	1	73	1	73	1.39e-49	142
82.72	82.72	100.000	72	0	0	1	72	1	72	1.40e-50	144
367.72	367.72	100.000	72	0	0	1	72	1	72	2.50e-50	144
574.72	574.72	100.000	72	0	0	1	72	1	72	2.25e-49	142
1005.72	1005.72	100.000	59	0	0	1	59	1	59	6.25e-31	95.5
1107.72	1107.72	100.000	72	0	0	1	72	1	72	7.68e-52	148
1741.72	1741.72	100.000	72	0	0	1	72	1	72	3.58e-51	146
1749.72	1749.72	100.000	72	0	0	1	72	1	72	4.17e-51	146
491.71	491.71	100.000	71	0	0	1	71	1	71	1.42e-48	139
737.71	737.71	100.000	71	0	0	1	71	1	71	3.02e-51	146
1013.71	1013.71	100.000	71	0	0	1	71	1	71	1.20e-49	142
1224.71	1224.71	100.000	71	0	0	1	71	1	71	8.45e-37	110
1415.71	1415.71	100.000	71	0	0	1	71	1	71	3.95e-50	143
1415.71	1335.75	28.814	59	42	0	12	70	3	61	3.39e-09	40.4
1415.71	604.77	44.186	43	23	1	26	68	34	75	3.18e-08	37.7
1041.70	1041.70	100.000	70	0	0	1	70	1	70	8.36e-48	137
1574.70	1574.70	100.000	70	0	0	1	70	1	70	2.94e-23	75.9
1591.70	1591.70	100.000	70	0	0	1	70	1	70	3.60e-47	136
228.69	228.69	100.000	69	0	0	1	69	1	69	1.54e-47	137
238.69	238.69	100.000	69	0	0	1	69	1	69	1.57e-48	139
238.69	354.69	100.000	69	0	0	1	69	1	69	1.57e-48	139
354.69	238.69	100.000	69	0	0	1	69	1	69	1.57e-48	139
354.69	354.69	100.000	69	0	0	1	69	1	69	1.57e-48	139
1211.69	1211.69	100.000	69	0	0	1	69	1	69	1.27e-46	134
1509.69	1509.69	100.000	69	0	0	1	69	1	69	2.82e-47	136
1687.69	1687.69	100.000	69	0	0	1	69	1	69	2.13e-33	101
571.68	571.68	100.000	68	0	0	1	68	1	68	4.21e-47	135
649.68	649.68	100.000	68	0	0	1	68	1	68	2.28e-44	129
433.67	433.67	100.000	51	0	0	1	51	1	51	7.78e-35	104
433.67	1263.67	100.000	51	0	0	1	51	1	51	7.78e-35	104
433.67	483.67	82.353	51	9	0	1	51	1	51	6.01e-29	90.1
433.67	1485.66	80.392	51	9	1	1	51	1	50	1.37e-26	84.0
483.67	483.67	100.000	67	0	0	1	67	1	67	1.56e-45	131
483.67	433.67	82.090	67	12	0	1	67	1	67	8.59e-38	112
483.67	1263.67	82.090	67	12	0	1	67	1	67	8.59e-38	112
483.67	1485.66	76.119	67	15	1	1	67	1	66	3.96e-32	98.2
627.67	627.67	100.000	67	0	0	1	67	1	67	2.03e-47	136
1125.67	1125.67	100.000	67	0	0	1	67	1	67	1.27e-47	137
1263.67	433.67	100.000	51	0	0	1	51	1	51	7.78e-35	104
1263.67	1263.67	100.000	51	0	0	1	51	1	51	7.78e-35	104
1263.67	483.67	82.353	51	9	0	1	51	1	51	6.01e-29	90.1
1263.67	1485.66	80.392	51	9	1	1	51	1	50	1.37e-26	84.0
1473.67	1473.67	100.000	67	0	0	1	67	1	67	3.61e-46	133
1473.67	594.66	56.716	67	28	1	1	67	1	66	1.79e-23	76.3
1473.67	527.66	50.746	67	32	1	1	67	1	66	2.20e-19	65.9
527.66	527.66	100.000	53	0	0	14	66	14	66	2.10e-35	106
527.66	594.66	75.000	52	13	0	15	66	15	66	4.22e-24	77.8
527.66	1473.67	50.000	52	26	0	15	66	16	67	5.39e-15	54.7
594.66	594.66	100.000	66	0	0	1	66	1	66	9.57e-46	132
594.66	527.66	77.273	66	15	0	1	66	1	66	2.47e-33	100
594.66	1473.67	56.716	67	28	1	1	66	1	67	1.76e-23	76.3
746.66	746.66	100.000	66	0	0	1	66	1	66	3.25e-47	135
1165.66	1165.66	100.000	66	0	0	1	66	1	66	1.13e-45	132
1485.66	1485.66	100.000	50	0	0	1	50	1	50	3.53e-34	103
1485.66	433.67	80.392	51	9	1	1	50	1	51	9.39e-27	84.3
1485.66	1263.67	80.392	51	9	1	1	50	1	51	9.39e-27	84.3
1485.66	483.67	80.392	51	9	1	1	50	1	51	2.47e-26	83.2
131.65	131.65	100.000	65	0	0	1	65	1	65	3.30e-45	130
271.65	321.74	100.000	65	0	0	1	65	10	74	2.59e-44	129
271.65	271.65	100.000	65	0	0	1	65	1	65	4.08e-44	128
452.65	452.65	100.000	65	0	0	1	65	1	65	4.28e-46	133
452.65	1282.65	100.000	65	0	0	1	65	1	65	4.28e-46	133
572.65	572.65	100.000	65	0	0	1	65	1	65	1.02e-45	132
897.65	897.65	100.000	65	0	0	1	65	1	65	1.46e-27	86.3
1010.65	1010.65	100.000	65	0	0	1	65	1	65	3.34e-42	123
