898.53	898.53	100.000	53	0	0	1	53	1	53	3.26e-35	102
1045.53	1045.53	100.000	53	0	0	1	53	1	53	1.32e-17	58.5
1122.53	1122.53	100.000	53	0	0	1	53	1	53	3.66e-38	110
1250.53	416.53	100.000	53	0	0	1	53	1	53	1.23e-35	103
1250.53	1250.53	100.000	53	0	0	1	53	1	53	1.23e-35	103
1735.53	1735.53	100.000	53	0	0	1	53	1	53	5.08e-34	100
1649.52	1649.52	100.000	52	0	0	1	52	1	52	1.09e-19	63.9
370.51	370.51	100.000	51	0	0	1	51	1	51	1.34e-36	106
1236.51	1236.51	100.000	51	0	0	1	51	1	51	8.28e-35	101
1430.51	1430.51	100.000	51	0	0	1	51	1	51	3.73e-34	100
268.50	268.50	100.000	50	0	0	1	50	1	50	4.80e-36	104
268.50	324.50	100.000	50	0	0	1	50	1	50	4.80e-36	104
324.50	268.50	100.000	50	0	0	1	50	1	50	4.80e-36	104
324.50	324.50	100.000	50	0	0	1	50	1	50	4.80e-36	104
369.50	369.50	100.000	50	0	0	1	50	1	50	3.79e-35	102
1686.50	1686.50	100.000	50	0	0	1	50	1	50	4.93e-35	102
126.48	126.48	100.000	48	0	0	1	48	1	48	2.35e-34	100
310.48	310.48	100.000	48	0	0	1	48	1	48	3.32e-33	97.4
404.48	404.48	100.000	48	0	0	1	48	1	48	3.56e-30	89.7
866.48	866.48	100.000	48	0	0	1	48	1	48	3.84e-16	54.7
133.47	133.47	100.000	47	0	0	1	47	1	47	7.57e-33	96.7
809.47	809.47	100.000	47	0	0	1	47	1	47	6.28e-33	96.7
809.47	835.47	97.872	47	1	0	1	47	1	47	2.08e-32	95.5
809.47	950.47	97.872	47	1	0	1	47	1	47	2.08e-32	95.5
809.47	666.49	45.455	44	23	1	2	45	3	45	1.36e-07	32.7
835.47	835.47	100.000	47	0	0	1	47	1	47	5.56e-33	97.1
835.47	950.47	100.000	47	0	0	1	47	1	47	5.56e-33	97.1
835.47	809.47	97.872	47	1	0	1	47	1	47	2.08e-32	95.5
835.47	666.49	45.455	44	23	1	2	45	3	45	1.09e-07	33.1
865.47	865.47	100.000	47	0	0	1	47	1	47	2.72e-33	97.8
950.47	835.47	100.000	47	0	0	1	47	1	47	5.56e-33	97.1
950.47	950.47	100.000	47	0	0	1	47	1	47	5.56e-33	97.1
950.47	809.47	97.872	47	1	0	1	47	1	47	2.08e-32	95.5
950.47	666.49	45.455	44	23	1	2	45	3	45	1.09e-07	33.1
1110.47	1110.47	100.000	47	0	0	1	47	1	47	1.64e-22	70.5
206.46	206.46	100.000	46	0	0	1	46	1	46	1.31e-30	90.9
206.46	1300.46	62.500	32	11	1	4	35	5	35	4.54e-09	36.6
206.46	1349.46	62.500	32	11	1	4	35	5	35	4.54e-09	36.6
683.46	683.46	100.000	46	0	0	1	46	1	46	7.44e-32	94.0
851.46	851.46	100.000	46	0	0	1	46	1	46	2.01e-14	50.1
1300.46	1300.46	100.000	46	0	0	1	46	1	46	2.66e-31	92.4
1300.46	1349.46	100.000	46	0	0	1	46	1	46	2.66e-31	92.4
1300.46	206.46	62.500	32	11	1	5	35	4	35	4.54e-09	36.6
1330.46	1330.46	100.000	46	0	0	1	46	1	46	6.66e-08	33.5
1349.46	1300.46	100.000	46	0	0	1	46	1	46	2.66e-31	92.4
1349.46	1349.46	100.000	46	0	0	1	46	1	46	2.66e-31	92.4
1349.46	206.46	62.500	32	11	1	5	35	4	35	4.54e-09	36.6
5.45	5.45	100.000	45	0	0	1	45	1	45	1.14e-29	88.6
653.45	653.45	100.000	45	0	0	1	45	1	45	1.73e-28	85.5
1234.44	1234.44	100.000	44	0	0	1	44	1	44	1.08e-29	88.6
1681.44	1681.44	100.000	44	0	0	1	44	1	44	3.01e-29	87.4
575.43	575.43	100.000	43	0	0	1	43	1	43	7.30e-28	83.6
1411.43	1411.43	100.000	28	0	0	1	28	1	28	1.48e-18	60.1
1650.43	1650.43	100.000	43	0	0	1	43	1	43	6.83e-28	84.0
29.42	29.42	100.000	42	0	0	1	42	1	42	3.48e-29	87.0
637.42	637.42	100.000	42	0	0	1	42	1	42	2.11e-28	85.1
1756.42	1756.42	100.000	42	0	0	1	42	1	42	3.09e-29	87.0
562.41	562.41	100.000	41	0	0	1	41	1	41	8.69e-27	80.9
774.40	774.40	100.000	40	0	0	1	40	1	40	1.82e-26	80.1
1743.39	1743.39	100.000	39	0	0	1	39	1	39	6.68e-26	78.6
1134.38	1134.38	100.000	38	0	0	1	38	1	38	2.17e-23	72.0
1651.38	1651.38	100.000	38	0	0	1	38	1	38	5.03e-24	73.6
312.36	312.36	100.000	36	0	0	1	36	1	36	1.24e-22	70.1
1242.36	1242.36	100.000	36	0	0	1	36	1	36	8.05e-24	73.2
204.35	204.35	100.000	35	0	0	1	35	1	35	9.43e-24	72.8
899.35	899.35	100.000	35	0	0	1	35	1	35	3.53e-23	71.2
1241.35	1241.35	100.000	35	0	0	1	35	1	35	7.87e-23	70.5
