1218.103	1218.103	100.000	103	0	0	1	103	1	103	1.27e-62	179
1218.103	1671.103	38.356	73	44	1	27	98	26	98	7.39e-13	52.8
1218.103	542.97	32.609	92	56	2	7	98	5	90	3.79e-09	43.1
1218.103	1713.106	31.169	77	50	2	24	98	23	98	1.35e-08	42.0
1218.103	1142.106	31.746	63	43	0	36	98	38	100	2.83e-08	41.2
1530.103	1530.103	100.000	103	0	0	1	103	1	103	1.01e-57	166
1530.103	479.99	61.165	103	36	1	1	103	1	99	8.82e-33	103
1530.103	437.99	49.515	103	48	1	1	103	1	99	3.50e-25	84.3
1530.103	1267.99	49.515	103	48	1	1	103	1	99	3.50e-25	84.3
1530.103	65.97	50.562	89	38	1	15	103	15	97	9.46e-24	80.5
1530.103	27.97	49.438	89	39	1	15	103	15	97	1.34e-23	80.1
1530.103	1489.99	55.340	103	42	1	1	103	1	99	1.62e-21	75.1
1671.103	1671.103	100.000	78	0	0	26	103	26	103	3.92e-40	122
1671.103	1142.106	54.545	77	35	0	27	103	30	106	4.03e-20	71.6
1671.103	1218.103	44.681	47	25	1	52	98	53	98	1.46e-07	39.3
1680.103	1680.103	100.000	103	0	0	1	103	1	103	2.73e-56	163
253.102	253.102	100.000	87	0	0	16	102	16	102	3.21e-61	175
253.102	339.102	100.000	87	0	0	16	102	16	102	3.21e-61	175
253.102	385.105	73.810	84	22	0	19	102	22	105	5.18e-45	134
253.102	888.105	67.816	87	28	0	16	102	19	105	1.07e-43	131
253.102	1446.105	56.471	85	37	0	16	100	19	103	2.72e-36	112
253.102	583.105	57.317	82	35	0	19	100	22	103	1.58e-32	103
253.102	1713.106	37.805	82	51	0	16	97	18	99	1.14e-19	70.5
253.102	757.97	36.047	86	48	1	16	101	17	95	2.47e-19	69.3
253.102	542.97	30.233	86	53	1	16	101	17	95	2.09e-14	56.6
253.102	1671.103	32.099	81	54	1	16	96	18	97	2.87e-10	46.2
253.102	1142.106	26.829	82	59	1	16	97	21	101	8.52e-07	37.4
281.102	281.102	100.000	102	0	0	1	102	1	102	3.85e-57	165
339.102	253.102	100.000	87	0	0	16	102	16	102	3.21e-61	175
339.102	339.102	100.000	87	0	0	16	102	16	102	3.21e-61	175
339.102	385.105	73.810	84	22	0	19	102	22	105	5.18e-45	134
339.102	888.105	67.816	87	28	0	16	102	19	105	1.07e-43	131
339.102	1446.105	56.471	85	37	0	16	100	19	103	2.72e-36	112
339.102	583.105	57.317	82	35	0	19	100	22	103	1.58e-32	103
339.102	1713.106	37.805	82	51	0	16	97	18	99	1.14e-19	70.5
339.102	757.97	36.047	86	48	1	16	101	17	95	2.47e-19	69.3
339.102	542.97	30.233	86	53	1	16	101	17	95	2.09e-14	56.6
339.102	1671.103	32.099	81	54	1	16	96	18	97	2.87e-10	46.2
339.102	1142.106	26.829	82	59	1	16	97	21	101	8.52e-07	37.4
502.102	502.102	100.000	102	0	0	1	102	1	102	2.27e-71	201
502.102	523.103	72.727	99	27	0	1	99	1	99	9.62e-52	151
502.102	773.102	67.647	102	33	0	1	102	1	102	6.02e-45	134
502.102	1431.105	55.670	97	43	0	6	102	9	105	1.04e-32	103
502.102	597.92	39.175	97	51	4	3	99	1	89	2.13e-15	59.3
638.102	638.102	100.000	102	0	0	1	102	1	102	5.30e-57	164
669.102	669.102	100.000	102	0	0	1	102	1	102	6.75e-56	162
669.102	1400.106	54.167	72	33	0	25	96	28	99	8.97e-21	73.2
669.102	207.106	48.000	75	39	0	25	99	28	102	7.80e-20	70.9
669.102	1303.106	51.471	68	33	0	25	92	28	95	5.56e-18	66.2
669.102	1352.106	51.471	68	33	0	25	92	28	95	5.56e-18	66.2
669.102	1767.72	38.182	55	34	0	32	86	1	55	1.42e-08	41.2
669.102	616.106	38.596	57	31	1	46	102	54	106	2.45e-08	41.2
669.102	933.84	35.135	74	44	1	29	102	15	84	3.46e-08	40.4
669.102	1058.84	35.135	74	44	1	29	102	15	84	3.46e-08	40.4
773.102	773.102	100.000	102	0	0	1	102	1	102	1.47e-70	199
773.102	523.103	69.000	100	31	0	1	100	1	100	3.51e-45	135
773.102	502.102	67.647	102	33	0	1	102	1	102	6.02e-45	134
773.102	1431.105	58.763	97	40	0	6	102	9	105	5.80e-34	106
773.102	597.92	44.186	86	41	2	15	100	12	90	2.09e-15	59.3
870.102	870.102	100.000	102	0	0	1	102	1	102	4.75e-74	207
870.102	1094.100	38.298	94	55	1	4	97	6	96	4.03e-18	66.2
983.102	983.102	100.000	82	0	0	1	82	1	82	2.28e-55	160
983.102	616.106	45.122	82	45	0	1	82	1	82	4.91e-17	63.5
983.102	933.84	46.875	64	34	0	19	82	1	64	3.70e-14	55.8
983.102	1058.84	46.875	64	34	0	19	82	1	64	3.70e-14	55.8
983.102	1767.72	42.222	45	26	0	38	82	3	47	1.01e-07	38.9
983.102	1621.102	39.683	63	34	1	17	79	15	73	4.40e-07	37.7
1108.102	1108.102	100.000	102	0	0	1	102	1	102	3.60e-46	137
1128.102	1128.102	100.000	102	0	0	1	102	1	102	8.72e-73	204
1621.102	1621.102	100.000	102	0	0	1	102	1	102	5.26e-55	159
1621.102	1303.106	35.000	80	52	0	4	83	9	88	8.26e-08	39.7
1621.102	1352.106	35.000	80	52	0	4	83	9	88	8.26e-08	39.7
1647.102	1647.102	100.000	102	0	0	1	102	1	102	1.23e-71	201
1647.102	122.85	33.333	78	40	2	2	71	9	82	5.48e-07	37.4
565.101	565.101	100.000	101	0	0	1	101	1	101	3.75e-74	207
887.101	887.101	100.000	101	0	0	1	101	1	101	6.91e-43	129
887.101	252.104	66.346	104	32	1	1	101	1	104	2.31e-25	84.7
887.101	340.104	66.346	104	32	1	1	101	1	104	2.31e-25	84.7
887.101	386.109	71.591	88	24	1	1	88	1	87	8.29e-21	73.2
887.101	1445.101	57.426	101	43	0	1	101	1	101	1.70e-20	72.4
887.101	584.96	52.475	101	43	2	1	101	1	96	4.40e-14	55.8
1445.101	1445.101	100.000	101	0	0	1	101	1	101	6.26e-44	131
1445.101	887.101	57.426	101	43	0	1	101	1	101	2.12e-22	77.0
1445.101	584.96	63.366	101	32	1	1	101	1	96	7.78e-19	67.8
1445.101	252.104	55.769	104	43	1	1	101	1	104	6.42e-18	65.9
1445.101	340.104	55.769	104	43	1	1	101	1	104	6.42e-18	65.9
1445.101	386.109	56.818	88	37	1	1	88	1	87	8.89e-14	55.5
775.100	775.100	100.000	100	0	0	1	100	1	100	1.82e-74	208
781.100	781.100	100.000	100	0	0	1	100	1	100	5.15e-75	210
781.100	406.99	35.484	93	58	2	7	99	6	96	7.11e-15	57.8
781.100	1152.93	36.471	85	50	2	18	98	8	92	5.15e-14	55.5
781.100	4.83	36.000	75	46	2	21	95	4	76	2.68e-11	48.1
781.100	42.99	28.261	92	60	2	12	97	1	92	7.61e-09	42.4
781.100	707.95	30.108	93	60	3	11	98	2	94	2.00e-08	41.2
1094.100	1094.100	100.000	100	0	0	1	100	1	100	1.27e-74	209
1094.100	870.102	38.298	94	55	1	6	96	4	97	3.95e-18	66.2
1764.100	1764.100	100.000	100	0	0	1	100	1	100	4.93e-68	192
1764.100	930.94	33.333	90	58	1	1	90	1	88	2.95e-08	40.8
1764.100	1061.94	33.333	90	58	1	1	90	1	88	2.95e-08	40.8
1764.100	298.94	30.000	90	61	1	1	90	1	88	4.05e-07	37.7
42.99	42.99	100.000	99	0	0	1	99	1	99	2.10e-69	196
42.99	510.88	88.235	85	10	0	8	92	1	85	2.23e-50	147
42.99	646.89	47.312	93	41	3	8	97	1	88	5.19e-22	75.9
42.99	1152.93	41.667	96	47	3	1	92	1	91	7.44e-16	60.1
42.99	1098.98	32.258	93	55	2	2	91	3	90	1.23e-13	54.7
42.99	600.94	34.884	86	51	1	2	87	3	83	5.38e-13	52.8
42.99	4.83	38.372	86	45	3	11	96	5	82	8.70e-11	47.0
42.99	707.95	35.556	90	50	2	6	92	9	93	2.12e-10	46.2
42.99	781.100	28.261	92	60	2	1	92	12	97	7.54e-09	42.4
42.99	406.99	33.684	95	55	3	1	95	11	97	4.56e-08	40.4
283.99	283.99	100.000	99	0	0	1	99	1	99	6.16e-72	202
406.99	406.99	100.000	99	0	0	1	99	1	99	2.10e-72	203
406.99	781.100	35.484	93	58	2	6	96	7	99	7.04e-15	57.8
406.99	4.83	41.975	81	45	2	20	99	4	83	7.75e-13	52.4
406.99	1152.93	34.483	87	51	2	15	95	6	92	2.29e-10	46.2
406.99	646.89	36.047	86	49	2	18	97	1	86	2.88e-09	43.1
406.99	42.99	33.684	95	55	3	11	97	1	95	4.56e-08	40.4
406.99	707.95	33.708	89	53	2	13	95	6	94	4.61e-08	40.0
406.99	510.88	36.364	88	46	4	18	96	1	87	5.45e-08	39.7
413.99	413.99	100.000	99	0	0	1	99	1	99	7.78e-71	199
437.99	437.99	100.000	99	0	0	1	99	1	99	2.52e-66	188
437.99	1267.99	100.000	99	0	0	1	99	1	99	2.52e-66	188
437.99	479.99	68.687	99	31	0	1	99	1	99	1.45e-46	138
437.99	1489.99	66.667	99	33	0	1	99	1	99	1.22e-40	123
437.99	65.97	59.302	86	31	2	15	99	15	97	1.84e-31	100
437.99	27.97	59.302	86	31	2	15	99	15	97	7.73e-31	98.2
437.99	1530.103	49.515	103	48	1	1	99	1	103	2.45e-27	89.7
479.99	479.99	100.000	99	0	0	1	99	1	99	2.70e-44	132
479.99	1489.99	81.818	99	18	0	1	99	1	99	2.64e-36	112
479.99	437.99	69.072	97	30	0	1	97	1	97	5.46e-31	99.0
479.99	1267.99	69.072	97	30	0	1	97	1	97	5.46e-31	99.0
479.99	1530.103	50.962	104	45	2	1	99	1	103	4.85e-20	71.2
479.99	65.97	70.588	85	21	2	16	99	16	97	1.39e-19	69.7
479.99	27.97	69.412	85	22	2	16	99	16	97	2.37e-19	69.3
740.99	740.99	100.000	99	0	0	1	99	1	99	2.10e-68	193
913.99	913.99	100.000	99	0	0	1	99	1	99	6.73e-60	171
913.99	914.96	58.228	79	33	0	18	96	15	93	2.00e-29	94.7
913.99	1076.96	58.228	79	33	0	18	96	15	93	2.00e-29	94.7
919.99	919.99	100.000	99	0	0	1	99	1	99	6.73e-68	192
919.99	1071.99	100.000	99	0	0	1	99	1	99	6.73e-68	192
1071.99	919.99	100.000	99	0	0	1	99	1	99	6.73e-68	192
1071.99	1071.99	100.000	99	0	0	1	99	1	99	6.73e-68	192
1115.99	1115.99	100.000	99	0	0	1	99	1	99	1.64e-73	206
1120.99	1120.99	100.000	99	0	0	1	99	1	99	4.11e-71	200
1267.99	437.99	100.000	99	0	0	1	99	1	99	2.52e-66	188
1267.99	1267.99	100.000	99	0	0	1	99	1	99	2.52e-66	188
1267.99	479.99	68.687	99	31	0	1	99	1	99	1.45e-46	138
1267.99	1489.99	66.667	99	33	0	1	99	1	99	1.22e-40	123
1267.99	65.97	59.302	86	31	2	15	99	15	97	1.84e-31	100
1267.99	27.97	59.302	86	31	2	15	99	15	97	7.73e-31	98.2
1267.99	1530.103	49.515	103	48	1	1	99	1	103	2.45e-27	89.7
1298.99	1298.99	100.000	99	0	0	1	99	1	99	5.51e-69	194
1298.99	1347.99	100.000	99	0	0	1	99	1	99	5.51e-69	194
1298.99	213.97	82.979	94	16	0	6	99	4	97	4.86e-55	159
1298.99	1404.97	75.532	94	23	0	6	99	4	97	1.19e-50	148
1347.99	1298.99	100.000	99	0	0	1	99	1	99	5.51e-69	194
1347.99	1347.99	100.000	99	0	0	1	99	1	99	5.51e-69	194
1347.99	213.97	82.979	94	16	0	6	99	4	97	4.86e-55	159
1347.99	1404.97	75.532	94	23	0	6	99	4	97	1.19e-50	148
1489.99	1489.99	100.000	99	0	0	1	99	1	99	2.55e-51	150
1489.99	479.99	81.818	99	18	0	1	99	1	99	8.92e-43	128
1489.99	437.99	66.667	99	33	0	1	99	1	99	1.59e-35	110
1489.99	1267.99	66.667	99	33	0	1	99	1	99	1.59e-35	110
1489.99	65.97	65.476	84	27	1	16	99	16	97	2.65e-25	84.3
1489.99	27.97	64.286	84	28	1	16	99	16	97	1.73e-24	82.4
1489.99	1530.103	51.456	103	46	2	1	99	1	103	1.50e-19	70.1
1549.99	1549.99	100.000	99	0	0	1	99	1	99	1.73e-71	201
1575.99	1575.99	100.000	99	0	0	1	99	1	99	1.25e-43	130
1575.99	1617.89	42.308	78	45	0	9	86	4	81	3.80e-10	45.4
1575.99	664.89	43.902	82	46	0	9	90	4	85	2.00e-09	43.5
1588.99	1588.99	100.000	99	0	0	1	99	1	99	3.38e-58	167
236.98	236.98	100.000	98	0	0	1	98	1	98	6.03e-57	164
236.98	357.98	100.000	98	0	0	1	98	1	98	6.03e-57	164
236.98	509.96	87.097	93	12	0	1	93	1	93	2.79e-48	142
236.98	863.96	83.871	93	15	0	1	93	1	93	1.05e-45	135
236.98	47.93	85.393	89	13	0	1	89	1	89	3.51e-45	134
357.98	236.98	100.000	98	0	0	1	98	1	98	6.03e-57	164
357.98	357.98	100.000	98	0	0	1	98	1	98	6.03e-57	164
357.98	509.96	87.097	93	12	0	1	93	1	93	2.79e-48	142
357.98	863.96	83.871	93	15	0	1	93	1	93	1.05e-45	135
357.98	47.93	85.393	89	13	0	1	89	1	89	3.51e-45	134
625.98	625.98	100.000	98	0	0	1	98	1	98	1.36e-57	166
882.98	882.98	100.000	98	0	0	1	98	1	98	9.09e-68	191
1098.98	1098.98	100.000	98	0	0	1	98	1	98	2.45e-70	198
1098.98	646.89	47.059	85	45	0	9	93	1	85	4.24e-24	80.9
1098.98	1152.93	45.652	92	46	2	3	93	2	90	1.24e-19	69.7
1098.98	707.95	40.860	93	53	2	1	92	3	94	2.00e-15	59.3
1098.98	42.99	32.258	93	55	2	3	90	2	91	1.22e-13	54.7
1098.98	4.83	40.000	80	42	2	14	93	7	80	5.15e-10	45.1
1098.98	510.88	28.889	90	56	2	9	93	1	87	2.44e-09	43.1
1098.98	600.94	30.952	84	53	2	1	83	1	80	1.47e-08	41.6
1333.98	1333.98	100.000	98	0	0	1	98	1	98	1.30e-69	196
1333.98	1416.98	71.429	98	28	0	1	98	1	98	3.73e-48	142
1416.98	1416.98	100.000	98	0	0	1	98	1	98	7.60e-69	194
1416.98	1333.98	71.429	98	28	0	1	98	1	98	3.73e-48	142
