1282.65	452.65	100.000	65	0	0	1	65	1	65	3.30e-46	133
1282.65	1282.65	100.000	65	0	0	1	65	1	65	3.30e-46	133
248.64	248.64	100.000	64	0	0	1	64	1	64	3.07e-36	107
248.64	344.64	100.000	64	0	0	1	64	1	64	3.07e-36	107
248.64	389.64	67.308	52	17	0	13	64	13	64	7.67e-23	73.9
248.64	884.63	60.526	38	15	0	14	51	13	50	2.12e-13	50.1
248.64	1667.63	63.333	30	11	0	19	48	19	48	2.08e-10	42.7
248.64	1146.61	61.111	36	12	1	13	48	13	46	3.83e-09	39.3
248.64	1214.60	45.000	40	20	1	13	52	13	50	9.76e-08	35.8
248.64	763.68	48.485	33	17	0	19	51	19	51	1.50e-07	35.4
344.64	248.64	100.000	64	0	0	1	64	1	64	3.07e-36	107
344.64	344.64	100.000	64	0	0	1	64	1	64	3.07e-36	107
344.64	389.64	67.308	52	17	0	13	64	13	64	7.67e-23	73.9
344.64	884.63	60.526	38	15	0	14	51	13	50	2.12e-13	50.1
344.64	1667.63	63.333	30	11	0	19	48	19	48	2.08e-10	42.7
344.64	1146.61	61.111	36	12	1	13	48	13	46	3.83e-09	39.3
344.64	1214.60	45.000	40	20	1	13	52	13	50	9.76e-08	35.8
344.64	763.68	48.485	33	17	0	19	51	19	51	1.50e-07	35.4
389.64	389.64	100.000	51	0	0	1	51	1	51	3.55e-35	105
389.64	884.63	76.000	50	12	0	2	51	1	50	4.45e-25	79.7
389.64	248.64	66.667	39	13	0	13	51	13	51	3.05e-16	57.4
389.64	344.64	66.667	39	13	0	13	51	13	51	3.05e-16	57.4
389.64	763.68	57.576	33	14	0	19	51	19	51	1.10e-10	43.5
389.64	1214.60	45.652	46	23	1	5	50	5	48	3.45e-07	34.3
389.64	666.49	40.476	42	23	1	10	51	4	43	9.60e-07	33.1
1730.64	1730.64	100.000	64	0	0	1	64	1	64	1.06e-44	129
684.63	684.63	100.000	63	0	0	1	63	1	63	2.24e-42	123
884.63	884.63	100.000	46	0	0	1	46	1	46	6.45e-21	69.3
884.63	389.64	79.545	44	9	0	1	44	2	45	1.62e-15	55.5
884.63	248.64	62.500	32	12	0	15	46	16	47	4.06e-11	44.3
884.63	344.64	62.500	32	12	0	15	46	16	47	4.06e-11	44.3
1089.63	1089.63	100.000	63	0	0	1	63	1	63	1.84e-42	123
1089.63	873.65	50.000	44	22	0	4	47	10	53	1.18e-11	45.8
1089.63	239.66	45.455	44	24	0	4	47	10	53	1.77e-10	42.7
1089.63	353.66	45.455	44	24	0	4	47	10	53	1.77e-10	42.7
1089.63	1240.68	39.583	48	29	0	14	61	17	64	1.34e-07	35.4
1632.63	1632.63	100.000	63	0	0	1	63	1	63	3.45e-18	62.4
1667.63	1667.63	100.000	63	0	0	1	63	1	63	3.79e-32	97.4
1667.63	1146.61	60.870	46	18	0	18	63	16	61	4.83e-17	59.3
1667.63	763.68	48.980	49	21	1	18	62	18	66	4.58e-12	47.0
1667.63	1214.60	61.290	31	12	0	19	49	17	47	7.25e-11	43.5
1667.63	248.64	63.333	30	11	0	19	48	19	48	2.05e-10	42.7
1667.63	344.64	63.333	30	11	0	19	48	19	48	2.05e-10	42.7
181.62	181.62	100.000	62	0	0	1	62	1	62	3.82e-43	125
267.62	267.62	100.000	62	0	0	1	62	1	62	4.91e-43	124
461.62	461.62	100.000	62	0	0	1	62	1	62	5.80e-29	89.4
1047.62	1047.62	100.000	62	0	0	1	62	1	62	1.78e-42	123
1106.62	1106.62	100.000	62	0	0	1	62	1	62	1.31e-38	113
1111.62	1111.62	100.000	62	0	0	1	62	1	62	1.37e-44	129
1111.62	1113.62	87.097	62	8	0	1	62	1	62	2.07e-40	118
1113.62	1113.62	100.000	62	0	0	1	62	1	62	1.46e-44	128
1113.62	1111.62	87.097	62	8	0	1	62	1	62	2.07e-40	118
1600.62	1600.62	100.000	62	0	0	1	62	1	62	1.41e-25	80.9
264.61	264.61	100.000	44	0	0	1	44	1	44	5.60e-29	89.4
264.61	328.61	100.000	44	0	0	1	44	1	44	5.60e-29	89.4
328.61	264.61	100.000	44	0	0	1	44	1	44	5.60e-29	89.4
328.61	328.61	100.000	44	0	0	1	44	1	44	5.60e-29	89.4
499.61	499.61	100.000	61	0	0	1	61	1	61	2.35e-40	118
997.61	997.61	100.000	61	0	0	1	61	1	61	1.19e-42	124
1293.61	1293.61	100.000	61	0	0	1	61	1	61	1.14e-44	129
1293.61	1342.61	100.000	61	0	0	1	61	1	61	1.14e-44	129
1342.61	1293.61	100.000	61	0	0	1	61	1	61	1.14e-44	129
1342.61	1342.61	100.000	61	0	0	1	61	1	61	1.14e-44	129
1516.61	1516.61	100.000	61	0	0	1	61	1	61	3.88e-27	84.7
1589.61	1589.61	100.000	61	0	0	1	61	1	61	3.52e-41	120
687.60	687.60	100.000	60	0	0	1	60	1	60	1.95e-39	115
776.60	776.60	100.000	60	0	0	1	60	1	60	3.51e-27	84.7
1214.60	1214.60	100.000	60	0	0	1	60	1	60	9.78e-40	116
1214.60	763.68	54.545	55	23	2	1	53	1	55	1.44e-14	53.1
1214.60	1146.61	52.083	48	19	1	13	56	13	60	2.56e-12	47.4
1214.60	1667.63	61.290	31	12	0	17	47	19	49	6.90e-11	43.5
1214.60	248.64	45.000	40	20	1	13	50	13	52	9.15e-08	35.8
1214.60	344.64	45.000	40	20	1	13	50	13	52	9.15e-08	35.8
1214.60	389.64	43.750	48	25	1	5	50	5	52	3.68e-07	34.3
1214.60	666.49	46.154	39	21	0	14	52	8	46	5.63e-07	33.5
1363.60	1363.60	100.000	60	0	0	1	60	1	60	4.99e-43	124
1471.60	1471.60	100.000	60	0	0	1	60	1	60	2.06e-42	123
1508.60	1508.60	100.000	60	0	0	1	60	1	60	9.76e-43	124
269.59	269.59	100.000	59	0	0	1	59	1	59	2.98e-42	122
269.59	323.59	100.000	59	0	0	1	59	1	59	2.98e-42	122
323.59	269.59	100.000	59	0	0	1	59	1	59	2.98e-42	122
323.59	323.59	100.000	59	0	0	1	59	1	59	2.98e-42	122
693.59	693.59	100.000	59	0	0	1	59	1	59	5.15e-38	112
860.59	860.59	100.000	31	0	0	19	49	19	49	4.22e-20	66.6
1643.59	1643.59	100.000	42	0	0	1	42	1	42	3.40e-16	57.0
44.58	44.58	100.000	58	0	0	1	58	1	58	1.04e-39	116
155.58	155.58	100.000	58	0	0	1	58	1	58	2.36e-40	117
1104.58	1104.58	100.000	58	0	0	1	58	1	58	5.35e-41	119
1517.58	1517.58	100.000	58	0	0	1	58	1	58	4.43e-37	109
371.57	371.57	100.000	57	0	0	1	57	1	57	5.34e-41	119
563.57	563.57	100.000	57	0	0	1	57	1	57	4.12e-40	117
92.56	92.56	100.000	56	0	0	1	56	1	56	5.01e-38	111
278.56	278.56	100.000	56	0	0	1	56	1	56	5.68e-24	76.3
1289.56	1289.56	100.000	56	0	0	1	56	1	56	4.90e-22	71.6
1289.56	1338.56	100.000	56	0	0	1	56	1	56	4.90e-22	71.6
1338.56	1289.56	100.000	56	0	0	1	56	1	56	4.90e-22	71.6
1338.56	1338.56	100.000	56	0	0	1	56	1	56	4.90e-22	71.6
744.55	744.55	100.000	55	0	0	1	55	1	55	6.87e-38	111
697.54	697.54	100.000	54	0	0	1	54	1	54	2.31e-09	39.3
123.53	123.53	100.000	53	0	0	1	53	1	53	2.23e-32	97.4
