1290.111	1290.111	100.000	97	0	0	1	97	1	97	2.77e-71	201
1290.111	1339.111	100.000	97	0	0	1	97	1	97	2.77e-71	201
1339.111	1290.111	100.000	97	0	0	1	97	1	97	2.77e-71	201
1339.111	1339.111	100.000	97	0	0	1	97	1	97	2.77e-71	201
6.110	6.110	100.000	110	0	0	1	110	1	110	1.90e-51	151
628.110	628.110	100.000	110	0	0	1	110	1	110	5.20e-66	188
724.110	724.110	100.000	110	0	0	1	110	1	110	2.09e-80	224
724.110	745.93	31.868	91	57	2	13	102	5	91	4.87e-12	50.8
724.110	449.98	35.106	94	53	4	13	103	5	93	1.34e-11	49.7
724.110	1279.98	35.106	94	53	4	13	103	5	93	1.34e-11	49.7
1228.110	1228.110	100.000	110	0	0	1	110	1	110	3.23e-81	226
1654.110	1654.110	100.000	110	0	0	1	110	1	110	3.23e-77	216
1654.110	1090.108	63.889	108	38	1	1	108	1	107	1.29e-44	134
386.109	386.109	100.000	68	0	0	18	85	18	85	1.67e-34	108
386.109	887.101	79.365	63	13	0	18	80	18	80	1.13e-25	85.9
386.109	252.104	72.308	65	18	0	18	82	18	82	3.01e-24	82.4
386.109	340.104	72.308	65	18	0	18	82	18	82	3.01e-24	82.4
386.109	1445.101	67.742	62	20	0	18	79	18	79	1.49e-21	75.5
386.109	584.96	66.129	62	21	0	18	79	18	79	5.00e-16	61.2
861.109	861.109	100.000	109	0	0	1	109	1	109	8.04e-78	218
1124.109	1124.109	100.000	109	0	0	1	109	1	109	1.20e-58	169
1744.109	1744.109	100.000	109	0	0	1	109	1	109	4.71e-62	178
1090.108	1090.108	100.000	108	0	0	1	108	1	108	4.37e-63	180
1090.108	1654.110	63.889	108	38	1	1	107	1	108	1.05e-35	111
1734.108	1734.108	100.000	108	0	0	1	108	1	108	9.52e-81	225
1754.108	1754.108	100.000	108	0	0	1	108	1	108	4.17e-78	218
694.107	694.107	100.000	107	0	0	1	107	1	107	8.58e-53	154
795.107	795.107	100.000	107	0	0	1	107	1	107	5.76e-74	207
1742.107	1742.107	100.000	90	0	0	1	90	1	90	3.27e-54	158
78.106	78.106	100.000	106	0	0	1	106	1	106	4.96e-77	215
207.106	207.106	100.000	106	0	0	1	106	1	106	2.31e-48	143
207.106	1400.106	78.889	90	19	0	1	90	1	90	7.88e-40	121
207.106	1303.106	80.000	90	18	0	1	90	1	90	1.77e-39	120
207.106	1352.106	80.000	90	18	0	1	90	1	90	1.77e-39	120
207.106	669.102	48.387	62	32	0	28	89	25	86	2.92e-15	59.3
212.106	212.106	100.000	106	0	0	1	106	1	106	8.69e-64	182
582.106	582.106	100.000	106	0	0	1	106	1	106	5.44e-68	192
582.106	889.79	61.644	73	28	0	33	105	1	73	2.73e-26	86.7
582.106	384.86	61.111	72	25	1	34	105	5	73	8.85e-23	77.8
582.106	254.80	61.972	71	27	0	33	103	1	71	2.83e-22	76.6
582.106	338.80	61.972	71	27	0	33	103	1	71	2.83e-22	76.6
582.106	1447.84	54.167	72	33	0	33	104	1	72	1.78e-18	67.0
616.106	616.106	100.000	106	0	0	1	106	1	106	5.04e-53	155
616.106	933.84	59.459	37	15	0	58	94	40	76	1.31e-12	52.0
616.106	1058.84	59.459	37	15	0	58	94	40	76	1.31e-12	52.0
616.106	983.102	47.674	86	45	0	1	86	1	86	3.11e-11	48.9
616.106	1767.72	40.816	49	29	0	57	105	22	70	5.75e-10	44.7
616.106	295.40	56.250	32	14	0	63	94	1	32	1.25e-09	43.1
616.106	669.102	39.583	48	29	0	59	106	55	102	6.46e-07	37.4
1142.106	1142.106	100.000	106	0	0	1	106	1	106	4.63e-66	187
1142.106	1671.103	53.488	86	40	0	21	106	18	103	4.00e-26	87.0
1142.106	1713.106	38.889	72	44	0	12	83	9	80	1.60e-13	54.7
1142.106	542.97	32.394	71	48	0	13	83	9	79	1.26e-08	42.0
1142.106	1218.103	32.099	81	54	1	8	87	5	85	2.71e-08	41.2
1142.106	757.97	31.507	73	50	0	11	83	7	79	4.98e-07	37.7
1303.106	1303.106	100.000	106	0	0	1	106	1	106	6.34e-72	202
1303.106	1352.106	100.000	106	0	0	1	106	1	106	6.34e-72	202
1303.106	1400.106	83.962	106	17	0	1	106	1	106	1.02e-61	177
1303.106	207.106	78.302	106	23	0	1	106	1	106	3.96e-54	157
1303.106	669.102	50.000	90	45	0	6	95	3	92	6.99e-24	81.3
1303.106	1621.102	38.272	81	48	2	9	88	4	83	1.24e-10	47.4
1303.106	933.84	38.824	85	48	1	16	100	3	83	3.10e-10	45.8
1303.106	1058.84	38.824	85	48	1	16	100	3	83	3.10e-10	45.8
1352.106	1303.106	100.000	106	0	0	1	106	1	106	6.34e-72	202
1352.106	1352.106	100.000	106	0	0	1	106	1	106	6.34e-72	202
1352.106	1400.106	83.962	106	17	0	1	106	1	106	1.02e-61	177
1352.106	207.106	78.302	106	23	0	1	106	1	106	3.96e-54	157
1352.106	669.102	50.000	90	45	0	6	95	3	92	6.99e-24	81.3
1352.106	1621.102	38.272	81	48	2	9	88	4	83	1.24e-10	47.4
1352.106	933.84	38.824	85	48	1	16	100	3	83	3.10e-10	45.8
1352.106	1058.84	38.824	85	48	1	16	100	3	83	3.10e-10	45.8
1400.106	1400.106	100.000	106	0	0	1	106	1	106	5.46e-60	172
1400.106	1303.106	83.962	106	17	0	1	106	1	106	1.37e-49	146
1400.106	1352.106	83.962	106	17	0	1	106	1	106	1.37e-49	146
1400.106	207.106	74.528	106	27	0	1	106	1	106	1.37e-40	123
1400.106	669.102	49.462	93	47	0	7	99	4	96	1.42e-15	60.1
1592.106	1592.106	100.000	95	0	0	12	106	12	106	4.44e-59	170
1713.106	1713.106	100.000	86	0	0	21	106	21	106	6.35e-62	177
1713.106	757.97	46.341	82	37	1	23	104	22	96	1.69e-24	82.4
1713.106	542.97	46.341	82	37	1	23	104	22	96	1.04e-23	80.5
1713.106	1446.105	37.662	77	48	0	23	99	24	100	1.57e-19	70.1
1713.106	385.105	34.568	81	53	0	23	103	24	104	1.35e-18	67.8
1713.106	253.102	37.662	77	48	0	23	99	21	97	1.49e-18	67.8
1713.106	339.102	37.662	77	48	0	23	99	21	97	1.49e-18	67.8
1713.106	888.105	37.662	77	48	0	23	99	24	100	8.52e-18	65.9
1713.106	583.105	31.169	77	53	0	22	98	23	99	1.71e-13	54.7
1713.106	1671.103	31.325	83	56	1	21	103	21	102	3.98e-12	51.2
1713.106	1142.106	33.333	81	53	1	23	103	26	105	1.09e-11	50.1
1713.106	1218.103	30.380	79	52	2	21	98	22	98	1.58e-08	42.0
1738.106	1738.106	100.000	106	0	0	1	106	1	106	4.67e-62	177
1738.106	510.88	37.313	67	41	1	7	73	1	66	1.02e-07	39.3
135.105	135.105	100.000	105	0	0	1	105	1	105	4.48e-76	213
385.105	385.105	100.000	105	0	0	1	105	1	105	6.52e-75	210
385.105	888.105	62.857	105	39	0	1	105	1	105	3.99e-49	145
385.105	253.102	68.041	97	31	0	9	105	6	102	2.42e-47	140
385.105	339.102	68.041	97	31	0	9	105	6	102	2.42e-47	140
385.105	1446.105	53.333	105	49	0	1	105	1	105	6.03e-39	119
385.105	583.105	50.476	105	52	0	1	105	1	105	1.04e-31	101
385.105	1713.106	35.106	94	61	0	11	104	10	103	2.02e-21	75.1
385.105	757.97	34.375	96	52	2	9	100	3	91	1.54e-16	62.4
385.105	542.97	25.773	97	61	2	4	100	6	91	1.14e-11	49.7
385.105	1671.103	28.395	81	57	1	19	99	18	97	1.38e-08	42.0
420.105	420.105	100.000	105	0	0	1	105	1	105	4.95e-72	202
583.105	583.105	100.000	105	0	0	1	105	1	105	4.96e-67	190
583.105	888.105	57.282	103	44	0	1	103	1	103	3.60e-36	112
583.105	253.102	54.000	100	46	0	4	103	1	100	7.72e-33	103
583.105	339.102	54.000	100	46	0	4	103	1	100	7.72e-33	103
583.105	385.105	50.476	105	52	0	1	105	1	105	1.54e-31	100
583.105	1446.105	53.333	105	49	0	1	105	1	105	4.75e-31	99.4
583.105	1713.106	31.169	77	53	0	23	99	22	98	1.79e-13	54.7
583.105	757.97	36.232	69	44	0	22	90	20	88	2.70e-12	51.2
583.105	542.97	30.435	69	48	0	22	90	20	88	1.16e-08	42.0
888.105	888.105	100.000	105	0	0	1	105	1	105	1.85e-61	176
888.105	253.102	67.816	87	28	0	19	105	16	102	1.46e-43	130
888.105	339.102	67.816	87	28	0	19	105	16	102	1.46e-43	130
888.105	385.105	65.476	84	29	0	22	105	22	105	2.39e-41	125
888.105	1446.105	60.000	85	34	0	19	103	19	103	2.72e-37	115
888.105	583.105	59.259	81	33	0	25	105	25	105	1.05e-32	103
888.105	1713.106	34.884	86	56	0	19	104	18	103	1.44e-18	67.8
888.105	757.97	36.585	82	45	1	19	100	17	91	3.06e-17	63.9
888.105	542.97	29.268	82	51	1	19	100	17	91	1.13e-12	52.4
888.105	1671.103	34.568	81	52	1	19	99	18	97	7.83e-11	47.8
888.105	1174.88	43.243	37	21	0	44	80	43	79	6.52e-07	37.4
1431.105	1431.105	100.000	105	0	0	1	105	1	105	2.54e-74	208
1431.105	773.102	58.763	97	40	0	9	105	6	102	5.97e-34	106
1431.105	502.102	55.670	97	43	0	9	105	6	102	1.07e-32	103
1431.105	523.103	54.839	93	42	0	11	103	8	100	1.97e-29	95.1
1431.105	597.92	42.105	95	47	3	9	103	4	90	1.66e-12	52.0
1446.105	1446.105	100.000	105	0	0	1	105	1	105	2.24e-64	183
1446.105	888.105	59.223	103	42	0	1	103	1	103	2.38e-39	120
1446.105	253.102	55.814	86	38	0	18	103	15	100	7.05e-37	114
1446.105	339.102	55.814	86	38	0	18	103	15	100	7.05e-37	114
1446.105	385.105	53.333	105	49	0	1	105	1	105	1.25e-35	110
1446.105	583.105	53.333	105	49	0	1	105	1	105	4.75e-31	99.4
1446.105	1713.106	36.145	83	53	0	18	100	17	99	1.17e-20	73.2
1446.105	757.97	36.145	83	46	1	18	100	16	91	1.06e-16	62.8
1446.105	542.97	30.488	82	50	1	19	100	17	91	5.80e-12	50.4
1446.105	1671.103	34.568	81	52	1	19	99	18	97	1.61e-11	49.7
102.104	102.104	100.000	104	0	0	1	104	1	104	5.81e-44	132
252.104	252.104	100.000	104	0	0	1	104	1	104	3.44e-48	142
252.104	340.104	100.000	104	0	0	1	104	1	104	3.44e-48	142
252.104	887.101	66.346	104	32	1	1	104	1	101	5.25e-28	91.7
252.104	386.109	71.951	82	23	0	1	82	1	82	6.80e-21	73.6
252.104	584.96	55.789	95	42	0	1	95	1	95	8.18e-18	65.5
252.104	1445.101	55.769	104	43	1	1	104	1	101	1.63e-17	64.7
340.104	252.104	100.000	104	0	0	1	104	1	104	3.44e-48	142
340.104	340.104	100.000	104	0	0	1	104	1	104	3.44e-48	142
340.104	887.101	66.346	104	32	1	1	104	1	101	5.25e-28	91.7
340.104	386.109	71.951	82	23	0	1	82	1	82	6.80e-21	73.6
340.104	584.96	55.789	95	42	0	1	95	1	95	8.18e-18	65.5
340.104	1445.101	55.769	104	43	1	1	104	1	101	1.63e-17	64.7
993.104	993.104	100.000	104	0	0	1	104	1	104	5.11e-65	185
1619.104	1619.104	100.000	104	0	0	1	104	1	104	6.72e-60	172
149.103	149.103	100.000	103	0	0	1	103	1	103	2.81e-72	203
211.103	211.103	100.000	103	0	0	1	103	1	103	3.07e-48	142
523.103	523.103	100.000	103	0	0	1	103	1	103	8.62e-72	202
523.103	502.102	72.727	99	27	0	1	99	1	99	9.71e-52	151
523.103	773.102	69.000	100	31	0	1	100	1	100	3.55e-45	135
523.103	1431.105	54.839	93	42	0	8	100	11	103	1.93e-29	95.1
523.103	597.92	39.080	87	46	2	14	100	11	90	2.49e-14	56.6
543.103	543.103	100.000	103	0	0	1	103	1	103	1.63e-74	209
543.103	756.96	66.234	77	26	0	19	95	11	87	5.75e-35	108
543.103	1672.94	30.769	78	54	0	24	101	8	85	3.44e-10	45.8
543.103	384.86	38.333	60	35	1	23	82	9	66	3.74e-08	40.4
543.103	1141.91	28.395	81	56	1	21	101	4	82	6.93e-08	39.7
606.103	606.103	100.000	103	0	0	1	103	1	103	3.25e-75	211
751.103	751.103	100.000	103	0	0	1	103	1	103	4.07e-60	172
1018.103	1018.103	100.000	103	0	0	1	103	1	103	3.99e-59	170
1018.103	1096.95	41.573	89	45	3	8	92	7	92	1.39e-07	38.9
1020.103	1020.103	100.000	91	0	0	1	91	1	91	5.27e-63	180
1020.103	612.87	35.135	74	46	2	2	74	5	77	1.37e-07	38.9
1190.103	1190.103	100.000	103	0	0	1	103	1	103	7.75e-62	177
