1344.552	1295.552	100.000	552	0	0	1	552	1	552	0.0	964
1344.552	1344.552	100.000	552	0	0	1	552	1	552	0.0	964
1344.552	1407.559	76.744	559	123	3	1	552	1	559	0.0	724
1344.552	223.289	87.085	271	32	1	1	268	1	271	9.47e-161	455
1344.552	222.264	91.667	264	22	0	289	552	1	264	7.35e-129	373
1344.552	1476.518	35.787	489	257	12	72	535	53	509	9.01e-49	172
1344.552	244.526	45.879	364	175	8	198	551	173	524	1.45e-48	172
1344.552	348.526	45.879	364	175	8	198	551	173	524	1.45e-48	172
1344.552	1085.516	35.273	550	305	19	13	551	5	514	8.79e-48	169
1344.552	1541.523	40.771	363	189	9	198	551	176	521	2.07e-45	163
1344.552	57.514	31.657	537	303	15	13	532	5	494	1.06e-44	161
1344.552	531.528	44.186	301	161	4	255	552	232	528	5.16e-42	154
1344.552	399.504	39.683	315	154	6	226	537	215	496	2.88e-40	148
1344.552	976.523	32.854	487	285	15	63	537	52	508	1.02e-39	147
1344.552	496.516	31.977	516	302	15	34	532	13	496	3.48e-39	145
1344.552	591.506	32.088	455	253	13	96	532	66	482	4.00e-39	145
1344.552	1581.543	32.824	524	288	17	35	533	32	516	1.16e-38	144
1344.552	768.524	29.537	562	328	19	8	547	3	518	4.22e-37	140
1344.552	1035.557	34.026	385	216	11	72	448	73	427	8.05e-34	130
1344.552	1254.526	30.983	539	308	17	14	532	8	502	2.29e-32	126
1344.552	1208.538	28.543	508	296	15	65	536	50	526	3.44e-30	120
1344.552	1661.544	31.319	364	229	8	198	548	178	533	5.02e-30	119
1344.552	876.501	41.693	319	151	8	218	533	204	490	2.14e-28	114
1344.552	827.538	29.084	502	308	15	65	551	68	536	5.41e-28	113
1344.552	290.535	32.059	471	263	19	66	518	59	490	3.54e-27	110
1344.552	939.533	30.815	503	282	23	66	532	36	508	3.66e-27	110
1344.552	661.535	28.699	561	312	20	7	532	4	511	1.14e-26	109
1344.552	1727.537	29.191	507	286	19	65	536	50	518	2.57e-26	108
1344.552	1613.554	29.400	500	289	21	72	537	63	532	6.12e-26	107
1344.552	1772.538	30.664	512	292	21	64	549	52	526	1.05e-25	106
1344.552	1052.463	33.333	357	198	13	201	532	97	438	1.30e-25	105
1344.552	424.310	37.647	255	148	5	254	505	14	260	1.50e-25	102
1344.552	942.538	28.974	497	315	15	65	551	68	536	2.22e-25	105
1344.552	17.797	35.857	251	142	6	281	516	521	767	2.12e-24	103
1344.552	152.502	31.124	347	194	10	201	532	161	477	3.95e-24	101
1344.552	709.535	30.043	466	269	16	102	548	88	515	3.36e-23	98.6
1344.552	608.284	32.847	274	163	7	287	547	1	266	6.12e-21	89.0
1344.552	1437.556	38.528	231	119	11	220	444	213	426	5.20e-20	89.0
1344.552	817.256	36.066	244	146	3	301	537	1	241	8.65e-18	79.0
1344.552	1167.528	27.644	539	326	18	31	546	25	522	1.68e-17	80.9
1344.552	108.561	28.090	356	213	11	211	552	235	561	4.94e-16	76.3
177.551	177.551	100.000	509	0	0	43	551	43	551	0.0	871
1725.547	1725.547	100.000	547	0	0	1	547	1	547	0.0	1065
37.544	37.544	100.000	544	0	0	1	544	1	544	0.0	986
37.544	70.544	97.048	542	15	1	1	542	1	541	0.0	958
37.544	474.541	72.110	545	143	2	1	542	1	539	0.0	733
37.544	442.616	72.849	523	133	4	24	542	97	614	0.0	716
37.544	1272.616	72.849	523	133	4	24	542	97	614	0.0	716
37.544	1525.539	71.289	512	139	3	32	540	32	538	0.0	709
37.544	1494.560	75.345	507	116	1	36	542	61	558	0.0	698
37.544	626.499	39.224	464	260	7	75	537	54	496	1.57e-78	251
37.544	992.565	33.850	452	287	4	85	536	124	563	1.29e-70	232
37.544	924.529	34.672	473	273	8	83	543	71	519	2.51e-69	228
37.544	1067.529	34.672	473	273	8	83	543	71	519	2.51e-69	228
37.544	303.595	34.793	434	261	6	58	483	46	465	6.19e-67	223
37.544	1759.553	33.400	503	306	8	36	533	57	535	6.27e-67	222
37.544	195.500	29.376	497	306	12	41	525	26	489	2.36e-45	162
37.544	1179.605	34.967	306	192	6	231	534	293	593	5.96e-45	163
37.544	1179.605	33.846	130	79	3	56	180	17	144	2.48e-11	61.6
37.544	164.481	28.106	491	317	11	46	530	6	466	6.42e-45	161
37.544	1361.568	30.705	482	290	11	41	510	94	543	4.15e-43	157
37.544	1312.568	29.032	496	309	10	41	525	94	557	8.91e-40	148
37.544	677.570	30.801	487	310	10	41	525	99	560	6.35e-39	145
37.544	721.593	32.792	308	198	6	230	533	278	580	2.27e-38	144
37.544	721.593	41.284	109	62	1	72	180	37	143	1.35e-13	68.9
37.544	1392.656	30.461	499	298	12	41	525	182	645	4.25e-37	141
37.544	1629.662	31.090	312	193	7	207	508	335	634	5.84e-30	120
37.544	120.511	27.391	460	303	12	84	531	59	499	6.53e-29	115
37.544	1137.573	24.266	511	328	14	58	525	41	535	2.01e-24	102
37.544	752.608	29.592	294	196	4	236	525	297	583	2.07e-24	102
37.544	547.708	28.767	292	197	4	236	523	398	682	7.39e-24	101
37.544	578.612	29.553	291	199	3	236	525	298	583	9.82e-23	97.4
37.544	578.612	29.496	139	89	4	48	182	24	157	3.27e-09	54.7
37.544	1023.756	26.959	319	226	4	222	534	409	726	7.49e-21	92.0
37.544	1023.756	30.973	113	76	1	70	182	38	148	3.20e-10	58.2
37.544	1676.662	31.438	299	179	9	239	525	344	628	2.75e-19	87.0
37.544	1223.647	29.592	294	191	7	239	525	333	617	4.84e-19	86.3
37.544	380.670	27.723	303	213	3	236	537	353	650	2.23e-18	84.0
37.544	380.670	32.836	134	85	3	50	181	31	161	1.31e-10	59.3
37.544	258.674	29.667	300	205	3	236	534	357	651	2.47e-18	84.0
37.544	258.674	33.582	134	84	3	50	181	27	157	2.80e-12	64.7
37.544	334.674	29.667	300	205	3	236	534	357	651	2.47e-18	84.0
37.544	334.674	33.582	134	84	3	50	181	27	157	2.80e-12	64.7
37.544	844.628	28.082	292	192	7	239	525	310	588	1.11e-17	81.6
37.544	893.659	28.522	291	202	3	236	525	343	628	1.51e-17	81.3
37.544	893.659	31.452	124	83	1	58	181	37	158	1.50e-10	59.3
37.544	959.628	27.740	292	193	7	239	525	310	588	7.14e-17	79.3
37.544	1451.706	26.599	297	200	4	236	525	388	673	7.48e-17	79.3
37.544	1451.706	33.333	123	80	1	59	181	37	157	8.94e-12	63.2
37.544	800.633	27.397	292	194	7	239	525	315	593	2.13e-16	77.8
37.544	1562.677	28.912	294	184	9	240	523	372	650	4.57e-16	76.6
37.544	1707.659	25.418	299	218	3	236	533	341	635	4.15e-15	73.6
70.544	70.544	100.000	544	0	0	1	544	1	544	0.0	1026
70.544	37.544	97.048	542	15	1	1	541	1	542	0.0	979
70.544	474.541	73.260	546	136	2	1	542	1	540	0.0	750
70.544	442.616	73.846	520	134	2	24	542	97	615	0.0	725
70.544	1272.616	73.846	520	134	2	24	542	97	615	0.0	725
70.544	1525.539	71.289	512	138	3	32	539	32	538	0.0	719
70.544	1494.560	75.984	508	112	2	36	542	61	559	0.0	716
70.544	626.499	38.972	467	264	7	71	536	50	496	4.56e-79	253
70.544	992.565	33.259	451	290	4	85	535	124	563	2.35e-73	239
70.544	924.529	35.903	454	276	8	83	532	71	513	5.28e-72	235
70.544	1067.529	35.903	454	276	8	83	532	71	513	5.28e-72	235
70.544	1759.553	34.029	479	302	7	66	543	81	546	3.66e-70	231
70.544	303.595	35.731	431	260	7	58	482	46	465	7.56e-69	228
70.544	164.481	28.692	474	308	10	59	529	20	466	7.06e-48	169
70.544	195.500	28.889	495	310	12	41	524	26	489	3.13e-47	167
70.544	1179.605	35.484	310	193	6	226	533	289	593	7.02e-47	168
70.544	1179.605	34.615	130	78	3	56	180	17	144	5.06e-12	63.9
70.544	1361.568	30.208	480	294	11	41	509	94	543	9.31e-44	159
70.544	1312.568	28.543	494	313	10	41	524	94	557	7.08e-41	151
70.544	677.570	30.864	486	310	11	41	524	99	560	5.56e-40	148
70.544	721.593	32.692	312	201	6	225	532	274	580	1.03e-38	145
70.544	721.593	38.158	152	88	3	72	219	37	186	3.90e-15	73.6
70.544	1392.656	29.592	490	313	12	41	524	182	645	4.09e-37	141
70.544	120.511	27.273	451	304	11	89	530	64	499	5.08e-31	122
70.544	1629.662	31.269	323	199	8	196	507	324	634	8.62e-31	122
70.544	1137.573	24.462	511	326	14	58	524	41	535	1.82e-26	108
70.544	752.608	29.592	294	196	4	235	524	297	583	1.75e-24	102
70.544	547.708	28.947	304	203	5	225	522	386	682	4.69e-24	102
70.544	578.612	29.897	291	198	3	235	524	298	583	1.87e-23	99.8
70.544	578.612	29.050	179	99	7	46	212	22	184	1.36e-09	55.8
70.544	1023.756	27.986	293	208	3	243	533	435	726	2.94e-21	93.2
70.544	1023.756	30.000	160	104	3	59	212	26	183	1.58e-11	62.4
70.544	1676.662	31.104	299	180	9	238	524	344	628	2.79e-19	87.0
70.544	1223.647	29.592	294	191	7	238	524	333	617	5.24e-19	85.9
70.544	893.659	27.481	393	261	7	143	524	249	628	1.19e-18	84.7
70.544	893.659	33.333	126	80	3	79	203	57	179	3.00e-10	58.2
70.544	258.674	29.085	306	199	4	235	533	357	651	3.97e-18	83.2
70.544	258.674	33.117	154	97	4	50	201	27	176	6.62e-13	66.6
70.544	334.674	29.085	306	199	4	235	533	357	651	3.97e-18	83.2
70.544	334.674	33.117	154	97	4	50	201	27	176	6.62e-13	66.6
70.544	380.670	27.393	303	214	3	235	536	353	650	4.54e-18	83.2
70.544	380.670	32.090	134	86	3	50	181	31	161	1.50e-10	59.3
70.544	844.628	26.708	322	208	8	218	524	280	588	2.84e-17	80.5
70.544	1451.706	26.263	297	201	4	235	524	388	673	1.78e-16	78.2
70.544	1451.706	33.333	123	80	1	59	181	37	157	1.04e-11	62.8
70.544	959.628	26.087	322	210	8	218	524	280	588	5.08e-16	76.6
70.544	1562.677	27.653	311	200	9	222	522	355	650	1.18e-15	75.5
70.544	800.633	26.712	292	196	7	238	524	315	593	1.72e-15	74.7
70.544	1707.659	25.402	311	224	4	226	532	329	635	2.95e-15	74.3
1661.544	1661.544	100.000	544	0	0	1	544	1	544	0.0	981
1661.544	1208.538	41.304	506	257	12	44	532	55	537	1.69e-100	310
1661.544	939.533	38.964	521	272	14	37	538	36	529	4.80e-86	272
1661.544	1052.463	38.716	483	255	11	73	538	1	459	4.55e-79	251
1661.544	1581.543	36.800	500	278	13	45	532	57	530	1.80e-71	234
1661.544	1727.537	34.170	518	279	17	45	539	56	534	9.38e-67	221
1661.544	608.284	45.627	263	131	3	265	520	1	258	1.12e-66	213
1661.544	290.535	35.123	447	239	11	63	497	78	485	4.60e-56	192
1661.544	1085.516	34.888	493	291	9	44	534	48	512	5.45e-52	181
1661.544	976.523	32.394	497	290	13	45	532	59	518	2.13e-51	179
1661.544	1437.556	33.814	485	276	19	63	532	85	539	9.05e-48	170
1661.544	1476.518	30.862	499	282	15	37	517	46	499	2.16e-47	168
1661.544	496.516	31.387	411	254	12	120	525	117	504	7.57e-45	161
1661.544	591.506	29.457	516	299	15	44	544	41	506	6.20e-44	159
1661.544	1772.538	30.101	495	293	18	45	523	60	517	2.10e-42	155
1661.544	57.514	29.899	495	297	18	44	525	45	502	2.21e-42	154
1661.544	1035.557	31.915	517	278	21	45	533	72	542	1.19e-41	153
1661.544	399.504	29.880	502	289	18	42	529	51	503	1.04e-38	144
1661.544	1254.526	34.024	338	198	11	206	540	207	522	1.39e-38	144
1661.544	17.797	32.743	339	196	9	191	517	465	783	2.98e-38	145
1661.544	1295.552	33.237	346	210	8	197	533	215	548	4.22e-38	143
1661.544	1344.552	33.237	346	210	8	197	533	215	548	4.22e-38	143
1661.544	709.535	27.856	499	294	16	37	519	55	503	5.36e-37	139
1661.544	661.535	34.653	303	180	5	229	526	231	520	6.56e-37	139
1661.544	1613.554	33.811	349	193	13	193	519	197	529	5.42e-36	137
1661.544	424.310	35.741	263	151	8	233	492	15	262	5.81e-36	132
1661.544	827.538	34.595	370	206	13	175	534	191	534	7.90e-36	136
1661.544	942.538	33.962	371	207	12	175	534	191	534	9.01e-35	133
1661.544	768.524	32.609	322	201	8	205	525	208	514	6.68e-34	130
1661.544	1167.528	27.475	495	303	14	37	517	58	510	2.77e-33	129
1661.544	244.526	34.247	365	219	9	175	533	172	521	3.72e-33	128
1661.544	348.526	34.247	365	219	9	175	533	172	521	3.72e-33	128
1661.544	817.256	35.385	260	157	5	280	534	1	254	5.32e-33	122
1661.544	1407.559	31.988	347	215	8	196	533	221	555	6.19e-33	128
1661.544	1541.523	33.113	302	180	8	232	529	231	514	8.54e-32	124
1661.544	531.528	28.854	506	316	14	42	533	49	524	1.24e-29	118
1661.544	108.561	27.766	479	288	13	61	524	115	550	4.30e-28	113
1661.544	222.264	35.135	259	152	6	280	533	13	260	8.18e-28	108
1661.544	152.502	32.432	333	178	16	191	511	171	468	1.47e-27	111
1661.544	876.501	35.099	302	156	10	200	497	204	469	3.15e-27	110
192.542	192.542	100.000	525	0	0	1	525	1	525	0.0	887
192.542	1315.542	91.619	525	44	0	1	525	1	525	0.0	837
192.542	1364.542	88.952	525	58	0	1	525	1	525	0.0	811
192.542	1387.542	87.595	524	65	0	2	525	3	526	0.0	793
192.542	681.528	55.470	521	229	2	6	525	5	523	1.43e-178	509
192.542	1755.528	42.256	523	294	4	9	525	3	523	2.05e-113	343
192.542	797.554	41.899	537	291	7	6	525	10	542	3.34e-113	343
192.542	634.521	43.931	519	288	2	8	525	1	517	2.12e-111	337
192.542	962.554	41.341	537	294	7	6	525	10	542	6.75e-110	334
192.542	847.554	41.155	537	295	7	6	525	10	542	1.35e-108	331
192.542	1558.557	35.575	461	263	7	13	442	14	471	2.21e-79	255
192.542	748.517	27.577	388	219	14	21	368	9	374	1.06e-27	112
192.542	1635.85	79.688	64	12	1	1	64	1	63	2.18e-27	101
192.542	374.523	27.919	394	224	13	14	368	8	380	1.11e-26	109
192.542	1455.499	30.033	303	180	9	46	328	30	320	4.19e-25	104
192.542	1522.501	29.355	310	187	9	47	336	33	330	7.13e-24	100
192.542	1633.490	26.744	430	272	14	43	454	22	426	2.24e-23	99.0
192.542	1702.510	26.944	360	206	12	47	366	24	366	3.78e-23	98.2
192.542	1497.497	27.989	368	229	11	19	368	4	353	3.97e-22	95.1
192.542	73.528	27.723	303	187	9	46	328	29	319	7.15e-22	94.4
192.542	471.498	29.085	306	179	10	46	328	29	319	7.91e-22	94.4
192.542	445.495	27.974	311	192	9	46	336	26	324	3.69e-21	92.0
192.542	1275.495	27.974	311	192	9	46	336	26	324	3.69e-21	92.0
192.542	1679.504	29.139	302	184	10	46	328	33	323	4.47e-20	89.0
192.542	684.63	54.348	46	21	0	11	56	12	57	1.17e-09	50.4
192.542	1226.174	37.572	173	106	1	353	525	1	171	6.18e-07	45.4
1315.542	1315.542	100.000	526	0	0	1	526	1	526	0.0	926
1315.542	1364.542	95.817	526	22	0	1	526	1	526	0.0	892
1315.542	192.542	91.635	526	44	0	1	526	1	526	0.0	848
1315.542	1387.542	88.123	522	62	0	5	526	6	527	0.0	823
1315.542	681.528	56.322	522	225	2	6	526	5	524	0.0	518
1315.542	634.521	44.038	520	288	2	8	526	1	518	1.19e-124	371
1315.542	1755.528	42.366	524	294	4	9	526	3	524	2.09e-121	363
1315.542	797.554	40.659	546	293	7	3	526	7	543	1.35e-117	354
1315.542	962.554	41.328	542	295	9	3	526	7	543	1.69e-115	349
1315.542	847.554	40.476	546	294	7	3	526	7	543	3.99e-114	345
1315.542	1558.557	34.679	545	321	8	13	526	14	554	1.04e-79	256
1315.542	748.517	26.652	469	267	16	18	440	6	443	3.51e-31	122
1315.542	1633.490	27.711	415	253	14	47	439	26	415	2.46e-29	116
1315.542	1702.510	26.160	474	285	17	21	454	2	450	9.33e-29	115
1315.542	1455.499	29.155	367	222	12	46	392	30	378	2.05e-28	114
1315.542	374.523	26.277	411	242	12	24	395	18	406	1.28e-27	112
1315.542	1635.85	82.812	64	10	1	1	64	1	63	2.85e-27	100
1315.542	1522.501	27.184	412	260	12	47	438	33	424	1.54e-25	105
1315.542	1497.497	28.389	391	239	14	22	392	7	376	4.08e-24	101
1315.542	445.495	27.248	367	229	12	46	392	26	374	4.04e-23	98.2
1315.542	1275.495	27.248	367	229	12	46	392	26	374	4.04e-23	98.2
1315.542	73.528	28.383	303	185	10	46	328	29	319	5.06e-23	98.2
1315.542	471.498	28.150	373	218	15	46	392	29	377	3.71e-22	95.1
1315.542	1679.504	26.456	412	265	13	46	438	33	425	1.07e-21	94.0
1315.542	1226.174	37.356	174	107	1	353	526	1	172	7.93e-17	74.3
1315.542	684.63	54.348	46	21	0	11	56	12	57	9.40e-09	47.8
1364.542	1364.542	100.000	526	0	0	1	526	1	526	0.0	949
1364.542	1315.542	95.817	526	22	0	1	526	1	526	0.0	912
1364.542	192.542	88.973	526	58	0	1	526	1	526	0.0	825
1364.542	1387.542	88.697	522	59	0	5	526	6	527	0.0	824
1364.542	681.528	57.088	522	221	2	6	526	5	524	0.0	530
1364.542	634.521	44.423	520	286	2	8	526	1	518	1.93e-127	379
1364.542	1755.528	42.286	525	293	5	9	526	3	524	2.54e-123	368
1364.542	797.554	40.293	546	295	7	3	526	7	543	7.09e-120	360
1364.542	962.554	41.328	542	295	9	3	526	7	543	2.04e-119	359
1364.542	847.554	40.476	546	294	7	3	526	7	543	5.37e-118	355
1364.542	1558.557	35.229	545	318	8	13	526	14	554	3.45e-83	265
1364.542	748.517	26.395	466	266	16	21	440	9	443	1.93e-33	129
1364.542	1633.490	28.504	421	250	16	43	439	22	415	5.27e-31	121
1364.542	1702.510	27.311	476	277	19	21	454	2	450	7.21e-30	118
1364.542	374.523	27.725	422	240	14	24	404	18	415	2.07e-29	117
1364.542	1455.499	28.837	430	245	16	46	434	30	439	9.46e-28	112
1364.542	1522.501	27.670	412	258	12	47	438	33	424	4.21e-27	110
1364.542	1635.85	79.688	64	12	1	1	64	1	63	2.28e-26	98.6
1364.542	1497.497	28.855	454	259	18	22	434	7	437	7.41e-26	106
1364.542	445.495	27.103	428	255	14	46	434	26	435	5.89e-25	103
1364.542	1275.495	27.103	428	255	14	46	434	26	435	5.89e-25	103
1364.542	471.498	27.685	419	251	16	46	438	29	421	1.64e-23	99.4
1364.542	73.528	26.484	438	262	16	46	438	29	451	2.89e-23	99.0
1364.542	1679.504	27.184	412	262	13	46	438	33	425	3.87e-23	98.2
1364.542	1226.174	37.931	174	106	1	353	526	1	172	1.08e-18	79.7
1364.542	684.63	54.348	46	21	0	11	56	12	57	6.81e-09	48.1
1364.542	40.169	33.036	112	65	3	46	147	29	140	4.34e-07	45.8
1387.542	1387.542	100.000	542	0	0	1	542	1	542	0.0	933
1387.542	1364.542	88.697	522	59	0	6	527	5	526	0.0	828
1387.542	1315.542	88.123	522	62	0	6	527	5	526	0.0	827
1387.542	192.542	87.619	525	65	0	3	527	2	526	0.0	827
1387.542	681.528	57.854	522	217	2	7	527	5	524	0.0	545
1387.542	634.521	44.660	515	282	2	14	527	6	518	1.55e-126	376
1387.542	797.554	42.391	552	284	8	1	527	1	543	6.82e-126	375
1387.542	962.554	42.413	547	291	8	1	527	1	543	9.30e-124	370
1387.542	847.554	42.029	552	286	8	1	527	1	543	1.01e-122	367
1387.542	1755.528	41.603	524	298	4	10	527	3	524	1.06e-117	353
1387.542	1558.557	34.735	547	318	9	14	527	14	554	1.47e-82	263
1387.542	748.517	27.338	417	228	15	23	393	10	397	2.11e-31	123
1387.542	374.523	27.007	411	239	12	25	396	18	406	1.70e-30	120
1387.542	1455.499	28.883	367	223	12	47	393	30	378	4.29e-29	116
1387.542	1522.501	28.415	366	224	11	48	393	33	380	3.98e-28	113
1387.542	1633.490	26.442	416	261	13	48	442	26	417	4.35e-28	113
1387.542	1497.497	28.900	391	237	14	23	393	7	376	2.26e-27	110
1387.542	1702.510	25.000	460	281	15	23	442	3	438	4.02e-26	107
1387.542	73.528	29.043	303	183	10	47	329	29	319	1.84e-25	105
1387.542	445.495	26.975	367	230	12	47	393	26	374	3.75e-24	101
1387.542	1275.495	26.975	367	230	12	47	393	26	374	3.75e-24	101
1387.542	1679.504	28.321	399	241	15	19	393	4	381	1.12e-23	99.8
1387.542	471.498	27.688	372	221	14	47	393	29	377	5.14e-23	97.8
1387.542	1635.85	66.667	63	20	1	3	65	2	63	8.23e-20	79.7
1387.542	1226.174	37.931	174	106	1	354	527	1	172	1.49e-19	82.0
1387.542	684.63	51.064	47	23	0	11	57	11	57	4.22e-08	45.8
1387.542	40.169	33.036	112	65	3	47	148	29	140	1.96e-07	46.6
474.541	474.541	100.000	541	0	0	1	541	1	541	0.0	1002
474.541	70.544	72.894	546	138	2	1	540	1	542	0.0	747
474.541	37.544	71.560	545	146	2	1	539	1	542	0.0	735
474.541	1494.560	74.704	506	122	2	36	541	61	560	0.0	707
474.541	442.616	69.030	536	161	3	8	541	84	616	0.0	691
474.541	1272.616	69.030	536	161	3	8	541	84	616	0.0	691
474.541	1525.539	68.307	508	160	1	31	537	31	538	0.0	670
474.541	626.499	35.992	514	305	7	25	534	3	496	2.65e-69	227
474.541	992.565	33.551	459	280	7	84	533	121	563	1.19e-68	227
474.541	1759.553	34.298	484	292	10	65	539	78	544	1.46e-64	216
474.541	924.529	32.594	451	289	6	85	530	73	513	2.52e-62	209
474.541	1067.529	32.594	451	289	6	85	530	73	513	2.52e-62	209
474.541	303.595	32.867	429	273	7	58	480	46	465	1.36e-57	198
474.541	1179.605	37.226	274	167	4	238	511	304	572	2.63e-46	167
474.541	1179.605	35.878	131	75	4	56	180	17	144	1.07e-10	59.7
474.541	164.481	26.013	469	317	8	60	527	27	466	1.10e-38	143
474.541	195.500	26.915	483	312	9	37	507	22	475	2.24e-37	140
474.541	677.570	28.298	470	312	10	41	507	99	546	4.31e-37	140
474.541	721.593	35.125	279	171	6	237	511	288	560	1.28e-36	139
474.541	721.593	37.162	148	81	3	72	209	37	182	9.58e-16	75.5
474.541	1361.568	27.419	496	338	10	37	530	90	565	1.81e-34	132
474.541	1629.662	34.432	273	161	6	237	503	372	632	1.27e-32	127
474.541	1312.568	32.727	275	167	3	238	507	282	543	1.32e-32	127
474.541	1392.656	34.317	271	168	4	238	507	370	631	1.83e-30	121
474.541	120.511	25.439	456	322	10	83	532	58	501	2.58e-27	110
474.541	547.708	29.110	292	196	4	233	520	398	682	1.03e-25	107
474.541	752.608	28.912	294	198	4	233	522	297	583	2.93e-25	105
474.541	1137.573	24.798	496	311	12	58	507	41	520	2.42e-24	102
474.541	893.659	30.241	291	197	3	233	522	343	628	1.62e-22	97.1
474.541	893.659	31.707	123	82	1	58	180	37	157	3.31e-08	51.6
474.541	578.612	28.866	291	201	3	233	522	298	583	6.11e-21	92.0
474.541	578.612	31.429	140	85	5	48	182	24	157	2.82e-08	51.6
474.541	1562.677	28.025	314	200	9	237	540	372	669	1.17e-19	88.2
474.541	380.670	27.393	303	214	3	233	534	353	650	1.87e-19	87.4
474.541	380.670	35.821	134	81	3	50	181	31	161	6.59e-11	60.5
474.541	1707.659	25.725	276	200	3	233	507	341	612	2.30e-19	87.0
474.541	1023.756	27.941	272	194	2	241	511	435	705	2.55e-19	87.0
474.541	1023.756	30.645	124	78	3	65	182	27	148	1.58e-08	52.8
474.541	1676.662	28.956	297	186	10	236	523	344	624	1.04e-18	85.1
474.541	800.633	29.297	256	161	6	236	486	315	555	2.29e-18	84.0
474.541	258.674	28.431	306	201	4	233	531	357	651	3.81e-18	83.2
474.541	258.674	35.075	134	82	3	50	181	27	157	5.61e-11	60.5
474.541	334.674	28.431	306	201	4	233	531	357	651	3.81e-18	83.2
474.541	334.674	35.075	134	82	3	50	181	27	157	5.61e-11	60.5
474.541	844.628	28.980	245	158	5	236	475	310	543	5.01e-18	82.8
474.541	959.628	28.980	245	158	5	236	475	310	543	8.13e-18	82.0
474.541	1451.706	25.253	297	204	4	233	522	388	673	2.39e-17	80.9
474.541	1451.706	34.021	97	62	1	85	181	63	157	4.84e-09	54.3
474.541	1223.647	27.174	276	191	6	236	507	333	602	3.35e-17	80.1
1525.539	1525.539	100.000	539	0	0	1	539	1	539	0.0	892
1525.539	1494.560	71.173	503	138	2	36	538	61	556	0.0	628
1525.539	70.544	70.923	509	145	2	32	538	32	539	0.0	624
1525.539	474.541	69.745	509	151	3	31	538	31	537	0.0	624
1525.539	442.616	69.574	516	153	4	25	538	99	612	0.0	613
1525.539	1272.616	69.574	516	153	4	25	538	99	612	0.0	613
1525.539	37.544	70.370	513	142	4	32	538	32	540	0.0	612
1525.539	626.499	40.244	492	277	6	44	535	22	496	3.14e-85	269
1525.539	992.565	37.844	436	258	6	84	517	122	546	1.14e-70	232
1525.539	924.529	35.160	438	273	7	84	518	71	500	1.93e-65	217
1525.539	1067.529	35.160	438	273	7	84	518	71	500	1.93e-65	217
1525.539	1759.553	34.554	437	263	7	88	518	103	522	6.09e-59	201
1525.539	303.595	35.500	400	251	5	84	481	71	465	6.25e-58	199
1525.539	1179.605	38.989	277	158	6	239	512	304	572	8.37e-48	171
1525.539	1179.605	36.735	98	60	1	88	185	53	148	5.64e-13	66.6
1525.539	195.500	28.898	481	306	8	37	508	22	475	5.25e-45	161
1525.539	164.481	30.024	423	269	9	90	510	52	449	2.40e-43	156
1525.539	1361.568	29.253	482	303	8	37	508	90	543	8.23e-41	150
1525.539	721.593	36.496	274	166	5	238	508	288	556	1.56e-40	150
1525.539	721.593	40.000	115	66	2	86	199	50	162	1.59e-16	78.2
1525.539	1312.568	28.423	482	307	8	37	508	90	543	5.93e-39	145
1525.539	677.570	32.075	424	266	8	86	508	144	546	8.02e-36	136
1525.539	1392.656	29.810	473	312	6	37	508	178	631	4.37e-34	132
1525.539	1629.662	33.455	275	165	6	238	506	372	634	1.00e-32	128
1525.539	120.511	28.111	434	289	12	90	515	64	482	1.07e-25	106
1525.539	1137.573	25.376	465	291	13	87	508	69	520	7.29e-25	103
1525.539	547.708	28.720	289	195	4	234	518	398	679	7.25e-23	98.2
1525.539	1562.677	28.720	289	180	9	238	515	372	645	1.66e-22	97.1
1525.539	380.670	27.018	285	202	3	234	517	353	632	3.65e-21	92.8
1525.539	380.670	31.000	100	67	1	86	185	67	164	4.04e-08	51.2
1525.539	1023.756	31.313	198	134	2	316	512	509	705	3.52e-19	86.7
1525.539	1023.756	33.036	112	73	1	88	199	55	164	5.89e-11	60.5
1525.539	752.608	29.181	281	184	5	234	508	297	568	3.63e-19	86.3
1525.539	578.612	29.391	279	191	3	234	511	298	571	9.48e-19	85.1
1525.539	578.612	34.951	103	59	3	86	185	62	159	1.34e-08	52.8
1525.539	800.633	28.169	284	169	8	237	506	315	577	1.13e-18	84.7
1525.539	959.628	28.169	284	169	8	237	506	310	572	3.78e-18	83.2
1525.539	893.659	27.179	390	253	6	132	518	262	623	9.88e-18	82.0
1525.539	893.659	32.174	115	75	2	86	200	64	175	1.77e-09	55.8
1525.539	844.628	27.817	284	170	8	237	506	310	572	9.94e-18	82.0
1525.539	1451.706	27.491	291	193	4	234	517	388	667	3.73e-17	80.1
1525.539	1451.706	31.068	103	69	1	83	185	60	160	4.23e-09	54.7
1525.539	1676.662	28.571	280	182	8	237	508	344	613	9.68e-17	79.0
1525.539	1223.647	28.837	215	144	5	297	508	394	602	2.94e-16	77.4
1525.539	258.674	28.723	282	183	4	234	508	357	627	3.65e-16	77.0
1525.539	258.674	35.043	117	74	1	86	202	63	177	2.13e-11	62.0
1525.539	334.674	28.723	282	183	4	234	508	357	627	3.65e-16	77.0
1525.539	334.674	35.043	117	74	1	86	202	63	177	2.13e-11	62.0
1525.539	1707.659	26.182	275	200	1	234	508	341	612	7.68e-14	69.7
827.538	827.538	100.000	538	0	0	1	538	1	538	0.0	914
827.538	942.538	96.097	538	21	0	1	538	1	538	0.0	889
827.538	496.516	38.095	462	270	8	61	511	34	490	3.99e-71	232
827.538	57.514	38.621	435	255	8	85	511	58	488	1.17e-70	231
827.538	661.535	36.706	504	266	16	42	511	21	505	1.81e-66	220
827.538	591.506	36.853	464	263	13	61	511	30	476	9.69e-61	204
827.538	768.524	39.091	440	244	13	88	511	69	500	2.42e-60	204
827.538	1254.526	36.401	489	280	13	43	511	19	496	1.56e-58	199
827.538	244.526	43.976	332	173	7	189	510	170	498	2.43e-58	198
827.538	348.526	43.976	332	173	7	189	510	170	498	2.43e-58	198
827.538	1476.518	37.161	479	249	17	65	511	42	500	6.32e-56	191
827.538	976.523	37.370	479	249	17	50	502	35	488	3.30e-55	190
827.538	1541.523	40.964	332	177	6	190	511	174	496	1.05e-51	180
827.538	399.504	36.200	500	248	22	51	513	22	487	1.58e-51	179
827.538	1727.537	36.157	484	257	22	58	509	43	506	5.82e-50	176
827.538	531.528	34.490	490	273	13	49	511	34	502	2.70e-47	168
827.538	1085.516	36.093	471	257	18	62	509	38	487	4.58e-46	164
827.538	1035.557	33.824	476	267	12	65	511	64	520	1.22e-45	164
827.538	1581.543	36.093	471	244	21	78	511	59	509	1.57e-45	164
827.538	424.310	41.538	260	150	2	233	490	1	260	7.59e-45	156
827.538	876.501	35.619	452	240	18	69	497	46	469	2.92e-44	159
827.538	939.533	34.646	508	264	20	50	511	17	502	7.83e-43	156
827.538	1208.538	29.895	475	298	12	68	513	50	518	5.51e-42	154
827.538	1052.463	38.244	353	177	13	190	511	90	432	7.58e-40	146
827.538	290.535	34.286	455	238	18	78	502	66	489	6.75e-39	145
827.538	709.535	30.962	478	264	19	61	507	49	491	4.93e-38	142
827.538	1167.528	33.068	502	266	22	46	510	35	503	2.57e-37	140
827.538	817.256	44.397	232	121	4	290	513	1	232	3.35e-37	134
827.538	1772.538	31.976	491	264	21	64	513	51	512	2.19e-35	135
827.538	608.284	36.614	254	140	7	274	511	1	249	9.85e-34	125
827.538	152.502	35.988	339	181	9	188	510	152	470	7.76e-33	127
827.538	1661.544	31.034	493	276	22	68	512	36	512	1.83e-31	123
827.538	108.561	31.626	449	246	16	93	510	118	536	1.78e-30	120
827.538	1295.552	31.185	481	275	17	68	511	65	526	2.56e-30	120
827.538	1344.552	31.185	481	275	17	68	511	65	526	2.56e-30	120
827.538	17.797	38.550	262	134	9	266	506	519	774	3.08e-30	121
827.538	1407.559	32.083	480	273	18	68	511	71	533	1.33e-29	118
827.538	1613.554	28.980	490	289	19	50	498	37	508	3.22e-28	114
827.538	1437.556	31.169	385	228	13	144	503	141	513	5.49e-28	113
827.538	222.264	39.381	226	121	6	290	503	13	234	4.77e-19	82.8
942.538	942.538	100.000	538	0	0	1	538	1	538	0.0	1014
942.538	827.538	96.097	538	21	0	1	538	1	538	0.0	961
942.538	496.516	38.889	468	270	8	61	517	34	496	5.15e-81	258
942.538	57.514	37.868	441	262	8	85	517	58	494	1.61e-78	251
942.538	661.535	35.647	533	286	17	42	536	21	534	6.14e-75	243
942.538	1254.526	36.768	495	282	13	43	517	19	502	4.59e-70	229
942.538	768.524	38.326	454	256	12	88	525	69	514	2.22e-69	228
942.538	976.523	37.132	509	269	17	50	532	35	518	1.39e-67	223
942.538	591.506	35.510	490	283	14	61	537	30	499	2.33e-67	222
942.538	244.526	43.768	345	181	7	189	523	170	511	1.17e-64	215
942.538	348.526	43.768	345	181	7	189	523	170	511	1.17e-64	215
942.538	1476.518	36.939	490	263	17	65	525	42	514	1.37e-62	209
942.538	399.504	36.240	516	258	22	51	529	22	503	2.94e-62	208
942.538	1541.523	38.997	359	200	6	190	538	174	523	2.05e-60	204
942.538	1035.557	34.400	500	280	12	65	535	64	544	5.95e-58	198
942.538	1581.543	35.785	503	261	23	68	532	52	530	7.88e-56	192
942.538	1085.516	36.145	498	274	18	62	536	38	514	1.11e-55	191
942.538	1727.537	35.861	488	262	21	63	518	47	515	7.46e-55	189
942.538	531.528	33.849	517	290	13	49	536	34	527	8.39e-55	189
942.538	424.310	39.576	283	169	2	233	513	1	283	4.11e-54	181
942.538	876.501	34.583	480	263	18	69	525	46	497	1.09e-49	174
942.538	1208.538	28.745	494	317	12	68	532	50	537	3.56e-47	168
942.538	939.533	33.852	514	272	20	50	517	17	508	4.09e-46	165
942.538	1052.463	37.604	359	183	13	190	517	90	438	1.90e-43	156
942.538	290.535	35.604	455	232	18	78	502	66	489	2.56e-43	157
942.538	709.535	30.769	494	276	18	61	523	49	507	2.02e-42	155
942.538	1167.528	32.510	526	281	22	46	532	35	525	3.51e-41	151
942.538	817.256	43.460	237	126	4	290	518	1	237	1.05e-40	143
942.538	608.284	39.015	264	146	8	274	524	1	262	3.59e-40	143
942.538	1661.544	31.589	516	287	21	68	534	36	534	4.64e-40	148
942.538	1772.538	31.456	515	286	22	49	525	35	520	3.09e-39	145
942.538	152.502	34.530	362	179	10	188	522	152	482	3.33e-37	139
942.538	108.561	36.129	310	176	7	225	522	249	548	1.31e-35	135
942.538	1295.552	30.632	506	295	17	68	536	65	551	2.51e-35	135
942.538	1344.552	30.632	506	295	17	68	536	65	551	2.51e-35	135
942.538	1407.559	32.129	498	285	18	68	529	71	551	6.78e-35	134
942.538	17.797	37.681	276	147	8	266	522	519	788	1.63e-34	134
942.538	1437.556	31.190	420	248	15	144	536	141	546	5.50e-32	125
942.538	1613.554	28.897	526	315	19	50	534	37	544	1.62e-31	124
942.538	222.264	37.815	238	134	6	290	518	13	245	1.57e-22	92.8
1208.538	1208.538	100.000	538	0	0	1	538	1	538	0.0	1064
1208.538	1661.544	41.257	509	253	12	55	537	44	532	1.20e-109	333
1208.538	939.533	38.922	501	267	14	43	523	28	509	2.31e-84	267
1208.538	1581.543	37.626	497	272	15	56	537	57	530	1.23e-76	247
1208.538	1052.463	38.950	457	245	11	83	523	1	439	8.40e-76	243
1208.538	608.284	46.792	265	131	5	264	525	1	258	5.52e-67	214
1208.538	496.516	32.924	489	280	12	50	522	40	496	1.09e-59	202
1208.538	1437.556	35.377	424	249	9	50	465	60	466	4.96e-58	198
1208.538	661.535	33.600	500	281	14	42	522	44	511	1.41e-57	196
1208.538	1727.537	33.400	497	283	14	50	526	50	518	1.33e-56	194
1208.538	57.514	31.717	495	286	14	45	522	35	494	5.22e-56	192
1208.538	591.506	31.727	498	281	15	55	537	41	494	4.29e-52	181
1208.538	1613.554	32.460	496	278	14	57	524	63	529	5.48e-52	182
1208.538	1035.557	31.089	505	297	16	50	535	67	539	1.71e-51	180
1208.538	1476.518	30.785	497	280	15	55	525	51	509	2.61e-51	179
1208.538	1541.523	31.703	511	289	17	51	537	47	521	8.40e-50	175
1208.538	1254.526	31.325	498	280	14	50	522	42	502	1.96e-49	174
1208.538	290.535	32.353	476	277	15	45	510	53	493	8.29e-49	172
1208.538	827.538	29.555	494	313	12	50	537	68	532	1.76e-46	166
1208.538	424.310	37.358	265	148	4	230	494	13	259	2.29e-44	155
1208.538	942.538	28.745	494	317	12	50	537	68	532	2.79e-44	160
1208.538	108.561	30.279	502	292	19	48	533	92	551	2.62e-43	157
1208.538	1167.528	31.485	505	292	19	51	537	58	526	6.11e-43	156
1208.538	17.797	35.821	335	184	8	209	537	486	795	2.44e-42	157
1208.538	976.523	30.273	512	291	17	48	537	51	518	2.97e-42	154
1208.538	244.526	31.048	496	291	14	55	532	50	512	3.92e-42	154
1208.538	348.526	31.048	496	291	14	55	532	50	512	3.92e-42	154
1208.538	1295.552	31.299	508	282	17	50	526	65	536	5.98e-41	151
1208.538	1344.552	31.299	508	282	17	50	526	65	536	5.98e-41	151
1208.538	531.528	31.589	516	283	18	55	538	51	528	1.37e-39	147
1208.538	399.504	28.713	505	281	19	55	534	53	503	2.02e-39	145
1208.538	709.535	30.228	483	284	18	55	524	61	503	1.12e-38	144
1208.538	1407.559	30.845	509	284	17	50	526	71	543	4.16e-38	143
1208.538	1085.516	33.066	499	280	16	55	536	48	509	3.32e-37	140
1208.538	768.524	30.204	490	297	14	50	522	45	506	3.08e-36	137
1208.538	152.502	28.571	462	273	13	72	522	62	477	3.38e-36	137
1208.538	876.501	28.911	505	272	20	55	532	52	496	1.82e-33	129
1208.538	1772.538	29.310	464	263	18	56	494	60	483	1.53e-32	126
1208.538	817.256	38.023	263	138	6	286	537	3	251	2.07e-32	120
1208.538	222.264	36.735	245	140	5	286	526	15	248	5.05e-25	100
1772.538	1772.538	100.000	538	0	0	1	538	1	538	0.0	952
1772.538	290.535	34.707	461	242	15	60	496	64	489	4.49e-55	189
1772.538	152.502	37.057	367	183	12	186	530	155	495	1.58e-46	166
1772.538	1437.556	31.725	539	300	23	32	531	38	547	6.81e-45	162
1772.538	1167.528	40.774	336	161	12	212	526	206	524	5.40e-44	159
1772.538	496.516	31.818	484	263	17	71	524	62	508	8.03e-44	158
1772.538	57.514	30.544	478	279	16	69	524	60	506	5.36e-42	153
1772.538	108.561	36.605	377	187	14	180	532	211	559	8.74e-41	150
1772.538	591.506	29.645	479	292	15	78	538	55	506	1.10e-40	149
1772.538	1613.554	30.000	540	315	21	35	535	36	551	2.26e-40	149
1772.538	17.797	38.328	287	151	6	254	522	515	793	5.12e-40	150
1772.538	709.535	31.707	492	281	17	52	522	54	511	4.53e-39	145
1772.538	1476.518	38.187	364	187	14	178	520	168	514	5.74e-39	145
1772.538	1661.544	30.600	500	284	19	60	517	45	523	6.81e-39	145
1772.538	1541.523	37.006	354	188	14	185	520	174	510	6.69e-38	142
1772.538	939.533	34.772	417	202	19	62	443	47	428	2.47e-37	140
1772.538	876.501	34.694	343	197	11	185	520	175	497	2.80e-36	137
1772.538	1581.543	31.164	507	291	20	60	532	57	539	3.26e-36	137
1772.538	1254.526	35.635	362	194	11	186	526	173	516	4.45e-36	137
1772.538	244.526	31.621	506	258	20	60	520	51	513	4.90e-36	136
1772.538	348.526	31.621	506	258	20	60	520	51	513	4.90e-36	136
1772.538	1727.537	29.457	516	301	18	35	515	30	517	8.16e-36	136
1772.538	399.504	33.523	352	201	13	181	520	169	499	8.33e-36	135
1772.538	531.528	34.497	487	271	22	60	520	52	516	1.80e-35	135
1772.538	1085.516	32.200	500	295	15	51	530	40	515	3.65e-34	131
1772.538	608.284	43.145	248	126	6	277	517	21	260	5.76e-34	125
1772.538	768.524	31.818	484	270	18	69	523	65	517	4.78e-33	128
1772.538	827.538	30.156	514	294	19	35	520	49	525	3.28e-32	125
1772.538	1052.463	34.783	391	187	18	88	443	1	358	3.48e-32	124
1772.538	424.310	38.211	246	127	6	249	483	28	259	1.29e-31	120
1772.538	942.538	30.485	515	291	21	35	520	49	525	2.17e-31	123
1772.538	661.535	33.724	341	194	7	183	501	170	500	5.50e-31	122
1772.538	1295.552	29.480	519	295	20	49	526	61	549	5.37e-28	113
1772.538	1344.552	29.480	519	295	20	49	526	61	549	5.37e-28	113
1772.538	976.523	32.312	359	204	10	184	520	170	511	2.47e-27	111
1772.538	1035.557	30.085	472	280	13	77	520	85	534	3.00e-27	111
1772.538	817.256	38.247	251	140	7	275	520	4	244	1.94e-26	103
1772.538	1208.538	36.000	250	131	7	255	483	253	494	3.93e-25	104
1772.538	1407.559	29.915	468	276	17	93	526	107	556	2.77e-23	99.0
1772.538	222.264	34.902	255	152	7	276	526	17	261	2.68e-18	80.5
1727.537	1727.537	100.000	537	0	0	1	537	1	537	0.0	1022
1727.537	1581.543	37.678	491	273	12	47	521	49	522	2.79e-66	220
1727.537	1661.544	33.449	577	300	22	2	534	3	539	5.48e-63	211
1727.537	939.533	34.909	550	280	16	2	516	4	510	1.53e-56	194
1727.537	1052.463	38.928	429	214	11	110	516	38	440	5.16e-53	182
1727.537	1437.556	33.397	524	293	15	21	516	32	527	6.53e-52	181
1727.537	1613.554	34.559	544	297	21	1	510	1	519	1.65e-50	177
1727.537	290.535	35.560	464	263	14	41	495	50	486	5.96e-49	173
1727.537	591.506	32.946	516	299	16	30	533	21	501	4.37e-47	167
1727.537	1208.538	32.596	497	287	14	50	518	50	526	1.40e-44	161
1727.537	496.516	33.208	530	299	17	21	530	18	512	9.26e-44	158
1727.537	709.535	30.926	540	307	18	2	515	3	502	1.36e-43	158
1727.537	827.538	35.246	488	265	21	47	515	63	518	6.78e-43	156
1727.537	942.538	35.041	488	266	21	47	515	63	518	1.39e-42	155
1727.537	57.514	33.205	518	284	20	41	532	31	512	1.28e-41	152
1727.537	976.523	32.649	487	277	18	28	496	32	485	5.08e-41	150
1727.537	1167.528	30.642	545	324	17	2	518	4	522	2.32e-40	149
1727.537	608.284	42.481	266	143	5	254	517	1	258	2.20e-39	140
1727.537	1035.557	32.587	491	273	18	56	519	72	531	1.14e-36	139
1727.537	1254.526	31.985	544	293	24	21	531	20	519	5.43e-36	136
1727.537	17.797	38.947	285	164	5	246	527	519	796	5.11e-35	135
1727.537	1772.538	29.278	526	309	20	20	517	25	515	6.01e-35	133
1727.537	152.502	30.059	509	315	14	10	514	6	477	1.18e-34	132
1727.537	661.535	29.923	518	312	15	22	514	20	511	3.02e-33	128
1727.537	244.526	30.123	488	289	18	56	519	51	510	2.75e-31	122
1727.537	348.526	30.123	488	289	18	56	519	51	510	2.75e-31	122
1727.537	1085.516	31.976	491	278	19	47	515	40	496	6.41e-31	121
1727.537	1476.518	31.263	499	269	19	58	521	54	513	1.18e-29	117
1727.537	1295.552	31.641	512	281	20	43	518	58	536	3.22e-29	117
1727.537	1344.552	31.641	512	281	20	43	518	58	536	3.22e-29	117
1727.537	768.524	30.216	556	321	23	2	530	7	522	5.39e-29	116
1727.537	108.561	29.839	496	305	16	40	521	84	550	2.02e-28	114
1727.537	424.310	40.551	254	129	9	239	489	28	262	1.09e-26	105
1727.537	1407.559	30.966	507	282	18	50	520	71	545	3.55e-25	104
1727.537	817.256	38.492	252	143	7	273	521	1	243	3.84e-25	100
1727.537	399.504	27.893	484	277	18	65	517	52	494	2.92e-23	98.6
1727.537	1541.523	33.333	363	198	15	167	517	175	505	1.72e-21	93.2
1727.537	876.501	28.893	488	274	18	65	521	51	496	1.53e-20	90.1
1727.537	222.264	39.130	253	136	10	271	519	11	249	1.18e-19	84.7
1727.537	531.528	28.783	337	205	10	192	519	203	513	1.07e-16	78.2
290.535	290.535	100.000	504	0	0	32	535	32	535	0.0	876
290.535	1661.544	35.426	446	239	9	78	485	63	497	3.55e-61	206
290.535	709.535	36.404	456	247	15	57	490	53	487	2.90e-60	204
290.535	1167.528	37.744	461	242	19	56	490	55	496	2.81e-59	201
290.535	1581.543	38.416	505	269	17	56	533	49	538	4.69e-58	198
290.535	1772.538	34.773	463	239	16	64	489	60	496	1.85e-54	188
290.535	1727.537	35.371	458	260	14	56	486	47	495	2.34e-54	187
290.535	939.533	33.850	452	247	12	66	480	47	483	6.47e-54	186
290.535	1052.463	34.112	428	232	11	88	480	1	413	1.30e-50	176
290.535	1613.554	33.607	488	267	19	56	500	52	525	1.21e-48	172
290.535	591.506	31.211	487	304	14	56	525	33	505	1.02e-46	166
290.535	496.516	33.262	469	264	17	56	494	37	486	3.15e-45	162
290.535	57.514	32.974	464	262	19	56	490	37	480	3.31e-45	162
290.535	1208.538	31.702	470	276	15	59	493	51	510	8.08e-45	161
290.535	152.502	33.708	445	232	14	65	484	50	456	1.86e-44	160
290.535	1476.518	32.613	463	267	14	57	489	44	491	4.09e-44	159
290.535	399.504	33.619	467	247	22	58	494	46	479	8.28e-43	155
290.535	827.538	34.658	453	239	18	66	489	78	502	5.56e-41	150
290.535	942.538	34.658	453	239	18	66	489	78	502	1.52e-40	149
290.535	1437.556	30.738	488	269	18	56	497	56	520	1.04e-38	144
290.535	876.501	32.969	458	244	18	58	485	45	469	1.15e-37	140
290.535	244.526	34.406	497	274	19	58	524	44	518	1.23e-37	141
290.535	348.526	34.406	497	274	19	58	524	44	518	1.23e-37	141
290.535	976.523	31.441	458	254	18	64	489	59	488	1.41e-35	135
290.535	608.284	39.841	251	134	6	252	494	2	243	9.38e-35	128
290.535	17.797	37.597	258	141	7	239	485	515	763	1.34e-34	134
290.535	17.797	30.942	223	115	11	58	245	50	268	3.29e-09	55.1
290.535	1295.552	31.130	469	270	18	59	490	66	518	3.21e-34	131
290.535	1344.552	31.130	469	270	18	59	490	66	518	3.21e-34	131
290.535	108.561	29.882	425	264	12	78	486	118	524	2.93e-32	126
290.535	1254.526	30.283	459	274	17	66	494	50	492	1.40e-31	123
290.535	1085.516	32.675	456	272	12	56	490	40	481	5.16e-31	122
290.535	661.535	31.096	447	264	14	68	485	60	491	6.28e-30	119
290.535	1407.559	31.624	468	259	20	59	485	72	519	6.89e-29	115
290.535	768.524	32.112	464	258	23	67	494	54	496	2.05e-28	114
290.535	1541.523	31.044	364	218	12	171	524	175	515	3.36e-26	107
290.535	531.528	29.322	457	278	17	61	486	47	489	1.41e-23	99.8
290.535	424.310	32.677	254	154	6	227	478	22	260	3.10e-22	93.2
290.535	1035.557	28.571	427	249	14	64	459	72	473	2.68e-21	92.8
290.535	817.256	35.135	222	130	6	266	482	1	213	2.11e-19	83.6
290.535	222.264	34.211	228	138	5	264	489	11	228	1.53e-17	78.2
290.535	223.289	28.934	197	110	9	59	232	69	258	5.98e-09	52.8
661.535	661.535	100.000	535	0	0	1	535	1	535	0.0	1045
661.535	496.516	46.168	535	250	13	10	530	5	515	2.61e-128	380
661.535	57.514	43.503	531	260	9	10	526	5	509	5.08e-122	364
661.535	591.506	44.767	516	257	9	10	522	5	495	8.94e-120	358
661.535	1254.526	43.704	540	272	11	9	535	6	526	2.52e-113	342
661.535	768.524	42.424	528	270	13	7	519	6	514	3.88e-102	313
661.535	827.538	35.701	521	270	17	2	491	11	497	7.17e-69	226
661.535	424.310	50.558	269	119	6	221	484	1	260	2.02e-68	219
661.535	942.538	35.125	521	273	16	2	491	11	497	7.35e-67	221
661.535	1035.557	38.278	418	233	6	128	527	132	542	1.50e-61	207
661.535	1476.518	33.481	451	264	10	59	493	58	488	4.47e-55	189
661.535	939.533	35.421	463	239	16	55	484	46	481	5.92e-52	181
661.535	1541.523	37.815	357	183	11	151	493	153	484	8.23e-52	180
661.535	1208.538	33.124	477	268	14	43	487	41	498	9.12e-52	181
661.535	976.523	30.588	510	284	17	9	484	3	476	4.91e-51	178
661.535	1581.543	35.556	450	245	19	57	483	60	487	4.35e-50	176
661.535	399.504	36.123	454	224	20	57	487	57	467	5.35e-50	175
661.535	244.526	38.360	378	200	10	130	493	129	487	1.13e-49	174
661.535	348.526	38.360	378	200	10	130	493	129	487	1.13e-49	174
661.535	1052.463	38.381	383	187	13	128	484	52	411	2.74e-49	172
661.535	17.797	41.985	262	146	4	237	492	503	764	2.94e-49	177
661.535	1085.516	36.854	445	242	15	57	487	52	471	1.23e-48	172
661.535	531.528	33.528	513	290	16	9	493	1	490	4.53e-47	167
661.535	876.501	34.361	454	231	19	57	487	56	465	2.39e-46	165
661.535	108.561	31.923	520	287	20	9	493	38	525	1.64e-41	152
661.535	1727.537	30.242	496	299	14	20	491	22	494	1.23e-39	147
661.535	1167.528	30.992	484	275	17	24	483	34	482	1.61e-39	146
661.535	608.284	42.489	233	130	3	264	492	4	236	2.30e-39	140
661.535	152.502	31.767	447	246	16	53	484	48	450	2.53e-39	145
661.535	1437.556	30.039	516	295	18	41	522	53	536	6.88e-37	139
661.535	817.256	44.131	213	110	3	275	483	1	208	1.25e-36	132
661.535	1772.538	33.626	342	195	7	160	491	173	492	3.28e-35	134
661.535	1661.544	32.743	339	198	7	171	492	173	498	5.65e-34	130
661.535	1613.554	34.859	284	170	6	217	493	234	509	6.40e-34	130
661.535	709.535	30.283	459	271	16	41	483	48	473	1.86e-33	129
661.535	1295.552	31.111	540	286	21	4	491	7	512	1.63e-32	126
661.535	1344.552	31.111	540	286	21	4	491	7	512	1.63e-32	126
661.535	290.535	31.991	447	260	14	60	491	68	485	1.85e-32	126
661.535	1407.559	36.982	338	174	9	172	491	203	519	4.11e-27	110
661.535	222.264	39.720	214	116	5	275	484	13	217	3.28e-23	94.7
661.535	423.159	31.429	140	86	4	51	182	2	139	4.59e-11	57.0
709.535	709.535	100.000	504	0	0	32	535	32	535	0.0	999
709.535	1167.528	53.593	487	216	4	35	513	38	522	7.90e-165	474
709.535	108.561	39.059	489	273	9	39	513	78	555	1.21e-93	292
709.535	152.502	37.787	479	264	11	32	503	21	472	7.50e-81	257
709.535	1613.554	36.600	500	269	13	48	510	48	536	5.38e-77	248
709.535	290.535	36.933	463	249	16	46	487	50	490	2.19e-63	212
709.535	1437.556	32.871	505	282	17	46	512	51	536	8.54e-54	186
709.535	939.533	32.371	485	256	18	55	490	36	497	9.15e-54	186
709.535	1727.537	31.496	508	286	17	35	502	30	515	4.88e-52	181
709.535	1772.538	32.114	492	279	18	54	511	52	522	1.01e-49	175
709.535	591.506	31.855	496	276	19	49	513	30	494	1.38e-49	174
709.535	1052.463	32.889	450	232	17	88	490	1	427	2.46e-48	169
709.535	1581.543	32.193	497	291	18	51	516	49	530	1.25e-47	169
709.535	1476.518	32.083	480	266	16	67	509	58	514	1.12e-44	160
709.535	496.516	31.515	495	291	18	48	513	33	508	4.70e-44	159
709.535	827.538	31.579	494	272	19	49	507	61	523	4.47e-43	157
709.535	244.526	32.377	488	283	18	61	517	50	521	2.28e-42	154
709.535	348.526	32.377	488	283	18	61	517	50	521	2.28e-42	154
709.535	399.504	30.705	482	280	19	54	509	46	499	2.78e-42	154
709.535	942.538	30.972	494	275	19	49	507	61	523	5.45e-41	150
709.535	608.284	38.868	265	142	8	259	507	1	261	3.06e-40	143
709.535	1661.544	27.856	499	294	16	55	503	37	519	1.24e-39	147
709.535	1208.538	30.228	483	284	18	61	503	55	524	1.71e-38	144
709.535	876.501	31.185	481	278	18	54	509	45	497	5.48e-38	142
709.535	57.514	30.600	500	287	23	48	513	33	506	1.19e-37	141
709.535	17.797	37.809	283	152	9	249	513	519	795	2.14e-37	142
709.535	661.535	29.423	503	296	17	48	512	41	522	1.26e-35	135
709.535	976.523	30.103	485	290	16	51	509	50	511	1.49e-35	135
709.535	1085.516	29.583	480	301	13	52	509	39	503	1.69e-34	132
709.535	1541.523	31.743	482	263	20	66	509	57	510	1.44e-32	126
709.535	1295.552	31.906	467	259	18	88	515	102	548	2.32e-31	123
709.535	1344.552	31.906	467	259	18	88	515	102	548	2.32e-31	123
709.535	768.524	29.470	509	299	21	48	519	38	523	3.69e-31	122
709.535	1035.557	32.028	434	228	21	124	517	128	534	4.21e-30	119
709.535	1254.526	34.444	270	153	7	257	513	256	514	1.97e-29	117
709.535	817.256	33.730	252	155	3	275	516	2	251	2.16e-29	112
709.535	1407.559	33.837	331	177	10	199	503	227	541	2.91e-27	111
709.535	424.310	34.661	251	131	8	245	473	20	259	1.45e-25	102
709.535	531.528	32.258	372	206	13	171	517	174	524	1.64e-21	93.2
709.535	222.264	34.583	240	135	7	276	502	15	245	5.96e-21	88.2
702.534	702.534	100.000	534	0	0	1	534	1	534	0.0	967
939.533	939.533	100.000	533	0	0	1	533	1	533	0.0	948
939.533	1052.463	100.000	463	0	0	71	533	1	463	0.0	843
939.533	1661.544	38.095	525	279	13	32	529	33	538	2.16e-82	262
939.533	1208.538	38.922	501	267	14	28	509	43	523	6.11e-75	243
939.533	1581.543	38.285	478	260	12	46	508	58	515	5.28e-64	214
939.533	608.284	49.446	271	112	5	247	508	1	255	3.10e-61	199
939.533	1727.537	36.939	490	252	13	47	510	58	516	5.14e-60	203
939.533	57.514	37.551	490	237	21	46	508	47	494	4.99e-58	197
939.533	1035.557	34.504	484	264	13	47	508	74	526	1.32e-51	181
939.533	496.516	36.495	485	251	16	46	508	47	496	1.95e-51	179
939.533	1613.554	33.396	530	301	18	29	531	46	550	1.51e-50	177
939.533	591.506	35.010	477	263	16	44	508	41	482	7.09e-50	175
939.533	661.535	35.306	490	257	16	46	508	55	511	1.41e-49	174
939.533	290.535	34.956	452	242	13	47	483	66	480	1.05e-48	172
939.533	709.535	31.959	485	258	17	36	497	55	490	1.25e-45	164
939.533	1167.528	33.943	492	270	18	37	510	58	512	1.06e-44	161
939.533	108.561	33.262	469	274	12	49	508	105	543	3.81e-43	157
939.533	1437.556	31.717	495	297	15	32	510	58	527	5.39e-42	154
939.533	1085.516	32.158	482	270	14	47	508	51	495	1.05e-41	152
939.533	1254.526	34.082	490	260	18	46	508	49	502	3.64e-41	151
939.533	827.538	34.343	495	257	18	36	508	69	517	4.51e-39	145
939.533	768.524	36.493	422	218	15	107	508	115	506	2.44e-37	140
939.533	1476.518	32.129	498	269	17	41	508	48	506	4.23e-37	139
939.533	942.538	33.881	487	256	18	44	508	75	517	1.43e-36	138
939.533	17.797	36.842	323	171	10	195	508	485	783	1.94e-36	139
939.533	17.797	31.068	206	117	8	34	230	49	238	1.38e-09	56.2
939.533	976.523	31.330	466	243	16	47	483	61	478	4.29e-36	136
939.533	152.502	36.915	363	187	14	155	508	148	477	2.98e-35	134
939.533	244.526	32.790	491	263	18	47	508	53	505	1.57e-34	132
939.533	348.526	32.790	491	263	18	47	508	53	505	1.57e-34	132
939.533	1772.538	33.333	393	195	18	47	403	62	423	1.85e-34	132
939.533	876.501	33.117	462	232	21	47	483	55	464	1.06e-31	124
939.533	399.504	29.470	509	265	23	33	508	44	491	9.83e-30	118
939.533	1295.552	31.151	504	279	22	36	508	66	532	4.25e-28	113
939.533	1344.552	31.151	504	279	22	36	508	66	532	4.25e-28	113
939.533	424.310	37.959	245	127	6	241	481	37	260	9.52e-26	103
939.533	1407.559	29.264	516	274	20	36	508	72	539	8.53e-25	103
939.533	1541.523	29.899	495	279	21	41	508	49	502	2.12e-23	99.0
939.533	817.256	37.302	252	137	5	262	508	1	236	5.29e-23	94.0
939.533	531.528	29.557	406	227	18	32	401	41	423	3.21e-20	89.4
939.533	222.264	39.726	146	78	6	262	399	13	156	1.48e-11	60.5
924.529	924.529	100.000	529	0	0	1	529	1	529	0.0	876
924.529	1067.529	100.000	529	0	0	1	529	1	529	0.0	876
924.529	303.595	92.593	459	33	1	1	459	1	458	0.0	676
924.529	992.565	61.492	496	187	3	20	515	71	562	0.0	531
924.529	626.499	45.747	435	210	5	88	515	79	494	3.24e-94	291
924.529	1759.553	43.735	423	222	6	88	505	116	527	4.27e-94	293
924.529	1525.539	35.535	439	260	8	89	513	102	531	1.66e-65	218
924.529	1494.560	32.346	439	268	6	89	513	126	549	4.93e-63	211
924.529	70.544	34.404	436	273	8	88	513	100	532	2.65e-62	209
924.529	37.544	34.459	444	279	5	88	519	100	543	7.02e-61	205
924.529	442.616	33.182	440	249	7	89	502	174	594	8.45e-59	201
924.529	1272.616	33.182	440	249	7	89	502	174	594	8.45e-59	201
924.529	474.541	32.184	435	280	6	89	513	101	530	7.64e-54	186
924.529	164.481	33.333	420	259	6	88	505	63	463	4.84e-52	180
924.529	1361.568	32.506	443	233	8	89	505	155	557	2.86e-49	174
924.529	1312.568	33.255	424	255	7	89	505	155	557	2.17e-48	172
924.529	195.500	31.542	428	259	6	88	505	86	489	4.16e-48	170
924.529	1392.656	34.026	385	238	6	122	505	276	645	1.72e-43	159
924.529	1179.605	37.847	288	172	5	221	505	301	584	8.35e-40	148
924.529	1179.605	36.082	97	59	2	89	182	67	163	5.89e-09	53.9
924.529	677.570	31.265	419	268	7	89	505	160	560	5.96e-39	145
924.529	120.511	32.558	430	265	11	90	507	77	493	6.61e-37	139
924.529	721.593	39.236	288	161	5	221	497	286	570	9.88e-37	139
924.529	752.608	34.000	300	186	3	220	513	298	591	1.48e-33	130
924.529	547.708	34.680	297	188	2	220	513	399	692	2.17e-33	130
924.529	893.659	33.770	305	176	5	221	513	346	636	4.72e-33	129
924.529	1451.706	36.156	307	166	6	221	513	391	681	5.99e-33	129
924.529	258.674	36.577	298	169	4	225	513	364	650	6.91e-33	128
924.529	334.674	36.577	298	169	4	225	513	364	650	6.91e-33	128
924.529	1707.659	35.172	290	182	3	220	506	342	628	1.69e-32	127
924.529	1629.662	33.824	272	163	6	223	487	372	633	2.28e-32	127
924.529	578.612	33.904	292	185	5	225	513	305	591	5.05e-30	119
924.529	380.670	32.450	302	185	3	221	513	355	646	2.98e-27	111
924.529	1137.573	26.923	442	272	11	117	515	112	545	5.40e-27	110
924.529	1223.647	33.223	301	189	8	221	515	333	627	3.02e-24	102
924.529	1023.756	31.206	282	182	4	227	497	435	715	4.42e-24	102
924.529	1676.662	31.475	305	194	7	221	517	343	640	2.54e-23	99.4
924.529	800.633	26.452	310	195	7	222	508	315	614	9.71e-17	78.6
924.529	844.628	27.241	290	194	6	222	505	310	588	4.68e-16	76.6
924.529	959.628	26.897	290	195	6	222	505	310	588	2.58e-15	74.3
924.529	1562.677	28.763	299	178	10	220	497	369	653	4.72e-13	67.0
1067.529	924.529	100.000	529	0	0	1	529	1	529	0.0	876
1067.529	1067.529	100.000	529	0	0	1	529	1	529	0.0	876
1067.529	303.595	92.593	459	33	1	1	459	1	458	0.0	676
1067.529	992.565	61.492	496	187	3	20	515	71	562	0.0	531
1067.529	626.499	45.747	435	210	5	88	515	79	494	3.24e-94	291
1067.529	1759.553	43.735	423	222	6	88	505	116	527	4.27e-94	293
1067.529	1525.539	35.535	439	260	8	89	513	102	531	1.66e-65	218
1067.529	1494.560	32.346	439	268	6	89	513	126	549	4.93e-63	211
1067.529	70.544	34.404	436	273	8	88	513	100	532	2.65e-62	209
1067.529	37.544	34.459	444	279	5	88	519	100	543	7.02e-61	205
1067.529	442.616	33.182	440	249	7	89	502	174	594	8.45e-59	201
1067.529	1272.616	33.182	440	249	7	89	502	174	594	8.45e-59	201
1067.529	474.541	32.184	435	280	6	89	513	101	530	7.64e-54	186
1067.529	164.481	33.333	420	259	6	88	505	63	463	4.84e-52	180
1067.529	1361.568	32.506	443	233	8	89	505	155	557	2.86e-49	174
1067.529	1312.568	33.255	424	255	7	89	505	155	557	2.17e-48	172
1067.529	195.500	31.542	428	259	6	88	505	86	489	4.16e-48	170
1067.529	1392.656	34.026	385	238	6	122	505	276	645	1.72e-43	159
1067.529	1179.605	37.847	288	172	5	221	505	301	584	8.35e-40	148
1067.529	1179.605	36.082	97	59	2	89	182	67	163	5.89e-09	53.9
1067.529	677.570	31.265	419	268	7	89	505	160	560	5.96e-39	145
1067.529	120.511	32.558	430	265	11	90	507	77	493	6.61e-37	139
1067.529	721.593	39.236	288	161	5	221	497	286	570	9.88e-37	139
1067.529	752.608	34.000	300	186	3	220	513	298	591	1.48e-33	130
1067.529	547.708	34.680	297	188	2	220	513	399	692	2.17e-33	130
1067.529	893.659	33.770	305	176	5	221	513	346	636	4.72e-33	129
1067.529	1451.706	36.156	307	166	6	221	513	391	681	5.99e-33	129
1067.529	258.674	36.577	298	169	4	225	513	364	650	6.91e-33	128
1067.529	334.674	36.577	298	169	4	225	513	364	650	6.91e-33	128
1067.529	1707.659	35.172	290	182	3	220	506	342	628	1.69e-32	127
1067.529	1629.662	33.824	272	163	6	223	487	372	633	2.28e-32	127
1067.529	578.612	33.904	292	185	5	225	513	305	591	5.05e-30	119
1067.529	380.670	32.450	302	185	3	221	513	355	646	2.98e-27	111
1067.529	1137.573	26.923	442	272	11	117	515	112	545	5.40e-27	110
1067.529	1223.647	33.223	301	189	8	221	515	333	627	3.02e-24	102
1067.529	1023.756	31.206	282	182	4	227	497	435	715	4.42e-24	102
1067.529	1676.662	31.475	305	194	7	221	517	343	640	2.54e-23	99.4
1067.529	800.633	26.452	310	195	7	222	508	315	614	9.71e-17	78.6
1067.529	844.628	27.241	290	194	6	222	505	310	588	4.68e-16	76.6
1067.529	959.628	26.897	290	195	6	222	505	310	588	2.58e-15	74.3
1067.529	1562.677	28.763	299	178	10	220	497	369	653	4.72e-13	67.0
1608.529	1608.529	100.000	529	0	0	1	529	1	529	0.0	1055
1608.529	1598.659	28.205	351	218	11	50	382	106	440	1.52e-23	100
1608.529	1598.659	40.816	98	47	3	426	513	545	641	1.59e-14	71.6
73.528	73.528	100.000	528	0	0	1	528	1	528	0.0	1075
73.528	1455.499	81.853	529	65	2	1	528	1	499	0.0	874
73.528	471.498	80.303	528	74	1	1	528	1	498	0.0	856
73.528	1497.497	79.773	529	74	3	1	528	1	497	0.0	848
73.528	1522.501	78.719	531	80	2	1	528	1	501	0.0	839
73.528	445.495	76.705	528	90	2	1	528	1	495	0.0	828
73.528	1275.495	76.705	528	90	2	1	528	1	495	0.0	828
73.528	1679.504	70.000	530	125	3	1	526	1	500	0.0	745
73.528	1633.490	51.367	512	215	3	13	524	9	486	0.0	516
73.528	374.523	49.360	547	218	7	6	528	12	523	3.71e-171	490
73.528	1702.510	47.948	536	220	5	13	524	7	507	7.09e-169	483
73.528	748.517	47.026	538	226	6	15	528	15	517	9.04e-162	466
73.528	40.169	98.571	140	2	0	1	140	1	140	6.97e-100	295
73.528	634.521	28.049	410	228	17	29	418	39	401	5.06e-30	119
73.528	797.554	26.186	485	261	17	53	468	76	532	1.68e-25	105
73.528	1387.542	29.043	303	183	10	29	319	47	329	2.29e-25	105
73.528	681.528	28.261	322	195	10	15	319	26	328	6.85e-25	103
73.528	1315.542	25.524	525	300	20	29	516	46	516	7.59e-25	103
73.528	1364.542	25.714	525	299	19	29	516	46	516	3.35e-24	101
73.528	847.554	26.415	424	232	15	53	449	76	446	5.68e-24	100
73.528	962.554	25.880	483	265	17	53	468	76	532	7.72e-24	100
73.528	1558.557	27.561	410	240	12	29	396	47	441	1.99e-23	99.4
73.528	192.542	25.758	528	313	20	29	525	46	525	7.19e-23	97.4
73.528	1755.528	25.815	399	235	14	27	410	41	393	9.80e-19	84.7
531.528	531.528	100.000	528	0	0	1	528	1	528	0.0	913
531.528	244.526	59.393	527	211	3	1	527	1	524	1.67e-167	481
531.528	348.526	59.393	527	211	3	1	527	1	524	1.67e-167	481
531.528	1541.523	57.009	535	208	8	1	527	1	521	2.69e-166	478
531.528	1476.518	49.248	532	236	10	1	516	1	514	8.58e-120	358
531.528	876.501	45.905	525	242	16	3	516	4	497	5.10e-98	301
531.528	399.504	42.992	528	262	13	3	520	5	503	3.07e-87	274
531.528	496.516	35.283	547	299	16	2	528	5	516	6.56e-50	175
531.528	57.514	34.323	539	311	12	3	528	6	514	3.14e-49	173
531.528	591.506	34.807	543	272	23	3	520	6	491	3.79e-45	162
531.528	1085.516	33.735	498	297	12	34	520	32	507	4.18e-45	162
531.528	827.538	33.786	515	293	13	34	527	49	536	8.02e-45	161
531.528	942.538	33.144	528	295	14	29	527	38	536	1.77e-41	152
531.528	1295.552	41.860	301	168	4	232	528	255	552	3.44e-41	151
531.528	1344.552	41.860	301	168	4	232	528	255	552	3.44e-41	151
531.528	1407.559	42.857	301	165	4	232	528	262	559	1.19e-40	150
531.528	661.535	33.455	550	315	16	1	527	9	530	1.72e-36	138
531.528	768.524	33.524	525	303	15	3	508	9	506	9.17e-35	132
531.528	1254.526	32.952	525	307	15	1	508	6	502	1.65e-34	132
531.528	976.523	30.952	546	334	13	1	528	3	523	9.18e-34	130
531.528	1035.557	32.793	555	315	16	1	524	15	542	9.56e-33	127
531.528	1772.538	34.082	490	269	21	52	516	60	520	1.03e-31	124
531.528	222.264	41.732	254	142	3	279	528	13	264	1.24e-30	115
531.528	1208.538	30.350	514	292	15	51	528	55	538	1.13e-29	118
531.528	424.310	41.176	255	136	6	232	481	15	260	4.65e-28	109
531.528	17.797	37.770	278	155	5	254	516	517	791	1.72e-25	106
531.528	1661.544	28.261	506	319	13	49	524	42	533	2.42e-25	105
531.528	1581.543	29.567	531	329	17	18	527	28	534	4.92e-24	101
531.528	608.284	35.036	274	156	8	264	523	1	266	8.08e-22	91.3
531.528	1437.556	28.032	503	275	17	62	520	78	537	8.20e-21	91.3
531.528	1167.528	38.462	273	144	8	256	516	258	518	1.53e-20	90.1
531.528	108.561	36.237	287	156	7	245	518	281	553	1.68e-19	87.0
531.528	290.535	28.821	458	279	17	47	489	61	486	3.82e-18	82.8
531.528	817.256	38.824	255	142	7	279	523	1	251	2.46e-16	74.7
531.528	709.535	34.164	281	161	8	256	524	249	517	1.51e-14	71.6
531.528	939.533	27.148	512	298	20	41	510	32	510	1.42e-13	68.6
531.528	1052.463	29.006	362	221	11	174	510	90	440	2.41e-13	67.4
531.528	152.502	29.412	289	163	9	251	520	223	489	2.84e-13	67.4
531.528	1727.537	29.934	304	187	8	231	513	221	519	2.96e-13	67.4
531.528	1613.554	33.459	266	126	10	255	490	265	509	4.10e-13	67.0
681.528	681.528	100.000	528	0	0	1	528	1	528	0.0	1036
681.528	1364.542	57.088	522	221	2	5	524	6	526	0.0	580
681.528	1315.542	56.322	522	225	2	5	524	6	526	0.0	576
681.528	1387.542	57.854	522	217	2	5	524	7	527	0.0	570
681.528	192.542	55.556	522	229	2	5	524	6	526	0.0	559
681.528	634.521	47.985	521	267	3	7	525	1	519	4.54e-157	454
681.528	797.554	45.672	543	273	6	3	527	8	546	4.03e-156	452
681.528	847.554	45.102	541	279	5	3	527	8	546	5.93e-154	447
681.528	962.554	44.917	541	280	6	3	527	8	546	4.76e-153	445
681.528	1755.528	44.867	526	285	3	8	528	3	528	7.01e-146	426
681.528	1558.557	39.744	546	297	5	9	524	11	554	6.03e-119	357
681.528	1226.174	50.000	174	85	1	351	524	1	172	8.42e-42	143
681.528	1633.490	26.233	507	323	16	24	515	9	479	5.91e-31	121
681.528	748.517	26.802	541	308	19	20	515	9	506	2.18e-29	117
681.528	374.523	27.234	470	265	13	17	429	12	461	4.99e-29	115
681.528	1522.501	26.616	526	315	20	17	514	7	489	6.36e-27	109
681.528	1679.504	26.679	521	317	19	17	512	8	488	2.59e-26	107
681.528	1497.497	26.577	523	315	17	17	514	7	485	3.85e-25	104
681.528	73.528	28.261	322	195	10	26	328	15	319	9.94e-25	103
681.528	1455.499	28.793	323	192	10	26	328	16	320	6.30e-24	100
681.528	445.495	28.713	303	185	8	45	328	26	316	1.36e-22	96.3
681.528	1275.495	28.713	303	185	8	45	328	26	316	1.36e-22	96.3
681.528	471.498	23.780	492	319	14	45	514	29	486	1.08e-21	93.6
681.528	1702.510	23.810	546	337	17	15	521	1	506	1.68e-21	93.2
681.528	683.46	71.429	28	8	0	71	98	1	28	2.52e-09	48.9
681.528	684.63	52.273	44	21	0	12	55	14	57	6.43e-09	48.1
681.528	1635.85	39.286	56	34	0	5	60	6	61	2.59e-07	44.3
681.528	40.169	30.973	113	63	4	26	128	15	122	3.97e-07	45.8
1167.528	1167.528	100.000	528	0	0	1	528	1	528	0.0	934
1167.528	709.535	52.601	519	236	4	6	522	3	513	5.40e-154	446
1167.528	108.561	39.521	501	278	14	33	522	69	555	1.88e-81	260
1167.528	1613.554	34.630	514	291	16	37	518	35	535	1.97e-56	193
1167.528	152.502	36.147	462	267	14	67	523	51	489	4.63e-55	189
1167.528	290.535	37.740	469	247	20	47	496	48	490	1.02e-54	188
1167.528	591.506	33.669	496	281	18	52	526	30	498	1.86e-51	179
1167.528	939.533	33.786	515	282	21	38	512	15	510	1.69e-47	169
1167.528	1772.538	33.714	525	277	23	38	524	35	526	5.30e-44	159
1167.528	496.516	32.634	524	300	21	30	526	15	512	1.17e-43	157
1167.528	1581.543	33.333	516	269	21	55	525	49	534	1.24e-42	155
1167.528	1727.537	30.709	508	310	14	38	522	30	518	7.93e-42	153
1167.528	1052.463	35.071	422	225	17	121	512	38	440	2.97e-41	150
1167.528	827.538	33.206	524	280	21	35	525	46	532	4.00e-40	148
1167.528	57.514	31.250	512	286	17	49	526	31	510	2.32e-39	145
1167.528	1476.518	32.460	496	265	16	64	519	50	515	6.02e-39	144
1167.528	399.504	31.774	513	281	23	40	518	22	499	4.99e-38	142
1167.528	661.535	31.073	531	303	18	34	525	24	530	1.05e-37	141
1167.528	976.523	30.409	513	306	17	39	527	35	520	1.07e-37	141
1167.528	17.797	41.549	284	142	10	253	518	514	791	2.01e-37	142
1167.528	1208.538	30.891	505	295	19	58	526	51	537	9.30e-37	139
1167.528	1437.556	30.980	510	314	16	34	518	37	533	1.20e-36	138
1167.528	942.538	31.870	524	287	21	35	525	46	532	1.30e-36	138
1167.528	817.256	39.024	246	138	3	284	519	2	245	1.62e-35	129
1167.528	608.284	37.681	276	152	7	268	527	1	272	2.99e-35	129
1167.528	244.526	36.826	334	170	11	205	518	201	513	1.09e-34	132
1167.528	348.526	36.826	334	170	11	205	518	201	513	1.09e-34	132
1167.528	876.501	30.816	490	278	19	56	519	44	498	7.53e-33	127
1167.528	1254.526	31.970	538	289	23	30	526	17	518	1.85e-32	126
1167.528	1085.516	30.321	498	283	19	53	518	38	503	3.13e-30	119
1167.528	768.524	30.077	522	308	22	32	522	22	517	3.24e-30	119
1167.528	1661.544	28.169	497	302	14	55	510	35	517	1.33e-29	117
1167.528	1541.523	36.364	297	154	12	241	518	230	510	6.22e-28	112
1167.528	531.528	35.015	337	177	11	207	518	197	516	4.36e-26	107
1167.528	1035.557	29.147	422	249	15	132	518	128	534	4.70e-25	104
1167.528	424.310	33.333	282	159	9	253	515	19	290	5.11e-22	92.4
1167.528	1295.552	33.038	339	197	11	204	522	218	546	5.52e-21	91.7
1167.528	1344.552	33.038	339	197	11	204	522	218	546	5.52e-21	91.7
1167.528	1407.559	32.174	345	201	12	204	526	225	558	8.90e-18	81.6
1167.528	222.264	34.387	253	142	9	285	522	15	258	2.64e-13	65.9
1755.528	1755.528	100.000	528	0	0	1	528	1	528	0.0	999
1755.528	634.521	47.137	524	270	4	3	525	2	519	4.68e-153	444
1755.528	797.554	45.421	535	277	5	5	527	15	546	4.85e-152	442
1755.528	962.554	45.981	535	274	5	5	527	15	546	2.47e-151	440
1755.528	847.554	45.794	535	275	5	5	527	15	546	3.16e-151	440
1755.528	681.528	44.867	526	285	3	3	528	8	528	6.16e-140	410
1755.528	1315.542	43.321	524	289	5	3	524	9	526	2.43e-131	389
1755.528	1364.542	42.939	524	291	5	3	524	9	526	6.07e-129	382
1755.528	1387.542	42.557	524	293	5	3	524	10	527	1.56e-126	376
1755.528	192.542	42.939	524	291	5	3	524	9	526	3.24e-125	373
1755.528	1558.557	40.255	549	295	7	4	524	11	554	3.20e-117	353
1755.528	748.517	27.273	429	243	15	12	399	6	406	9.00e-29	115
1755.528	1633.490	25.926	405	258	12	11	399	1	379	2.10e-28	114
1755.528	1226.174	39.655	174	103	1	351	524	1	172	4.45e-25	97.8
1755.528	374.523	23.570	437	269	11	1	398	1	411	1.76e-22	96.3
1755.528	1455.499	26.613	372	236	13	41	393	28	381	1.24e-20	90.5
1755.528	1497.497	25.469	373	239	12	41	393	26	379	1.27e-20	90.5
1755.528	1522.501	25.505	396	250	11	20	396	17	386	6.17e-20	88.2
1755.528	445.495	25.000	372	242	10	41	393	24	377	1.00e-19	87.4
1755.528	1275.495	25.000	372	242	10	41	393	24	377	1.00e-19	87.4
1755.528	471.498	26.133	375	240	11	41	396	27	383	3.55e-19	85.9
1755.528	1702.510	25.304	411	230	15	20	385	8	386	5.29e-18	82.4
1755.528	73.528	25.564	399	236	15	41	393	27	410	3.98e-17	79.7
1755.528	1679.504	25.201	373	248	11	41	397	31	388	4.03e-17	79.7
1755.528	40.169	33.036	112	65	3	41	142	27	138	2.07e-09	52.4
12.527	12.527	100.000	527	0	0	1	527	1	527	0.0	1032
244.526	244.526	100.000	526	0	0	1	526	1	526	0.0	879
244.526	348.526	100.000	526	0	0	1	526	1	526	0.0	879
244.526	531.528	59.393	527	211	3	1	524	1	527	6.47e-173	494
244.526	1541.523	55.976	502	206	4	28	524	30	521	5.08e-161	464
244.526	1476.518	51.406	498	217	8	28	513	30	514	1.38e-131	389
244.526	876.501	49.197	498	210	16	28	513	31	497	6.00e-101	309
244.526	399.504	45.709	501	230	15	29	517	33	503	2.20e-97	300
244.526	57.514	36.437	494	281	12	44	523	39	513	3.92e-62	208
244.526	496.516	38.325	394	222	8	108	495	108	486	1.50e-59	201
244.526	827.538	43.769	329	172	6	170	495	189	507	1.10e-58	199
244.526	942.538	43.478	345	182	6	170	511	189	523	1.03e-56	194
244.526	591.506	36.923	390	213	9	110	489	100	466	7.10e-55	188
244.526	1254.526	39.098	399	216	10	108	495	110	492	1.51e-54	187
244.526	1085.516	38.235	476	265	13	29	494	28	484	3.33e-54	186
244.526	768.524	39.071	366	205	9	135	495	144	496	1.70e-51	179
244.526	1295.552	45.879	364	175	8	173	524	198	551	3.51e-50	176
244.526	1344.552	45.879	364	175	8	173	524	198	551	3.51e-50	176
244.526	661.535	37.598	383	210	9	129	494	130	500	5.32e-47	167
244.526	1407.559	44.505	364	180	9	173	524	205	558	9.22e-46	164
244.526	1035.557	41.667	288	143	8	163	436	173	449	7.92e-43	156
244.526	424.310	41.353	266	144	5	217	478	3	260	3.85e-42	149
244.526	222.264	49.012	253	123	3	276	524	13	263	6.26e-40	141
244.526	1437.556	36.413	368	198	11	171	517	185	537	9.51e-40	147
244.526	1052.463	37.079	356	186	12	165	494	84	427	2.14e-35	134
244.526	290.535	36.721	433	231	16	107	518	114	524	4.15e-35	134
244.526	939.533	37.079	356	186	12	165	494	154	497	4.83e-35	134
244.526	1661.544	34.271	391	219	14	112	479	116	491	5.22e-35	134
244.526	976.523	36.747	332	184	8	166	485	166	483	9.04e-35	132
244.526	1208.538	33.418	395	225	11	114	485	123	502	1.14e-34	132
244.526	709.535	36.813	364	194	14	171	518	171	514	1.90e-33	129
244.526	108.561	33.787	441	242	14	102	524	152	560	7.20e-33	127
244.526	1613.554	35.112	356	178	14	171	492	178	514	1.58e-32	126
244.526	17.797	41.564	243	120	6	253	478	519	756	2.83e-32	127
244.526	1772.538	34.734	357	198	12	171	513	185	520	2.98e-32	125
244.526	608.284	36.559	279	156	7	261	525	1	272	4.62e-32	120
244.526	1581.543	36.565	361	203	11	154	494	150	504	3.05e-29	117
244.526	1727.537	31.311	412	233	15	104	486	105	495	7.01e-29	115
244.526	1167.528	37.658	316	156	11	201	495	205	500	1.39e-28	114
244.526	817.256	40.873	252	137	5	276	518	1	249	9.75e-26	102
244.526	152.502	31.522	368	194	13	157	494	127	466	1.86e-25	105
348.526	244.526	100.000	526	0	0	1	526	1	526	0.0	879
348.526	348.526	100.000	526	0	0	1	526	1	526	0.0	879
348.526	531.528	59.393	527	211	3	1	524	1	527	6.47e-173	494
348.526	1541.523	55.976	502	206	4	28	524	30	521	5.08e-161	464
348.526	1476.518	51.406	498	217	8	28	513	30	514	1.38e-131	389
348.526	876.501	49.197	498	210	16	28	513	31	497	6.00e-101	309
348.526	399.504	45.709	501	230	15	29	517	33	503	2.20e-97	300
348.526	57.514	36.437	494	281	12	44	523	39	513	3.92e-62	208
348.526	496.516	38.325	394	222	8	108	495	108	486	1.50e-59	201
348.526	827.538	43.769	329	172	6	170	495	189	507	1.10e-58	199
348.526	942.538	43.478	345	182	6	170	511	189	523	1.03e-56	194
348.526	591.506	36.923	390	213	9	110	489	100	466	7.10e-55	188
348.526	1254.526	39.098	399	216	10	108	495	110	492	1.51e-54	187
348.526	1085.516	38.235	476	265	13	29	494	28	484	3.33e-54	186
348.526	768.524	39.071	366	205	9	135	495	144	496	1.70e-51	179
348.526	1295.552	45.879	364	175	8	173	524	198	551	3.51e-50	176
348.526	1344.552	45.879	364	175	8	173	524	198	551	3.51e-50	176
348.526	661.535	37.598	383	210	9	129	494	130	500	5.32e-47	167
348.526	1407.559	44.505	364	180	9	173	524	205	558	9.22e-46	164
348.526	1035.557	41.667	288	143	8	163	436	173	449	7.92e-43	156
348.526	424.310	41.353	266	144	5	217	478	3	260	3.85e-42	149
348.526	222.264	49.012	253	123	3	276	524	13	263	6.26e-40	141
348.526	1437.556	36.413	368	198	11	171	517	185	537	9.51e-40	147
348.526	1052.463	37.079	356	186	12	165	494	84	427	2.14e-35	134
348.526	290.535	36.721	433	231	16	107	518	114	524	4.15e-35	134
348.526	939.533	37.079	356	186	12	165	494	154	497	4.83e-35	134
348.526	1661.544	34.271	391	219	14	112	479	116	491	5.22e-35	134
348.526	976.523	36.747	332	184	8	166	485	166	483	9.04e-35	132
348.526	1208.538	33.418	395	225	11	114	485	123	502	1.14e-34	132
348.526	709.535	36.813	364	194	14	171	518	171	514	1.90e-33	129
348.526	108.561	33.787	441	242	14	102	524	152	560	7.20e-33	127
348.526	1613.554	35.112	356	178	14	171	492	178	514	1.58e-32	126
348.526	17.797	41.564	243	120	6	253	478	519	756	2.83e-32	127
348.526	1772.538	34.734	357	198	12	171	513	185	520	2.98e-32	125
348.526	608.284	36.559	279	156	7	261	525	1	272	4.62e-32	120
348.526	1581.543	36.565	361	203	11	154	494	150	504	3.05e-29	117
348.526	1727.537	31.311	412	233	15	104	486	105	495	7.01e-29	115
348.526	1167.528	37.658	316	156	11	201	495	205	500	1.39e-28	114
348.526	817.256	40.873	252	137	5	276	518	1	249	9.75e-26	102
348.526	152.502	31.522	368	194	13	157	494	127	466	1.86e-25	105
1254.526	1254.526	100.000	526	0	0	1	526	1	526	0.0	908
1254.526	496.516	68.821	526	154	4	1	526	1	516	0.0	593
1254.526	768.524	68.472	517	157	4	1	512	1	516	0.0	571
1254.526	57.514	64.875	521	175	4	1	521	1	513	0.0	560
1254.526	424.310	88.562	306	34	1	221	526	6	310	1.16e-170	480
1254.526	591.506	48.507	536	236	13	1	526	1	506	1.40e-124	370
1254.526	661.535	43.414	539	275	9	6	526	9	535	1.03e-99	307
1254.526	423.159	78.231	147	20	2	44	184	1	141	3.43e-70	218
1254.526	1035.557	35.548	557	270	17	6	510	15	534	2.88e-56	193
1254.526	1541.523	34.426	488	285	12	8	475	3	475	4.76e-51	178
1254.526	942.538	37.767	421	231	13	19	428	43	443	7.36e-50	175
1254.526	976.523	34.059	505	269	16	5	475	2	476	8.47e-50	175
1254.526	827.538	36.538	468	266	13	19	475	43	490	1.71e-48	171
1254.526	1476.518	38.407	427	223	13	82	484	78	488	2.94e-42	154
1254.526	876.501	33.465	505	253	20	8	475	4	462	6.32e-41	150
1254.526	1208.538	30.638	470	270	14	42	477	50	497	3.42e-40	148
1254.526	17.797	43.673	245	124	6	252	483	521	764	4.98e-40	150
1254.526	244.526	38.875	391	212	10	110	484	108	487	5.03e-40	147
1254.526	348.526	38.875	391	212	10	110	484	108	487	5.03e-40	147
1254.526	608.284	42.797	236	123	5	259	483	2	236	3.24e-36	132
1254.526	817.256	48.544	206	99	4	276	474	3	208	3.79e-36	130
1254.526	531.528	32.939	507	295	15	6	484	1	490	5.23e-36	136
1254.526	939.533	31.983	469	262	17	49	484	46	490	5.06e-35	133
1254.526	399.504	33.333	447	247	14	46	475	52	464	1.85e-34	131
1254.526	1727.537	31.250	496	272	21	20	475	21	487	2.41e-34	131
1254.526	1052.463	34.184	392	216	13	120	484	44	420	2.72e-34	130
1254.526	1085.516	35.539	408	219	16	39	428	40	421	9.38e-34	129
1254.526	1295.552	31.712	514	283	18	8	475	14	505	1.29e-33	129
1254.526	1344.552	31.712	514	283	18	8	475	14	505	1.29e-33	129
1254.526	1661.544	29.750	400	245	11	102	475	101	490	4.03e-33	128
1254.526	1581.543	32.120	467	278	21	32	477	42	490	1.49e-32	126
1254.526	1772.538	38.211	246	127	6	243	474	249	483	1.35e-30	120
1254.526	108.561	38.559	236	140	4	252	484	292	525	1.69e-30	120
1254.526	1407.559	30.344	524	279	19	8	475	19	512	1.08e-29	118
1254.526	152.502	36.364	242	127	6	250	479	228	454	1.72e-28	114
1254.526	1613.554	27.869	427	262	13	30	428	43	451	4.74e-27	110
1254.526	290.535	32.128	470	274	18	22	475	38	478	1.24e-25	105
1254.526	1437.556	34.902	255	143	7	245	484	261	507	6.46e-24	100
1254.526	222.264	40.580	207	112	5	276	475	15	217	1.10e-23	96.3
1254.526	1167.528	30.078	512	245	21	17	474	30	482	6.03e-23	97.8
1254.526	709.535	34.894	235	135	6	256	482	257	481	8.76e-21	90.9
768.524	768.524	100.000	524	0	0	1	524	1	524	0.0	907
768.524	1254.526	69.583	480	143	2	38	516	35	512	0.0	570
768.524	496.516	62.235	519	189	4	5	523	2	513	0.0	525
768.524	57.514	60.618	518	195	5	5	522	2	510	1.20e-180	513
768.524	591.506	47.561	492	227	10	37	520	28	496	3.60e-127	377
768.524	424.310	68.872	257	78	1	223	479	6	260	1.92e-113	334
768.524	661.535	41.818	495	258	10	36	514	39	519	1.13e-90	283
768.524	1035.557	37.372	487	250	17	55	514	76	534	7.90e-67	221
768.524	827.538	37.225	454	261	13	69	514	88	525	5.06e-57	194
768.524	942.538	36.771	446	258	12	69	506	88	517	3.31e-56	192
768.524	976.523	33.268	508	289	13	36	522	44	522	1.22e-55	191
768.524	1541.523	33.263	472	285	10	47	506	49	502	1.18e-48	171
768.524	1476.518	38.009	442	231	14	90	506	83	506	2.25e-47	168
768.524	244.526	40.106	379	207	10	144	508	135	507	2.88e-45	162
768.524	348.526	40.106	379	207	10	144	508	135	507	2.88e-45	162
768.524	817.256	42.149	242	135	3	278	514	3	244	3.27e-41	144
768.524	531.528	34.707	461	268	11	66	506	61	508	3.22e-40	148
768.524	17.797	40.072	277	148	9	254	516	521	793	5.82e-40	150
768.524	608.284	41.085	258	136	8	261	506	2	255	4.01e-38	137
768.524	423.159	50.694	144	58	3	48	184	2	139	8.13e-38	132
768.524	152.502	37.993	279	144	7	251	517	227	488	1.90e-37	140
768.524	1295.552	36.424	302	170	8	231	518	254	547	1.24e-36	138
768.524	1344.552	36.424	302	170	8	231	518	254	547	1.24e-36	138
768.524	1085.516	32.323	495	292	15	37	514	35	503	1.40e-36	137
768.524	1052.463	38.926	298	153	9	232	506	147	438	3.39e-35	133
768.524	939.533	38.926	298	153	9	232	506	217	508	7.25e-35	133
768.524	1208.538	33.788	293	174	6	232	506	232	522	6.18e-33	127
768.524	108.561	36.913	298	160	9	237	518	271	556	7.51e-33	127
768.524	1772.538	34.602	289	163	7	243	517	247	523	7.76e-33	127
768.524	1407.559	36.013	311	173	10	226	518	252	554	1.74e-32	126
768.524	399.504	34.114	299	162	9	228	514	224	499	2.14e-32	125
768.524	1167.528	37.037	270	147	9	258	517	266	522	5.19e-32	124
768.524	1661.544	31.879	298	191	6	228	514	229	525	1.68e-31	123
768.524	1727.537	29.492	512	310	20	38	522	43	530	3.34e-31	122
768.524	876.501	33.042	457	261	15	76	514	68	497	1.33e-30	120
768.524	1581.543	35.987	314	171	13	232	522	227	533	3.55e-30	119
768.524	709.535	34.767	279	153	9	258	523	257	519	1.73e-28	114
768.524	1613.554	37.344	241	122	10	227	448	239	469	9.13e-26	106
768.524	222.264	34.524	252	149	7	277	518	14	259	5.82e-24	97.1
768.524	290.535	30.208	480	277	24	38	496	52	494	1.11e-22	97.1
768.524	1437.556	30.170	411	250	14	121	508	135	531	5.07e-22	95.1
374.523	374.523	100.000	523	0	0	1	523	1	523	0.0	1068
374.523	748.517	76.877	506	117	0	18	523	12	517	0.0	812
374.523	1702.510	67.391	506	165	0	16	521	4	509	0.0	712
374.523	1633.490	53.360	506	211	3	19	523	9	490	0.0	550
374.523	1455.499	52.031	517	219	4	12	523	7	499	0.0	515
374.523	1497.497	52.308	520	217	6	9	523	4	497	7.06e-178	506
374.523	445.495	51.257	517	221	6	12	523	5	495	9.53e-175	498
374.523	1275.495	51.257	517	221	6	12	523	5	495	9.53e-175	498
374.523	1679.504	50.096	519	228	5	9	521	7	500	5.45e-172	491
374.523	1522.501	51.076	511	219	6	19	523	16	501	2.69e-171	489
374.523	73.528	49.360	547	218	7	12	523	6	528	3.67e-171	490
374.523	471.498	50.290	517	228	5	12	523	6	498	1.94e-170	487
374.523	40.169	56.522	161	46	2	10	170	4	140	2.20e-52	171
374.523	1364.542	27.455	550	302	20	18	519	24	524	4.00e-35	134
374.523	1315.542	26.460	548	310	18	18	519	24	524	4.07e-34	131
374.523	1387.542	25.872	545	317	19	18	519	25	525	9.77e-33	127
374.523	681.528	27.389	471	263	14	12	461	17	429	3.51e-31	122
374.523	1558.557	25.321	545	329	17	20	512	27	545	1.25e-30	120
374.523	192.542	26.182	550	329	17	8	519	14	524	1.84e-30	120
374.523	797.554	25.933	509	284	16	59	518	76	540	1.77e-29	117
374.523	847.554	25.795	566	322	17	8	518	18	540	2.21e-29	117
374.523	962.554	26.224	572	312	20	8	518	18	540	3.75e-29	116
374.523	634.521	26.063	541	305	19	8	511	7	489	4.84e-29	115
374.523	1755.528	23.918	485	287	13	1	453	1	435	7.27e-26	106
976.523	976.523	100.000	523	0	0	1	523	1	523	0.0	1009
976.523	817.256	57.874	254	106	1	271	523	3	256	1.12e-87	266
976.523	496.516	35.940	537	278	19	4	511	5	504	6.94e-70	228
976.523	57.514	36.273	499	262	19	43	511	30	502	2.33e-67	221
976.523	591.506	34.151	530	285	14	5	513	6	492	5.60e-64	213
976.523	768.524	34.241	514	272	15	43	519	35	519	5.86e-63	210
976.523	827.538	37.278	507	271	16	35	518	50	532	8.20e-63	210
976.523	942.538	36.884	507	273	16	35	518	50	532	1.90e-62	209
976.523	1254.526	34.637	537	293	17	2	511	5	510	3.88e-62	208
976.523	1476.518	39.884	346	185	7	175	511	183	514	6.97e-61	204
976.523	399.504	41.026	351	162	15	175	512	182	500	8.21e-55	188
976.523	1581.543	35.130	501	273	19	55	522	53	534	2.04e-54	187
976.523	1661.544	32.394	497	290	12	59	518	45	532	4.11e-54	187
976.523	661.535	29.676	556	321	16	3	522	9	530	4.61e-51	178
976.523	1295.552	32.963	540	314	18	3	508	12	537	2.42e-50	177
976.523	1344.552	32.963	540	314	18	3	508	12	537	2.42e-50	177
976.523	424.310	45.174	259	126	9	223	476	13	260	5.96e-50	169
976.523	1085.516	34.490	490	279	12	50	517	40	509	1.33e-49	174
976.523	1727.537	32.549	510	285	17	32	504	28	515	1.37e-48	172
976.523	1541.523	38.936	357	196	10	175	522	178	521	2.72e-48	171
976.523	1407.559	32.642	530	285	15	42	523	54	559	7.03e-48	170
976.523	1167.528	30.137	511	310	15	35	520	39	527	2.12e-44	160
976.523	1035.557	30.071	562	312	20	3	518	15	541	2.40e-44	160
976.523	531.528	31.136	546	333	13	3	523	1	528	8.90e-44	158
976.523	17.797	39.636	275	152	5	249	511	519	791	2.21e-43	160
976.523	244.526	37.293	362	201	8	175	522	175	524	2.50e-43	157
976.523	348.526	37.293	362	201	8	175	522	175	524	2.50e-43	157
976.523	939.533	29.960	494	263	18	61	503	47	508	1.11e-42	155
976.523	1208.538	30.109	548	316	18	16	518	12	537	3.99e-42	154
976.523	876.501	39.481	347	172	10	175	511	179	497	4.55e-42	153
976.523	152.502	32.353	476	254	18	61	510	51	484	1.20e-40	149
976.523	1052.463	34.746	354	197	13	175	503	94	438	4.73e-40	146
976.523	108.561	33.724	341	197	9	181	510	228	550	3.07e-38	143
976.523	608.284	38.430	242	137	5	275	508	23	260	1.70e-37	135
976.523	709.535	30.103	485	290	16	50	511	51	509	2.63e-36	137
976.523	1437.556	32.359	479	276	21	58	517	90	539	2.00e-35	135
976.523	290.535	31.762	488	259	22	48	501	54	501	2.06e-35	134
976.523	1772.538	28.767	511	304	16	35	511	36	520	1.06e-34	132
976.523	1613.554	30.624	529	306	22	35	522	37	545	4.92e-33	128
976.523	222.264	41.004	239	129	4	274	508	19	249	8.79e-32	119
1541.523	1541.523	100.000	523	0	0	1	523	1	523	0.0	1013
1541.523	531.528	57.009	535	208	8	1	521	1	527	0.0	528
1541.523	244.526	56.015	532	215	6	1	521	1	524	1.37e-166	478
1541.523	348.526	56.015	532	215	6	1	521	1	524	1.37e-166	478
1541.523	1476.518	53.321	527	220	9	1	512	1	516	1.02e-161	465
1541.523	876.501	47.801	523	233	16	3	512	4	499	1.93e-123	367
1541.523	399.504	44.118	510	242	13	20	514	22	503	1.29e-114	344
1541.523	57.514	36.187	514	289	14	3	502	6	494	2.66e-70	229
1541.523	496.516	34.757	515	297	13	3	502	6	496	3.94e-65	216
1541.523	1085.516	36.106	529	294	15	3	514	6	507	7.15e-60	202
1541.523	1254.526	33.981	515	305	12	3	502	8	502	2.09e-59	201
1541.523	827.538	40.669	359	194	6	174	523	190	538	3.30e-54	187
1541.523	768.524	33.133	498	294	11	32	502	21	506	1.79e-53	185
1541.523	942.538	38.997	359	200	6	174	523	190	538	6.64e-51	178
1541.523	1295.552	40.771	363	189	9	176	521	198	551	1.77e-50	177
1541.523	1344.552	40.771	363	189	9	176	521	198	551	1.77e-50	177
1541.523	591.506	34.732	429	245	12	89	502	74	482	7.90e-48	169
1541.523	1407.559	35.880	432	245	8	116	521	133	558	1.63e-47	169
1541.523	661.535	37.067	375	197	11	153	502	151	511	6.48e-46	164
1541.523	1208.538	30.403	546	318	17	14	521	16	537	1.86e-43	157
1541.523	424.310	42.322	267	136	5	219	475	2	260	2.00e-43	152
1541.523	222.264	43.852	244	131	3	275	514	15	256	2.69e-40	142
1541.523	1035.557	40.602	266	136	7	163	416	169	424	3.72e-40	148
1541.523	976.523	33.829	538	307	19	1	514	3	515	1.72e-37	140
1541.523	1772.538	37.006	354	188	14	174	510	185	520	6.46e-36	136
1541.523	1437.556	31.683	404	243	11	124	506	138	529	9.41e-36	135
1541.523	1661.544	28.598	542	328	20	14	514	6	529	1.03e-33	130
1541.523	1613.554	29.376	497	281	19	54	507	63	532	6.20e-30	119
1541.523	17.797	33.799	358	190	11	180	506	446	787	7.29e-28	113
1541.523	709.535	31.120	482	266	19	57	510	66	509	1.11e-27	112
1541.523	108.561	34.734	357	192	12	175	511	217	552	1.28e-27	112
1541.523	1167.528	36.700	297	153	12	230	510	241	518	5.14e-27	110
1541.523	608.284	36.531	271	146	8	264	515	1	264	5.99e-27	105
1541.523	152.502	27.004	474	268	17	76	516	63	491	2.08e-24	102
1541.523	817.256	42.231	251	133	5	274	515	2	249	2.52e-24	97.8
1541.523	1581.543	27.181	493	314	15	54	521	58	530	1.60e-23	99.4
1541.523	290.535	31.967	366	212	12	175	515	171	524	3.33e-23	98.6
1541.523	939.533	28.996	538	311	23	6	502	1	508	5.47e-22	94.7
1541.523	1727.537	29.315	365	210	12	175	505	167	517	2.33e-21	92.8
1541.523	1052.463	31.956	363	199	13	174	502	90	438	2.97e-21	92.0
492.522	492.522	100.000	522	0	0	1	522	1	522	0.0	1018
492.522	429.508	26.626	492	316	15	22	484	13	488	9.96e-20	87.8
492.522	1259.508	26.626	492	316	15	22	484	13	488	9.96e-20	87.8
634.521	634.521	100.000	521	0	0	1	521	1	521	0.0	937
634.521	681.528	47.985	521	267	3	1	519	7	525	1.90e-142	416
634.521	1755.528	47.137	524	270	4	2	519	3	525	4.39e-139	408
634.521	1315.542	44.038	520	288	2	1	518	8	526	1.78e-124	371
634.521	1364.542	44.423	520	286	2	1	518	8	526	1.61e-123	369
634.521	1387.542	44.660	515	282	2	6	518	14	527	9.48e-122	364
634.521	192.542	44.038	520	288	2	1	518	8	526	3.54e-117	352
634.521	1558.557	42.596	547	280	6	3	518	11	554	1.66e-112	340
634.521	797.554	39.434	530	301	9	6	518	17	543	2.87e-105	322
634.521	962.554	39.057	530	303	8	6	518	17	543	1.37e-104	320
634.521	847.554	38.868	530	304	8	6	518	17	543	9.04e-104	318
634.521	1522.501	27.692	390	249	10	36	407	29	403	3.75e-31	122
634.521	1497.497	28.278	389	244	12	39	406	28	402	7.84e-31	120
634.521	1455.499	28.718	390	241	13	39	406	30	404	2.00e-30	119
634.521	748.517	27.700	426	242	15	13	396	8	409	2.47e-29	116
634.521	1633.490	26.062	518	308	17	19	509	10	479	1.84e-28	114
634.521	471.498	28.462	390	232	12	39	403	29	396	2.65e-28	113
634.521	73.528	27.981	411	227	17	39	401	29	418	6.46e-28	112
634.521	445.495	26.648	364	234	10	39	384	26	374	1.73e-26	108
634.521	1275.495	26.648	364	234	10	39	384	26	374	1.73e-26	108
634.521	1679.504	26.425	386	253	10	39	407	33	404	1.29e-24	102
634.521	374.523	26.835	436	249	15	7	398	8	417	4.29e-24	101
634.521	1226.174	38.857	175	104	2	344	518	1	172	1.11e-16	73.6
634.521	1702.510	23.810	420	258	13	19	396	8	407	8.57e-16	75.5
634.521	40.169	32.143	112	66	3	39	140	29	140	4.36e-11	57.4
634.521	684.63	61.364	44	17	0	6	49	14	57	1.74e-10	52.8
692.521	692.521	100.000	521	0	0	1	521	1	521	0.0	1046
98.518	98.518	100.000	518	0	0	1	518	1	518	0.0	912
1476.518	1476.518	100.000	518	0	0	1	518	1	518	0.0	960
1476.518	1541.523	52.941	527	222	8	1	516	1	512	6.80e-156	451
1476.518	876.501	55.684	519	206	9	3	518	4	501	1.85e-155	449
1476.518	399.504	51.690	503	216	11	20	517	22	502	1.17e-144	421
1476.518	244.526	51.044	527	231	8	1	514	1	513	1.41e-135	399
1476.518	348.526	51.044	527	231	8	1	514	1	513	1.41e-135	399
1476.518	531.528	48.872	532	238	9	1	514	1	516	3.37e-127	377
1476.518	1085.516	37.072	526	289	13	3	514	6	503	1.14e-69	228
1476.518	591.506	38.377	456	235	12	71	514	69	490	5.05e-67	220
1476.518	496.516	38.462	481	242	14	51	506	45	496	1.17e-66	219
1476.518	57.514	37.582	455	242	11	67	506	67	494	1.22e-61	206
1476.518	827.538	36.714	493	260	17	42	514	65	525	2.03e-56	193
1476.518	942.538	37.143	490	262	17	42	514	65	525	1.30e-54	188
1476.518	1254.526	38.427	445	234	12	78	506	82	502	6.56e-54	186
1476.518	976.523	34.086	487	259	13	54	514	61	511	7.51e-53	183
1476.518	661.535	33.049	469	278	10	58	506	59	511	1.99e-50	176
1476.518	768.524	37.783	442	232	14	83	506	90	506	5.51e-50	175
1476.518	1295.552	34.062	549	293	16	3	509	14	535	1.92e-49	174
1476.518	1344.552	34.062	549	293	16	3	509	14	535	1.92e-49	174
1476.518	1661.544	31.762	488	292	13	46	499	37	517	1.79e-46	166
1476.518	1407.559	34.205	497	267	13	53	515	78	548	5.27e-46	165
1476.518	1035.557	32.806	506	276	13	42	516	64	536	8.43e-46	164
1476.518	1437.556	32.696	523	288	20	31	514	36	533	9.98e-43	155
1476.518	1208.538	27.968	497	294	13	51	509	55	525	5.36e-42	153
1476.518	290.535	33.118	465	262	15	44	491	57	489	5.53e-38	142
1476.518	1613.554	31.053	570	301	22	2	514	1	535	4.23e-37	139
1476.518	1772.538	34.082	490	265	19	53	514	61	520	4.30e-37	139
1476.518	709.535	32.143	476	271	16	58	514	67	509	1.72e-36	137
1476.518	939.533	32.265	499	269	17	48	507	41	509	2.21e-35	134
1476.518	1167.528	33.468	496	260	16	50	515	64	519	1.24e-34	132
1476.518	817.256	44.130	247	129	4	276	516	3	246	1.29e-34	126
1476.518	424.310	40.000	270	141	6	232	491	14	272	7.60e-34	125
1476.518	222.264	43.404	235	128	4	275	507	14	245	2.74e-31	117
1476.518	1052.463	32.955	440	223	15	115	507	25	439	1.75e-30	119
1476.518	108.561	31.515	495	253	18	56	513	105	550	1.93e-30	120
1476.518	1581.543	30.303	528	298	20	24	514	29	523	2.24e-29	117
1476.518	1727.537	32.741	394	210	16	50	418	54	417	5.66e-29	115
1476.518	608.284	37.121	264	147	7	265	512	1	261	3.54e-28	109
1476.518	17.797	37.143	280	147	9	257	514	519	791	5.68e-25	104
1476.518	152.502	36.546	249	133	8	180	422	155	384	7.09e-25	103
748.517	748.517	100.000	517	0	0	1	517	1	517	0.0	1022
748.517	374.523	76.877	506	117	0	12	517	18	523	0.0	778
748.517	1702.510	67.331	502	164	0	14	515	8	509	0.0	694
748.517	1633.490	53.216	513	215	2	6	517	2	490	0.0	546
748.517	471.498	49.409	508	228	4	15	517	15	498	5.36e-160	460
748.517	1455.499	48.560	521	237	5	2	517	5	499	1.25e-159	459
748.517	1522.501	50.392	510	222	5	14	517	17	501	3.07e-158	456
748.517	1497.497	48.654	520	236	5	3	517	4	497	1.70e-157	454
748.517	445.495	48.228	508	234	4	15	517	12	495	8.78e-157	452
748.517	1275.495	48.228	508	234	4	15	517	12	495	8.78e-157	452
748.517	1679.504	47.784	519	240	5	3	515	7	500	6.96e-156	450
748.517	73.528	46.840	538	227	6	15	517	15	528	3.81e-154	446
748.517	40.169	56.667	150	41	1	15	164	15	140	6.91e-51	167
748.517	1315.542	26.998	463	273	16	6	443	18	440	7.11e-35	133
748.517	1364.542	26.739	460	272	16	9	443	21	440	6.45e-34	130
748.517	634.521	27.044	477	276	16	8	454	13	447	4.93e-32	124
748.517	1387.542	27.494	411	235	15	10	397	23	393	1.46e-31	123
748.517	192.542	26.957	460	271	16	9	443	21	440	2.15e-31	123
748.517	1755.528	26.559	497	279	16	6	468	12	456	2.66e-31	122
748.517	847.554	27.045	440	242	13	10	411	26	424	1.15e-30	120
748.517	962.554	27.273	440	241	14	10	411	26	424	2.28e-30	120
748.517	681.528	26.446	484	282	16	9	463	20	458	3.15e-30	119
748.517	797.554	26.637	443	246	13	6	410	22	423	4.22e-30	119
748.517	1558.557	25.714	490	269	15	8	443	21	469	9.97e-29	115
496.516	496.516	100.000	516	0	0	1	516	1	516	0.0	881
496.516	57.514	69.380	516	156	1	1	516	1	514	0.0	608
496.516	1254.526	68.821	526	154	4	1	516	1	526	0.0	562
496.516	768.524	64.330	485	166	4	2	479	5	489	0.0	516
496.516	591.506	52.299	522	219	9	1	514	1	500	3.37e-141	412
496.516	424.310	75.294	255	63	0	215	469	6	260	2.44e-120	352
496.516	661.535	46.076	497	232	11	5	478	10	493	1.78e-105	322
496.516	1035.557	36.782	522	247	16	5	475	16	505	2.61e-63	212
496.516	942.538	39.594	394	222	8	34	422	61	443	2.96e-56	192
496.516	1476.518	37.044	521	247	18	6	479	3	489	4.41e-56	191
496.516	976.523	35.329	501	260	20	5	469	4	476	6.28e-56	191
496.516	1541.523	35.041	488	278	13	6	469	3	475	6.00e-55	188
496.516	827.538	37.694	451	265	8	34	479	61	500	6.21e-55	189
496.516	531.528	35.756	509	272	16	5	478	2	490	1.29e-50	177
496.516	1208.538	31.643	493	279	13	13	471	29	497	3.88e-47	167
496.516	17.797	44.939	247	122	6	244	477	519	764	1.03e-45	166
496.516	244.526	38.501	387	217	8	108	479	108	488	6.94e-45	161
496.516	348.526	38.501	387	217	8	108	479	108	488	6.94e-45	161
496.516	1581.543	34.914	464	267	17	37	479	49	498	1.04e-43	158
496.516	1085.516	34.747	495	270	14	1	469	1	468	1.63e-42	154
496.516	939.533	34.681	470	246	16	47	479	46	491	3.47e-42	154
496.516	1727.537	31.643	493	270	17	18	469	21	487	9.63e-42	152
496.516	108.561	32.563	476	262	17	32	479	82	526	8.09e-40	147
496.516	1052.463	35.264	397	213	11	112	479	40	421	5.79e-39	143
496.516	1661.544	31.863	408	240	14	45	422	44	443	1.20e-38	144
496.516	1295.552	31.384	513	284	17	5	469	13	505	4.31e-38	142
496.516	1344.552	31.384	513	284	17	5	469	13	505	4.31e-38	142
496.516	1772.538	30.065	459	223	17	62	468	71	483	1.40e-36	138
496.516	608.284	43.277	238	123	5	253	479	2	238	1.91e-36	132
496.516	876.501	31.936	501	264	15	5	469	3	462	2.14e-36	137
496.516	290.535	33.902	469	263	16	20	469	38	478	1.40e-35	135
496.516	399.504	33.705	448	240	15	44	469	52	464	5.42e-35	133
496.516	817.256	45.631	206	105	4	270	468	3	208	4.71e-34	125
496.516	1407.559	31.712	514	287	18	3	469	16	512	4.71e-34	130
496.516	152.502	36.177	293	155	10	193	469	174	450	6.47e-33	127
496.516	1167.528	31.070	486	270	21	15	468	30	482	6.56e-32	124
496.516	1613.554	30.260	423	249	13	30	422	45	451	1.48e-31	123
496.516	1437.556	32.537	335	185	11	112	422	132	449	5.74e-31	122
496.516	709.535	29.979	467	271	18	33	476	48	481	5.32e-28	112
496.516	222.264	40.385	208	113	5	269	469	14	217	1.85e-24	98.6
496.516	423.159	40.411	146	71	4	42	177	1	140	2.97e-24	94.7
1085.516	1085.516	100.000	516	0	0	1	516	1	516	0.0	864
1085.516	1035.557	42.300	487	245	13	49	513	72	544	2.41e-79	254
1085.516	1476.518	36.174	528	291	13	6	503	3	514	7.48e-71	231
1085.516	244.526	37.882	491	277	12	42	514	44	524	1.02e-62	209
1085.516	348.526	37.882	491	277	12	42	514	44	524	1.02e-62	209
1085.516	57.514	35.849	530	291	17	1	506	1	505	2.67e-60	202
1085.516	591.506	36.673	529	289	16	1	514	1	498	1.24e-57	195
1085.516	1541.523	35.876	485	274	13	43	507	47	514	1.32e-57	196
1085.516	496.516	34.351	524	309	13	1	506	1	507	2.32e-57	195
1085.516	876.501	36.952	525	275	15	5	503	3	497	3.56e-57	194
1085.516	399.504	36.688	477	259	14	48	507	53	503	1.72e-53	184
1085.516	531.528	35.551	481	278	13	48	507	51	520	1.74e-53	184
1085.516	1661.544	35.497	493	288	9	48	512	44	534	3.48e-52	181
1085.516	661.535	37.029	478	262	15	52	504	57	520	9.39e-52	180
1085.516	827.538	36.605	489	269	17	44	514	71	536	1.15e-49	174
1085.516	942.538	36.196	489	271	17	44	514	71	536	9.86e-49	172
1085.516	1295.552	35.583	489	280	13	51	514	73	551	1.49e-47	169
1085.516	1344.552	35.583	489	280	13	51	514	73	551	1.49e-47	169
1085.516	1407.559	34.927	481	281	11	51	507	79	551	3.12e-46	165
1085.516	768.524	32.319	526	316	14	2	503	5	514	2.52e-44	159
1085.516	976.523	34.898	490	277	14	40	509	50	517	6.02e-44	158
1085.516	939.533	33.817	482	262	15	51	495	47	508	1.11e-42	155
1085.516	1254.526	34.623	491	281	15	40	506	39	513	1.00e-41	152
1085.516	1581.543	34.578	509	294	17	26	509	35	529	1.60e-38	143
1085.516	1052.463	32.969	458	250	15	75	495	1	438	1.88e-34	130
1085.516	1208.538	33.066	499	280	16	48	509	55	536	6.44e-33	127
1085.516	222.264	43.460	237	126	3	280	514	33	263	1.53e-32	121
1085.516	1772.538	31.818	506	289	17	40	515	51	530	1.60e-32	126
1085.516	290.535	32.770	473	276	13	23	481	46	490	2.58e-32	125
1085.516	1727.537	31.772	491	279	19	40	496	47	515	3.78e-31	122
1085.516	709.535	29.583	480	297	14	41	503	54	509	8.12e-31	121
1085.516	1167.528	29.839	496	284	19	40	503	55	518	3.32e-28	113
1085.516	817.256	39.827	231	134	4	280	507	20	248	7.64e-28	107
1085.516	608.284	40.909	264	145	6	246	501	1	261	1.29e-26	105
1085.516	108.561	28.926	484	292	15	43	502	95	550	4.84e-26	107
1085.516	1613.554	31.693	508	279	20	40	503	52	535	1.90e-24	102
1085.516	424.310	36.333	300	156	7	206	503	5	271	3.22e-23	95.9
1085.516	1437.556	30.223	493	296	18	41	515	83	545	1.93e-22	96.3
1085.516	17.797	36.531	271	159	6	236	496	517	784	2.51e-22	96.3
1085.516	152.502	27.479	484	291	19	51	513	51	495	1.84e-12	64.7
57.514	57.514	100.000	514	0	0	1	514	1	514	0.0	986
57.514	496.516	69.380	516	156	1	1	514	1	516	0.0	684
57.514	1254.526	64.875	521	175	4	1	513	1	521	0.0	600
57.514	768.524	61.776	518	189	5	2	510	5	522	0.0	557
57.514	591.506	52.308	520	220	8	1	512	1	500	3.27e-167	479
57.514	661.535	43.503	531	260	9	5	509	10	526	1.37e-121	363
57.514	424.310	72.549	255	68	1	215	467	6	260	1.81e-121	355
57.514	1035.557	35.035	568	271	19	5	513	16	544	2.18e-73	238
57.514	1541.523	37.087	515	283	16	6	494	3	502	2.48e-70	229
57.514	827.538	38.549	441	259	8	58	494	85	517	9.03e-68	223
57.514	942.538	37.868	441	262	8	58	494	85	517	1.15e-66	220
57.514	976.523	35.425	494	273	18	30	502	43	511	8.75e-63	209
57.514	1476.518	35.983	478	256	15	45	494	51	506	1.33e-58	198
57.514	939.533	35.787	489	247	19	47	494	46	508	1.90e-58	198
57.514	244.526	36.842	494	279	14	39	513	44	523	5.10e-58	197
57.514	348.526	36.842	494	279	14	39	513	44	523	5.10e-58	197
57.514	1581.543	35.569	492	284	18	34	504	46	525	1.60e-57	196
57.514	531.528	34.323	539	311	12	6	514	3	528	1.22e-55	190
57.514	1085.516	36.295	529	290	17	1	505	1	506	1.39e-55	190
57.514	1208.538	31.068	515	301	15	13	494	29	522	3.60e-55	189
57.514	17.797	43.206	287	146	7	234	506	512	795	5.42e-53	187
57.514	1052.463	36.145	415	217	14	112	494	40	438	2.65e-51	177
57.514	876.501	33.396	533	282	18	5	502	3	497	7.58e-50	174
57.514	399.504	32.383	491	268	17	44	512	52	500	7.68e-50	174
57.514	1295.552	30.983	539	304	15	5	494	13	532	1.65e-47	169
57.514	1344.552	30.983	539	304	15	5	494	13	532	1.65e-47	169
57.514	1727.537	32.164	513	296	19	31	512	41	532	1.08e-46	166
57.514	608.284	42.520	254	134	5	253	494	2	255	1.05e-45	157
57.514	1407.559	31.866	477	279	13	48	494	79	539	3.53e-44	159
57.514	817.256	43.802	242	129	5	268	502	3	244	9.49e-44	151
57.514	290.535	32.083	480	274	18	23	480	41	490	7.14e-43	155
57.514	1772.538	29.707	478	283	16	60	506	69	524	1.06e-42	155
57.514	1661.544	28.947	494	303	17	45	502	44	525	3.55e-42	154
57.514	108.561	32.662	447	263	13	69	496	118	545	1.38e-40	149
57.514	152.502	31.535	482	264	19	42	501	47	484	1.83e-39	145
57.514	1167.528	29.446	523	281	16	31	510	49	526	4.00e-38	142
57.514	1437.556	29.175	497	311	14	32	502	52	533	2.12e-36	137
57.514	1613.554	29.124	491	297	18	30	485	45	519	7.01e-35	133
57.514	222.264	38.912	239	135	5	267	498	14	248	4.68e-32	119
57.514	709.535	30.600	500	287	23	33	506	48	513	1.34e-31	123
57.514	423.159	44.755	143	63	4	42	174	1	137	1.35e-28	107
428.513	428.513	100.000	513	0	0	1	513	1	513	0.0	922
428.513	1258.513	100.000	513	0	0	1	513	1	513	0.0	922
1258.513	428.513	100.000	513	0	0	1	513	1	513	0.0	922
1258.513	1258.513	100.000	513	0	0	1	513	1	513	0.0	922
120.511	120.511	100.000	511	0	0	1	511	1	511	0.0	749
120.511	164.481	35.562	329	195	8	181	498	144	466	1.80e-39	145
120.511	721.593	36.396	283	176	2	213	491	288	570	6.43e-39	145
120.511	1179.605	35.714	308	189	4	190	490	276	581	2.55e-38	144
120.511	992.565	32.198	323	207	8	179	496	239	554	7.92e-31	121
120.511	1759.553	33.333	315	186	6	214	511	246	553	1.07e-28	115
120.511	924.529	34.138	290	181	7	211	493	221	507	3.20e-28	113
120.511	1067.529	34.138	290	181	7	211	493	221	507	3.20e-28	113
120.511	1629.662	32.423	293	178	6	217	500	376	657	2.44e-25	105
120.511	626.499	33.670	297	190	5	202	493	190	484	6.15e-25	103
120.511	303.595	32.932	249	161	4	211	454	220	467	1.86e-22	96.3
120.511	1707.659	32.313	294	177	6	209	490	341	624	1.26e-21	94.0
120.511	380.670	29.618	314	212	5	189	497	333	642	1.61e-21	93.6
120.511	547.708	28.767	292	192	7	209	491	398	682	1.03e-20	91.3
120.511	1525.539	28.704	324	208	11	193	501	218	533	1.47e-20	90.1
120.511	37.544	28.308	325	208	10	187	499	220	531	1.80e-20	90.1
120.511	1494.560	27.447	470	281	12	62	501	112	551	4.39e-20	89.0
120.511	1451.706	30.500	200	130	5	303	497	482	677	6.55e-20	88.6
120.511	1023.756	31.188	202	133	4	296	491	514	715	1.19e-19	87.8
120.511	70.544	25.513	439	259	14	98	499	123	530	1.61e-19	87.0
120.511	578.612	29.897	194	127	5	303	491	392	581	2.02e-19	87.0
120.511	195.500	27.676	383	252	7	101	477	112	475	1.15e-18	84.3
120.511	442.616	27.848	474	280	13	60	499	158	603	1.17e-18	84.7
120.511	1272.616	27.848	474	280	13	60	499	158	603	1.17e-18	84.7
120.511	893.659	28.846	208	123	8	303	497	437	632	1.32e-18	84.3
120.511	1312.568	27.202	386	248	7	102	477	181	543	2.01e-18	83.6
120.511	1361.568	27.344	384	250	6	102	477	181	543	2.66e-18	83.2
120.511	959.628	28.923	325	201	12	184	493	279	588	3.16e-18	83.2
120.511	752.608	28.620	297	196	7	209	496	297	586	6.66e-18	82.0
120.511	677.570	27.431	288	192	5	213	496	284	558	1.18e-17	81.3
120.511	258.674	29.897	194	127	5	302	490	450	639	3.51e-17	80.1
120.511	334.674	29.897	194	127	5	302	490	450	639	3.51e-17	80.1
120.511	800.633	30.216	278	169	9	213	478	316	580	4.41e-17	79.7
120.511	844.628	29.795	292	178	10	214	493	312	588	7.10e-17	79.0
120.511	474.541	29.245	212	141	7	298	501	322	532	7.07e-16	75.5
120.511	1562.677	30.729	192	112	6	313	496	475	653	8.59e-16	75.5
120.511	1676.662	29.146	199	131	6	301	493	434	628	5.36e-15	73.2
120.511	1392.656	27.273	187	128	3	294	477	450	631	2.78e-14	70.9
120.511	1137.573	28.125	192	121	8	296	477	336	520	3.22e-14	70.5
120.511	1223.647	29.224	219	132	11	302	506	424	633	3.20e-10	57.8
