1458.141	1458.141	100.000	141	0	0	1	141	1	141	3.33e-103	285
1458.141	448.141	78.723	141	30	0	1	141	1	141	3.60e-81	229
1458.141	1278.141	78.723	141	30	0	1	141	1	141	3.60e-81	229
1606.141	1606.141	100.000	141	0	0	1	141	1	141	2.23e-105	290
1747.141	1747.141	100.000	141	0	0	1	141	1	141	4.82e-104	287
1747.141	1112.140	44.444	72	36	1	17	88	67	134	3.34e-18	69.7
454.140	454.140	100.000	140	0	0	1	140	1	140	6.32e-80	226
454.140	1284.140	100.000	140	0	0	1	140	1	140	6.32e-80	226
1112.140	1112.140	100.000	140	0	0	1	140	1	140	4.81e-105	290
1112.140	1747.141	44.444	72	36	1	67	134	17	88	3.31e-18	69.7
1284.140	454.140	100.000	140	0	0	1	140	1	140	6.32e-80	226
1284.140	1284.140	100.000	140	0	0	1	140	1	140	6.32e-80	226
1640.140	1640.140	100.000	140	0	0	1	140	1	140	2.87e-101	280
1740.140	1740.140	100.000	140	0	0	1	140	1	140	2.94e-89	249
1740.140	1739.123	34.615	78	51	0	38	115	23	100	4.33e-11	50.4
1740.140	901.131	38.462	78	47	1	33	110	23	99	2.82e-09	45.8
598.139	598.139	100.000	139	0	0	1	139	1	139	5.23e-103	284
765.139	765.139	100.000	139	0	0	1	139	1	139	3.27e-102	282
765.139	881.133	37.398	123	69	4	18	137	14	131	1.95e-15	62.0
765.139	486.140	33.562	146	80	4	1	137	1	138	1.99e-15	62.4
765.139	534.136	34.906	106	64	4	32	136	32	133	2.62e-12	53.9
765.139	588.135	39.815	108	64	1	30	137	27	133	3.05e-12	53.9
703.138	703.138	100.000	138	0	0	1	138	1	138	1.16e-90	253
1105.138	1105.138	100.000	138	0	0	1	138	1	138	2.08e-99	275
1109.138	1109.138	100.000	138	0	0	1	138	1	138	5.17e-100	276
1160.138	1160.138	100.000	120	0	0	19	138	19	138	2.57e-64	186
1162.138	1162.138	100.000	138	0	0	1	138	1	138	3.33e-95	265
1441.138	1441.138	100.000	138	0	0	1	138	1	138	2.19e-81	229
1441.138	1482.136	62.500	120	45	0	9	128	7	126	1.51e-36	116
1441.138	1535.130	39.062	128	76	1	1	128	1	126	3.52e-15	61.2
1441.138	665.147	40.964	83	43	2	9	87	22	102	2.24e-14	59.7
1441.138	431.127	45.545	101	53	1	28	128	25	123	9.95e-13	55.1
1441.138	1261.127	45.545	101	53	1	28	128	25	123	9.95e-13	55.1
1688.138	1688.138	100.000	138	0	0	1	138	1	138	2.24e-91	255
319.137	319.137	100.000	137	0	0	1	137	1	137	7.38e-71	203
319.137	273.147	99.270	137	1	0	1	137	11	147	3.81e-70	201
700.137	700.137	100.000	137	0	0	1	137	1	137	3.47e-102	282
729.137	729.137	100.000	137	0	0	1	137	1	137	6.57e-101	279
788.137	788.137	100.000	137	0	0	1	137	1	137	1.33e-103	285
1389.137	1389.137	100.000	137	0	0	1	137	1	137	3.06e-100	277
1389.137	1132.106	46.602	103	52	1	35	134	1	103	4.26e-26	88.6
1693.137	1693.137	100.000	137	0	0	1	137	1	137	7.81e-102	281
1099.136	1099.136	100.000	136	0	0	1	136	1	136	1.75e-103	285
1482.136	1482.136	100.000	136	0	0	1	136	1	136	6.80e-97	268
1482.136	1441.138	60.976	123	48	0	7	129	9	131	1.14e-49	149
1482.136	431.127	48.571	105	52	1	22	126	21	123	6.18e-22	78.6
1482.136	1261.127	48.571	105	52	1	22	126	21	123	6.18e-22	78.6
1482.136	1535.130	41.803	122	67	3	6	126	8	126	5.25e-20	73.9
1482.136	665.147	40.179	112	61	2	8	115	23	132	8.38e-16	63.2
1684.136	1684.136	100.000	136	0	0	1	136	1	136	2.22e-101	280
1692.136	1692.136	100.000	136	0	0	1	136	1	136	9.10e-103	283
145.135	145.135	100.000	135	0	0	1	135	1	135	5.73e-84	236
166.135	166.135	100.000	135	0	0	1	135	1	135	8.52e-95	263
403.135	403.135	100.000	135	0	0	1	135	1	135	1.43e-101	280
588.135	588.135	100.000	135	0	0	1	135	1	135	6.51e-77	218
588.135	534.136	51.064	94	37	4	41	132	47	133	2.40e-13	56.6
588.135	486.140	32.051	78	52	1	22	99	29	105	1.64e-08	43.9
588.135	765.139	39.815	108	64	1	27	133	30	137	8.83e-08	42.0
996.135	996.135	100.000	135	0	0	1	135	1	135	2.18e-100	277
1171.135	1171.135	100.000	135	0	0	1	135	1	135	1.62e-97	270
1171.135	1486.149	29.134	127	68	6	19	133	32	148	4.61e-08	42.7
1171.135	482.150	28.689	122	72	4	19	133	36	149	8.42e-08	42.0
1171.135	24.152	25.758	132	81	6	11	133	28	151	5.86e-07	39.7
1419.135	1419.135	100.000	135	0	0	1	135	1	135	3.55e-98	271
1419.135	1329.143	73.427	143	30	2	1	135	1	143	3.18e-67	194
1718.135	1718.135	100.000	120	0	0	1	120	1	120	7.80e-83	233
1718.135	762.133	59.322	118	45	1	3	120	5	119	4.74e-42	130
1718.135	537.133	60.550	109	43	0	9	117	11	119	1.56e-41	128
1718.135	1215.148	43.103	116	66	0	5	120	11	126	9.14e-30	99.4
1718.135	1145.143	46.729	107	57	0	2	108	9	115	1.42e-29	98.6
1718.135	885.117	50.000	84	42	0	36	119	20	103	1.09e-26	90.5
1718.135	1668.143	43.103	116	66	0	5	120	12	127	2.18e-26	90.5
1718.135	586.117	48.235	85	44	0	36	120	20	104	2.67e-24	84.3
1718.135	1031.141	39.450	109	63	2	3	108	8	116	8.89e-14	57.8
1718.135	157.132	34.579	107	67	1	5	108	7	113	3.45e-12	53.5
1718.135	1486.149	29.907	107	72	1	10	113	27	133	1.26e-08	44.3
1718.135	112.146	35.135	74	39	2	47	111	66	139	4.45e-07	40.0
537.133	537.133	100.000	133	0	0	1	133	1	133	1.94e-92	257
537.133	762.133	78.195	133	29	0	1	133	1	133	5.11e-73	208
537.133	1718.135	60.550	109	43	0	11	119	9	117	1.53e-41	128
537.133	885.117	54.286	105	48	0	27	131	9	113	1.50e-37	118
537.133	586.117	52.381	105	50	0	27	131	9	113	2.62e-35	112
537.133	1145.143	43.262	141	69	4	1	132	1	139	8.17e-33	106
537.133	1215.148	38.636	132	75	2	7	132	11	142	2.82e-25	87.8
537.133	1668.143	39.394	132	70	3	7	132	12	139	2.65e-23	82.4
537.133	157.132	36.029	136	71	4	6	133	5	132	1.68e-12	54.3
537.133	1031.141	33.673	98	62	1	16	110	19	116	1.00e-11	52.4
762.133	762.133	100.000	133	0	0	1	133	1	133	3.69e-82	231
762.133	537.133	78.195	133	29	0	1	133	1	133	2.42e-65	189
762.133	1718.135	59.091	110	45	0	5	114	3	112	1.38e-40	126
762.133	885.117	55.238	105	47	0	27	131	9	113	2.10e-33	107
762.133	586.117	53.333	105	49	0	27	131	9	113	9.71e-31	100
762.133	1145.143	45.299	117	55	2	1	110	1	115	1.39e-28	95.9
762.133	1668.143	43.269	104	59	0	11	114	16	119	2.99e-24	85.1
762.133	1215.148	40.566	106	63	0	7	112	11	116	1.07e-22	81.3
762.133	1031.141	36.486	74	47	0	38	111	44	117	2.40e-11	51.6
762.133	157.132	38.144	97	44	3	23	107	23	115	1.73e-10	48.9
908.133	908.133	100.000	133	0	0	1	133	1	133	4.47e-65	188
1042.133	1042.133	100.000	133	0	0	1	133	1	133	1.13e-96	268
1131.133	1131.133	100.000	133	0	0	1	133	1	133	1.09e-97	270
1314.133	1314.133	100.000	88	0	0	46	133	46	133	1.14e-44	136
1695.133	1695.133	100.000	133	0	0	1	133	1	133	1.01e-89	250
157.132	157.132	100.000	132	0	0	1	132	1	132	4.23e-92	256
157.132	808.121	43.689	103	58	0	11	113	9	111	1.81e-26	90.1
157.132	951.121	43.750	112	61	1	11	120	9	120	1.97e-26	89.7
157.132	836.121	43.750	112	61	1	11	120	9	120	2.56e-26	89.7
157.132	1031.141	38.525	122	69	2	17	132	20	141	1.25e-20	75.5
157.132	112.146	39.850	133	72	4	3	132	19	146	7.20e-20	73.6
157.132	24.152	39.796	98	59	0	16	113	35	132	4.70e-16	63.9
157.132	1486.149	36.082	97	62	0	17	113	32	128	8.73e-16	63.2
157.132	1533.151	35.238	105	66	1	11	113	30	134	7.82e-15	60.8
157.132	62.152	37.755	98	61	0	16	113	35	132	9.24e-15	60.5
157.132	537.133	36.029	136	71	4	5	132	6	133	1.67e-12	54.3
157.132	1718.135	34.579	107	67	1	7	113	5	108	3.37e-12	53.5
157.132	482.150	33.019	106	70	1	17	121	36	141	4.83e-12	53.5
157.132	762.133	35.593	118	61	3	23	132	23	133	1.45e-11	52.0
157.132	1401.128	32.692	104	61	4	23	121	24	123	5.95e-11	50.1
157.132	668.124	32.039	103	61	4	24	121	21	119	3.43e-10	48.1
157.132	885.117	31.092	119	67	3	20	130	2	113	9.68e-10	46.6
157.132	586.117	34.118	85	53	1	20	104	2	83	1.21e-09	46.2
157.132	434.147	32.743	113	71	2	6	113	18	130	2.72e-09	45.8
157.132	1264.147	32.743	113	71	2	6	113	18	130	2.72e-09	45.8
157.132	208.127	35.577	104	58	4	23	121	23	122	1.25e-08	43.9
157.132	1215.148	37.931	58	36	0	56	113	57	114	7.61e-07	39.3
279.132	279.132	100.000	110	0	0	1	110	1	110	1.16e-60	177
453.132	453.132	100.000	132	0	0	1	132	1	132	5.67e-98	271
453.132	1283.132	100.000	132	0	0	1	132	1	132	5.67e-98	271
736.132	736.132	100.000	132	0	0	1	132	1	132	7.00e-97	268
790.132	790.132	100.000	132	0	0	1	132	1	132	1.36e-97	270
1225.132	1225.132	100.000	132	0	0	1	132	1	132	7.05e-73	207
1283.132	453.132	100.000	132	0	0	1	132	1	132	5.67e-98	271
1283.132	1283.132	100.000	132	0	0	1	132	1	132	5.67e-98	271
1463.132	1463.132	100.000	132	0	0	1	132	1	132	1.21e-81	229
1463.132	1500.132	63.636	132	48	0	1	132	1	132	1.86e-50	151
