1500.132	1500.132	100.000	132	0	0	1	132	1	132	1.59e-71	204
1500.132	1463.132	63.636	132	48	0	1	132	1	132	6.18e-40	124
901.131	901.131	100.000	131	0	0	1	131	1	131	1.35e-94	262
901.131	1740.140	38.462	78	47	1	23	99	33	110	1.77e-09	46.2
1038.131	1038.131	100.000	131	0	0	1	131	1	131	3.59e-94	261
1039.131	1039.131	100.000	131	0	0	1	131	1	131	3.55e-98	271
1051.131	1051.131	100.000	131	0	0	1	131	1	131	3.81e-80	226
1051.131	995.126	39.837	123	66	4	7	123	5	125	6.13e-10	47.0
1434.131	1434.131	100.000	131	0	0	1	131	1	131	1.71e-79	224
1434.131	771.67	56.667	60	26	0	1	60	1	60	2.32e-19	70.1
1434.131	771.67	42.593	54	28	1	75	128	16	66	6.01e-08	40.4
1434.131	501.68	50.909	55	26	1	1	55	1	54	7.82e-15	58.5
1434.131	501.68	40.351	57	31	1	75	131	15	68	4.67e-08	40.8
1434.131	13.68	48.333	60	30	1	1	60	1	59	9.73e-14	55.5
1434.131	13.68	38.596	57	32	1	75	131	15	68	3.31e-07	38.5
1434.131	1240.68	51.786	56	26	1	1	56	1	55	2.79e-13	54.3
1434.131	54.67	48.333	60	29	1	1	60	1	58	3.38e-13	54.3
1434.131	54.67	40.351	57	31	1	75	131	14	67	1.13e-07	39.7
1434.131	658.68	46.296	54	29	0	1	54	1	54	2.24e-11	49.7
1434.131	658.68	51.786	56	22	2	75	129	16	67	1.01e-09	45.1
233.130	233.130	100.000	130	0	0	1	130	1	130	5.00e-98	271
233.130	360.130	100.000	130	0	0	1	130	1	130	5.00e-98	271
360.130	233.130	100.000	130	0	0	1	130	1	130	5.00e-98	271
360.130	360.130	100.000	130	0	0	1	130	1	130	5.00e-98	271
1001.130	1001.130	100.000	130	0	0	1	130	1	130	5.92e-87	243
1129.130	1129.130	100.000	62	0	0	51	112	51	112	2.79e-43	132
999.129	999.129	100.000	129	0	0	1	129	1	129	3.12e-85	238
1521.129	1521.129	100.000	129	0	0	1	129	1	129	1.91e-75	214
1521.129	265.121	56.557	122	44	3	5	126	7	119	3.13e-26	89.0
1521.129	327.121	56.557	122	44	3	5	126	7	119	3.13e-26	89.0
1521.129	896.125	48.837	129	62	1	1	129	1	125	9.10e-24	82.8
1521.129	1499.123	50.427	117	52	2	12	128	11	121	3.95e-21	75.9
1521.129	1181.120	43.333	120	62	1	7	126	4	117	1.74e-20	74.3
1521.129	576.124	43.651	126	67	1	1	126	1	122	2.43e-18	68.9
1521.129	1462.121	44.094	127	64	2	1	127	1	120	3.44e-18	68.6
1521.129	465.126	47.368	114	52	2	17	128	14	121	1.98e-15	61.6
641.128	641.128	100.000	128	0	0	1	128	1	128	1.21e-92	257
641.128	822.125	38.793	116	65	3	4	119	9	118	9.96e-25	85.1
641.128	795.107	35.065	77	44	2	21	97	16	86	1.69e-08	42.7
909.128	909.128	100.000	128	0	0	1	128	1	128	2.07e-74	211
909.128	1080.128	100.000	128	0	0	1	128	1	128	2.07e-74	211
1080.128	909.128	100.000	128	0	0	1	128	1	128	2.07e-74	211
1080.128	1080.128	100.000	128	0	0	1	128	1	128	2.07e-74	211
1123.128	1123.128	100.000	128	0	0	1	128	1	128	4.09e-92	256
1302.128	1302.128	100.000	128	0	0	1	128	1	128	1.66e-89	249
1302.128	1351.128	100.000	128	0	0	1	128	1	128	1.66e-89	249
1302.128	1401.128	91.406	128	11	0	1	128	1	128	5.61e-83	233
1302.128	208.127	79.032	124	26	0	5	128	4	127	6.43e-61	177
1302.128	668.124	53.913	115	53	0	14	128	10	124	7.13e-42	129
1302.128	808.121	35.294	119	69	3	10	125	7	120	2.11e-13	55.8
1302.128	836.121	34.454	119	70	3	10	125	7	120	1.00e-11	51.6
1302.128	951.121	34.454	119	70	3	10	125	7	120	1.25e-11	51.2
1302.128	157.132	33.333	105	57	6	24	124	23	118	2.91e-10	48.1
1351.128	1302.128	100.000	128	0	0	1	128	1	128	1.66e-89	249
1351.128	1351.128	100.000	128	0	0	1	128	1	128	1.66e-89	249
1351.128	1401.128	91.406	128	11	0	1	128	1	128	5.61e-83	233
1351.128	208.127	79.032	124	26	0	5	128	4	127	6.43e-61	177
1351.128	668.124	53.913	115	53	0	14	128	10	124	7.13e-42	129
1351.128	808.121	35.294	119	69	3	10	125	7	120	2.11e-13	55.8
1351.128	836.121	34.454	119	70	3	10	125	7	120	1.00e-11	51.6
1351.128	951.121	34.454	119	70	3	10	125	7	120	1.25e-11	51.2
1351.128	157.132	33.333	105	57	6	24	124	23	118	2.91e-10	48.1
1401.128	1401.128	100.000	128	0	0	1	128	1	128	7.60e-90	250
1401.128	1302.128	91.406	128	11	0	1	128	1	128	5.61e-83	233
1401.128	1351.128	91.406	128	11	0	1	128	1	128	5.61e-83	233
1401.128	208.127	78.226	124	27	0	5	128	4	127	1.72e-61	178
1401.128	668.124	51.304	115	56	0	14	128	10	124	1.38e-40	125
1401.128	808.121	35.294	119	69	3	10	125	7	120	1.95e-13	56.2
1401.128	836.121	36.607	112	63	3	10	118	7	113	2.48e-12	53.1
1401.128	951.121	36.607	112	63	3	10	118	7	113	3.41e-12	52.8
1401.128	157.132	32.692	104	61	4	24	123	23	121	4.80e-11	50.1
1401.128	1031.141	35.616	73	43	3	53	122	51	122	6.41e-07	39.3
124.127	124.127	100.000	127	0	0	1	127	1	127	1.17e-76	216
208.127	208.127	100.000	127	0	0	1	127	1	127	4.78e-76	215
208.127	1401.128	78.226	124	27	0	4	127	5	128	1.94e-58	171
208.127	1302.128	79.032	124	26	0	4	127	5	128	6.21e-58	169
208.127	1351.128	79.032	124	26	0	4	127	5	128	6.21e-58	169
208.127	668.124	53.043	115	54	0	13	127	10	124	1.15e-36	115
208.127	808.121	33.613	119	71	3	9	124	7	120	9.55e-10	46.2
208.127	836.121	34.821	112	65	3	9	117	7	113	1.20e-07	40.8
208.127	951.121	34.821	112	65	3	9	117	7	113	1.58e-07	40.4
431.127	431.127	100.000	127	0	0	1	127	1	127	1.08e-89	249
431.127	1261.127	100.000	127	0	0	1	127	1	127	1.08e-89	249
431.127	1535.130	62.500	112	40	2	17	127	20	130	7.61e-42	129
431.127	1441.138	44.660	103	55	1	25	125	28	130	2.64e-22	79.3
431.127	1482.136	48.571	105	52	1	21	123	22	126	4.80e-22	78.6
1195.127	1195.127	100.000	127	0	0	1	127	1	127	1.21e-92	257
1261.127	431.127	100.000	127	0	0	1	127	1	127	1.08e-89	249
1261.127	1261.127	100.000	127	0	0	1	127	1	127	1.08e-89	249
1261.127	1535.130	62.500	112	40	2	17	127	20	130	7.61e-42	129
1261.127	1441.138	44.660	103	55	1	25	125	28	130	2.64e-22	79.3
1261.127	1482.136	48.571	105	52	1	21	123	22	126	4.80e-22	78.6
465.126	465.126	100.000	126	0	0	1	126	1	126	2.04e-76	216
465.126	1499.123	67.769	121	39	0	1	121	1	121	1.73e-44	135
465.126	1462.121	64.348	115	40	1	7	120	6	120	8.71e-37	115
465.126	896.125	56.757	111	47	1	12	121	14	124	5.42e-30	98.6
465.126	576.124	53.043	115	52	2	5	118	8	121	3.36e-28	94.0
465.126	265.121	54.783	115	51	1	5	119	6	119	1.18e-24	84.7
465.126	327.121	54.783	115	51	1	5	119	6	119	1.18e-24	84.7
465.126	1521.129	47.788	113	51	2	15	121	18	128	1.50e-16	64.3
465.126	1181.120	36.134	119	74	1	1	119	1	117	1.61e-09	45.8
995.126	995.126	100.000	126	0	0	1	126	1	126	1.04e-89	249
995.126	1051.131	40.157	127	70	4	1	125	1	123	2.36e-19	71.6
995.126	576.124	29.032	124	75	4	1	123	7	118	2.94e-07	39.7
1044.126	1044.126	100.000	126	0	0	1	126	1	126	1.36e-94	262
1044.126	1691.123	76.923	117	26	1	11	126	7	123	3.06e-64	185
1095.126	1095.126	100.000	126	0	0	1	126	1	126	1.03e-87	244
1095.126	46.108	56.075	107	47	0	9	115	1	107	2.28e-39	121
1095.126	869.122	51.402	107	52	0	9	115	15	121	1.23e-35	112
1095.126	853.115	39.604	101	61	0	5	105	14	114	2.95e-18	68.2
1319.126	1319.126	100.000	126	0	0	1	126	1	126	2.29e-89	248
1319.126	1368.126	99.206	126	1	0	1	126	1	126	1.05e-88	247
1319.126	184.124	67.480	123	40	0	1	123	1	123	1.98e-57	168
1368.126	1368.126	100.000	126	0	0	1	126	1	126	1.76e-89	249
1368.126	1319.126	99.206	126	1	0	1	126	1	126	1.05e-88	247
1368.126	184.124	68.293	123	39	0	1	123	1	123	3.51e-58	170
1505.126	1505.126	100.000	126	0	0	1	126	1	126	5.13e-75	212
1513.126	1513.126	100.000	126	0	0	1	126	1	126	7.33e-93	257
1570.126	1570.126	100.000	115	0	0	1	115	1	115	9.41e-61	176
276.125	276.125	100.000	125	0	0	1	125	1	125	5.55e-91	253
786.125	786.125	100.000	125	0	0	1	125	1	125	8.93e-90	249
786.125	859.125	80.000	125	25	0	1	125	1	125	1.41e-73	209
793.125	793.125	100.000	125	0	0	1	125	1	125	1.36e-89	249
793.125	850.125	86.992	123	16	0	1	123	1	123	1.50e-79	224
822.125	822.125	100.000	114	0	0	12	125	12	125	1.50e-82	231
822.125	641.128	39.823	113	62	3	12	118	7	119	3.46e-24	84.0
822.125	795.107	37.500	64	39	1	26	88	16	79	3.44e-09	44.7
850.125	850.125	100.000	125	0	0	1	125	1	125	5.57e-90	250
850.125	793.125	86.992	123	16	0	1	123	1	123	1.50e-79	224
859.125	859.125	100.000	125	0	0	1	125	1	125	4.14e-90	250
859.125	786.125	80.000	125	25	0	1	125	1	125	1.41e-73	209
896.125	896.125	100.000	125	0	0	1	125	1	125	5.85e-88	245
896.125	576.124	60.000	120	48	0	1	120	1	120	1.46e-47	143
896.125	265.121	60.000	110	44	0	13	122	10	119	5.69e-42	129
896.125	327.121	60.000	110	44	0	13	122	10	119	5.69e-42	129
896.125	465.126	56.522	115	47	2	10	124	10	121	5.18e-40	124
896.125	1499.123	57.407	108	45	1	17	124	15	121	4.38e-36	114
896.125	1462.121	48.387	124	59	2	1	123	1	120	4.77e-34	108
896.125	1521.129	48.837	129	62	1	1	125	1	129	7.79e-34	108
896.125	1181.120	45.783	83	45	0	36	118	31	113	1.16e-17	67.0
1014.125	1014.125	100.000	125	0	0	1	125	1	125	5.48e-88	245
1304.125	1304.125	100.000	125	0	0	1	125	1	125	1.10e-90	252
1719.125	1719.125	100.000	109	0	0	1	109	1	109	7.20e-67	192
1719.125	763.68	53.191	47	18	1	18	60	18	64	1.48e-12	52.4
1719.125	1146.61	51.163	43	21	0	18	60	16	58	1.93e-12	52.0
1719.125	1667.63	56.250	32	14	0	18	49	18	49	1.05e-08	42.4
1719.125	389.64	54.545	33	15	0	19	51	19	51	9.08e-08	39.7
1719.125	1214.60	48.649	37	19	0	19	55	17	53	3.06e-07	38.5
1719.125	248.64	66.667	27	9	0	19	45	19	45	3.94e-07	38.1
1719.125	344.64	66.667	27	9	0	19	45	19	45	3.94e-07	38.1
184.124	184.124	100.000	124	0	0	1	124	1	124	8.38e-90	249
184.124	1368.126	68.293	123	39	0	1	123	1	123	3.45e-58	170
184.124	1319.126	67.480	123	40	0	1	123	1	123	1.95e-57	168
576.124	576.124	100.000	124	0	0	1	124	1	124	1.36e-89	249
576.124	896.125	60.000	120	48	0	1	120	1	120	1.45e-47	143
576.124	265.121	52.459	122	55	1	1	122	1	119	1.57e-37	117
576.124	327.121	52.459	122	55	1	1	122	1	119	1.57e-37	117
576.124	465.126	52.586	116	53	2	8	122	5	119	9.06e-36	113
576.124	1462.121	45.082	122	64	1	1	122	1	119	1.85e-30	99.8
576.124	1499.123	50.893	112	54	1	12	122	8	119	3.08e-30	99.0
576.124	1521.129	43.651	126	67	1	1	122	1	126	1.28e-27	92.4
576.124	1181.120	42.045	88	51	0	36	123	31	118	5.66e-17	65.1
576.124	995.126	29.032	124	75	4	7	118	1	123	2.89e-07	39.7
668.124	668.124	100.000	124	0	0	1	124	1	124	1.45e-75	213
668.124	208.127	53.043	115	54	0	10	124	13	127	1.37e-34	110
668.124	1302.128	53.913	115	53	0	10	124	14	128	6.69e-34	108
668.124	1351.128	53.913	115	53	0	10	124	14	128	6.69e-34	108
668.124	1401.128	51.304	115	56	0	10	124	14	128	7.52e-33	105
668.124	808.121	34.783	115	67	3	3	114	4	113	3.47e-08	42.4
668.124	951.121	34.783	115	67	3	3	114	4	113	6.54e-08	41.6
668.124	836.121	33.913	115	68	3	3	114	4	113	1.61e-07	40.4
607.123	607.123	100.000	123	0	0	1	123	1	123	1.31e-90	251
636.123	636.123	100.000	123	0	0	1	123	1	123	1.57e-92	256
791.123	791.123	100.000	123	0	0	1	123	1	123	1.16e-91	254
791.123	855.123	84.553	123	19	0	1	123	1	123	3.05e-70	200
852.123	852.123	100.000	123	0	0	1	123	1	123	7.78e-90	249
