1531.80	1531.80	100.000	80	0	0	1	80	1	80	3.88e-33	102
1531.80	1488.79	67.500	80	25	1	1	80	1	79	5.08e-21	71.2
1531.80	436.80	67.391	46	15	0	35	80	35	80	3.81e-20	69.3
1531.80	1266.80	67.391	46	15	0	35	80	35	80	3.81e-20	69.3
1531.80	26.79	76.087	46	10	1	35	80	35	79	5.91e-19	66.2
1531.80	64.79	76.087	46	10	1	35	80	35	79	1.40e-18	65.1
1531.80	480.77	59.574	47	15	1	34	80	35	77	3.99e-16	58.9
1610.80	1610.80	100.000	80	0	0	1	80	1	80	6.99e-56	159
26.79	26.79	100.000	79	0	0	1	79	1	79	3.31e-27	87.0
26.79	64.79	98.734	79	1	0	1	79	1	79	2.09e-25	82.4
26.79	1488.79	70.886	79	23	0	1	79	1	79	5.42e-20	68.6
26.79	436.80	61.250	80	30	1	1	79	1	80	8.78e-17	60.5
26.79	1266.80	61.250	80	30	1	1	79	1	80	8.78e-17	60.5
26.79	1531.80	78.571	42	8	1	39	79	39	80	9.17e-17	60.5
26.79	480.77	56.098	41	15	1	39	79	40	77	6.47e-11	45.4
43.79	43.79	100.000	79	0	0	1	79	1	79	5.64e-56	159
64.79	64.79	100.000	79	0	0	1	79	1	79	3.95e-27	86.7
64.79	26.79	98.734	79	1	0	1	79	1	79	7.13e-26	83.6
64.79	1488.79	70.886	79	23	0	1	79	1	79	4.97e-20	68.9
64.79	436.80	61.250	80	30	1	1	79	1	80	1.33e-16	60.1
64.79	1266.80	61.250	80	30	1	1	79	1	80	1.33e-16	60.1
64.79	1531.80	78.571	42	8	1	39	79	39	80	2.17e-16	59.7
64.79	480.77	56.098	41	15	1	39	79	40	77	2.65e-10	43.9
77.79	77.79	100.000	79	0	0	1	79	1	79	3.38e-55	157
147.79	147.79	100.000	79	0	0	1	79	1	79	6.88e-53	151
202.79	202.79	100.000	67	0	0	1	67	1	67	1.18e-45	133
202.79	1398.81	85.075	67	10	0	1	67	1	67	6.98e-42	124
202.79	1306.81	88.060	67	8	0	1	67	1	67	1.68e-41	123
202.79	1355.81	88.060	67	8	0	1	67	1	67	1.83e-41	122
202.79	671.80	53.968	63	29	0	4	66	3	65	5.68e-22	73.6
202.79	1714.77	42.623	61	34	1	6	65	5	65	3.96e-10	43.5
202.79	1143.73	33.333	66	44	0	1	66	1	66	2.27e-09	41.6
202.79	758.75	43.750	48	23	1	19	66	19	62	3.00e-08	38.5
202.79	1670.74	37.931	58	34	2	1	57	1	57	3.59e-07	35.8
632.79	632.79	100.000	79	0	0	1	79	1	79	2.57e-55	157
824.79	824.79	100.000	79	0	0	1	79	1	79	1.29e-56	161
824.79	873.65	51.515	33	16	0	10	42	21	53	3.02e-09	41.2
824.79	239.66	51.515	33	16	0	10	42	21	53	7.42e-09	40.0
824.79	353.66	51.515	33	16	0	10	42	21	53	7.42e-09	40.0
968.79	968.79	100.000	79	0	0	1	79	1	79	1.57e-55	158
1102.79	1102.79	100.000	79	0	0	1	79	1	79	2.17e-56	160
1102.79	604.77	40.541	74	41	1	3	76	5	75	3.26e-14	53.9
1308.79	1308.79	100.000	79	0	0	1	79	1	79	3.06e-45	132
1308.79	1357.79	100.000	79	0	0	1	79	1	79	3.06e-45	132
1308.79	200.78	96.104	77	3	0	1	77	1	77	6.06e-42	124
1308.79	1396.78	90.909	77	7	0	1	77	1	77	8.45e-41	121
1308.79	673.81	55.714	70	31	0	1	70	1	70	1.62e-16	60.1
1308.79	1529.72	42.647	68	37	2	2	67	3	70	3.59e-10	43.5
1308.79	66.72	43.333	60	33	1	9	67	11	70	2.29e-09	41.6
1308.79	33.72	43.333	60	33	1	9	67	11	70	2.37e-09	41.6
1308.79	478.72	44.068	59	32	1	10	67	12	70	3.43e-09	41.2
1308.79	1490.72	40.000	60	35	1	9	67	11	70	1.44e-07	37.0
1308.79	438.72	45.614	57	30	1	9	64	11	67	4.47e-07	35.4
1308.79	1268.72	45.614	57	30	1	9	64	11	67	4.47e-07	35.4
1357.79	1308.79	100.000	79	0	0	1	79	1	79	3.06e-45	132
1357.79	1357.79	100.000	79	0	0	1	79	1	79	3.06e-45	132
1357.79	200.78	96.104	77	3	0	1	77	1	77	6.06e-42	124
1357.79	1396.78	90.909	77	7	0	1	77	1	77	8.45e-41	121
1357.79	673.81	55.714	70	31	0	1	70	1	70	1.62e-16	60.1
1357.79	1529.72	42.647	68	37	2	2	67	3	70	3.59e-10	43.5
1357.79	66.72	43.333	60	33	1	9	67	11	70	2.29e-09	41.6
1357.79	33.72	43.333	60	33	1	9	67	11	70	2.37e-09	41.6
1357.79	478.72	44.068	59	32	1	10	67	12	70	3.43e-09	41.2
1357.79	1490.72	40.000	60	35	1	9	67	11	70	1.44e-07	37.0
1357.79	438.72	45.614	57	30	1	9	64	11	67	4.47e-07	35.4
1357.79	1268.72	45.614	57	30	1	9	64	11	67	4.47e-07	35.4
1369.79	1369.79	100.000	79	0	0	1	79	1	79	6.14e-57	162
1488.79	1488.79	100.000	79	0	0	1	79	1	79	3.83e-54	154
1488.79	436.80	73.750	80	20	1	1	79	1	80	3.20e-39	117
1488.79	1266.80	73.750	80	20	1	1	79	1	80	3.20e-39	117
1488.79	26.79	70.886	79	23	0	1	79	1	79	1.08e-38	115
1488.79	64.79	70.886	79	23	0	1	79	1	79	1.40e-38	115
1488.79	1531.80	67.500	80	25	1	1	79	1	80	1.03e-36	110
1488.79	480.77	55.128	78	32	1	2	79	3	77	5.07e-25	81.3
1488.79	715.77	46.154	52	27	1	24	75	26	76	5.68e-11	45.8
1488.79	1623.84	38.806	67	39	2	12	77	12	77	6.01e-10	43.1
1488.79	618.84	44.643	56	30	1	4	58	5	60	1.04e-09	42.7
1506.79	1506.79	100.000	79	0	0	1	79	1	79	3.52e-56	160
1506.79	905.60	67.925	53	17	0	22	74	4	56	1.15e-21	72.4
200.78	200.78	100.000	78	0	0	1	78	1	78	1.23e-44	130
200.78	1308.79	96.104	77	3	0	1	77	1	77	5.98e-42	124
200.78	1357.79	96.104	77	3	0	1	77	1	77	5.98e-42	124
200.78	1396.78	92.308	78	6	0	1	78	1	78	1.30e-40	120
200.78	673.81	55.714	70	31	0	1	70	1	70	2.67e-16	59.3
200.78	1529.72	44.118	68	36	2	2	67	3	70	2.13e-10	43.9
200.78	66.72	45.000	60	32	1	9	67	11	70	1.15e-09	42.4
200.78	33.72	45.000	60	32	1	9	67	11	70	1.18e-09	42.4
200.78	478.72	45.763	59	31	1	10	67	12	70	2.32e-09	41.6
200.78	1490.72	41.176	68	38	2	2	67	3	70	9.38e-08	37.4
200.78	438.72	43.860	57	31	1	9	64	11	67	1.63e-07	36.6
200.78	1268.72	43.860	57	31	1	9	64	11	67	1.63e-07	36.6
210.78	210.78	100.000	78	0	0	1	78	1	78	1.16e-43	128
210.78	1403.77	65.278	72	23	1	8	77	4	75	1.78e-19	67.4
460.78	460.78	100.000	78	0	0	1	78	1	78	1.58e-41	123
1396.78	1396.78	100.000	78	0	0	1	78	1	78	6.23e-45	131
1396.78	1308.79	90.909	77	7	0	1	77	1	77	8.34e-41	121
1396.78	1357.79	90.909	77	7	0	1	77	1	77	8.34e-41	121
1396.78	200.78	92.308	78	6	0	1	78	1	78	1.30e-40	120
1396.78	673.81	58.824	68	28	0	1	68	1	68	1.15e-16	60.1
1396.78	1529.72	42.647	68	37	2	2	67	3	70	1.42e-10	44.7
1396.78	478.72	45.763	59	31	1	10	67	12	70	5.78e-10	43.1
1396.78	66.72	41.667	60	34	1	9	67	11	70	5.28e-09	40.4
1396.78	33.72	41.667	60	34	1	9	67	11	70	5.88e-09	40.4
1396.78	1490.72	40.000	60	35	1	9	67	11	70	6.93e-08	37.7
1396.78	438.72	43.860	57	31	1	9	64	11	67	6.97e-07	35.0
1396.78	1268.72	43.860	57	31	1	9	64	11	67	6.97e-07	35.0
0.77	0.77	100.000	77	0	0	1	77	1	77	5.17e-39	116
220.77	220.77	100.000	77	0	0	1	77	1	77	5.81e-36	108
480.77	480.77	100.000	77	0	0	1	77	1	77	1.18e-38	115
480.77	1488.79	55.128	78	32	1	3	77	2	79	9.24e-18	62.8
480.77	1531.80	55.263	76	30	1	6	77	5	80	1.55e-16	59.7
480.77	26.79	55.128	78	32	1	3	77	2	79	5.99e-16	58.5
480.77	64.79	55.128	78	32	1	3	77	2	79	4.22e-15	56.2
480.77	436.80	48.101	79	37	2	3	77	2	80	2.56e-14	54.3
480.77	1266.80	48.101	79	37	2	3	77	2	80	2.56e-14	54.3
604.77	604.77	100.000	77	0	0	1	77	1	77	1.31e-54	155
604.77	1102.79	40.541	74	41	1	5	75	3	76	3.17e-14	53.9
604.77	1415.71	44.186	43	23	1	34	75	26	68	5.18e-08	37.7
715.77	715.77	100.000	63	0	0	1	63	1	63	4.42e-35	106
715.77	1173.73	55.172	58	26	0	3	60	2	59	2.30e-12	48.9
715.77	1488.79	50.000	38	19	0	26	63	24	61	1.22e-08	39.7
715.77	1029.73	45.161	62	34	0	1	62	1	62	6.88e-07	35.0
741.77	741.77	100.000	77	0	0	1	77	1	77	1.31e-53	153
1049.77	1049.77	100.000	77	0	0	1	77	1	77	3.89e-53	152
1121.77	1121.77	100.000	77	0	0	1	77	1	77	9.13e-40	118
1353.77	1353.77	100.000	77	0	0	1	77	1	77	7.27e-53	151
1403.77	1403.77	100.000	77	0	0	1	77	1	77	3.64e-21	71.6
1403.77	210.78	82.051	39	5	1	4	42	8	44	3.26e-09	41.2
1572.77	1572.77	100.000	77	0	0	1	77	1	77	1.25e-51	148
1714.77	1714.77	100.000	77	0	0	1	77	1	77	2.70e-36	109
185.76	185.76	100.000	76	0	0	1	76	1	76	7.36e-54	154
185.76	1318.76	66.216	74	25	0	1	74	1	74	5.74e-35	106
185.76	1367.76	66.216	74	25	0	1	74	1	74	5.74e-35	106
185.76	1377.76	59.211	76	31	0	1	76	1	76	2.35e-31	97.1
185.76	1638.76	59.459	74	30	0	1	74	1	74	8.95e-31	95.9
1093.76	1093.76	100.000	76	0	0	1	76	1	76	3.41e-51	147
1093.76	568.71	48.387	62	32	0	11	72	9	70	5.03e-15	55.8
1318.76	1318.76	100.000	76	0	0	1	76	1	76	3.65e-54	154
1318.76	1367.76	100.000	76	0	0	1	76	1	76	3.65e-54	154
1318.76	1377.76	65.789	76	26	0	1	76	1	76	2.97e-35	107
1318.76	185.76	66.216	74	25	0	1	74	1	74	5.74e-35	106
1318.76	1638.76	55.263	76	34	0	1	76	1	76	6.45e-30	93.6
1367.76	1318.76	100.000	76	0	0	1	76	1	76	3.65e-54	154
1367.76	1367.76	100.000	76	0	0	1	76	1	76	3.65e-54	154
1367.76	1377.76	65.789	76	26	0	1	76	1	76	2.97e-35	107
1367.76	185.76	66.216	74	25	0	1	74	1	74	5.74e-35	106
1367.76	1638.76	55.263	76	34	0	1	76	1	76	6.45e-30	93.6
1377.76	1377.76	100.000	76	0	0	1	76	1	76	2.80e-54	155
1377.76	1318.76	65.789	76	26	0	1	76	1	76	2.97e-35	107
1377.76	1367.76	65.789	76	26	0	1	76	1	76	2.97e-35	107
1377.76	185.76	59.211	76	31	0	1	76	1	76	2.35e-31	97.1
1377.76	1638.76	53.947	76	35	0	1	76	1	76	1.47e-28	90.1
1638.76	1638.76	100.000	76	0	0	1	76	1	76	2.96e-54	155
1638.76	185.76	59.459	74	30	0	1	74	1	74	8.95e-31	95.9
1638.76	1318.76	55.263	76	34	0	1	76	1	76	6.45e-30	93.6
1638.76	1367.76	55.263	76	34	0	1	76	1	76	6.45e-30	93.6
1638.76	1377.76	53.947	76	35	0	1	76	1	76	1.47e-28	90.1
541.75	541.75	100.000	75	0	0	1	75	1	75	9.97e-51	145
541.75	758.75	58.667	75	31	0	1	75	1	75	5.70e-30	93.6
541.75	1143.73	37.681	69	42	1	4	72	5	72	8.93e-12	47.4
541.75	1714.77	36.066	61	32	1	16	69	15	75	2.07e-10	44.3
541.75	1670.74	35.714	70	44	1	3	72	4	72	2.19e-10	43.9
541.75	671.80	27.397	73	48	2	1	69	1	72	1.25e-07	37.0
541.75	202.79	31.646	79	50	1	1	75	1	79	3.40e-07	35.8
564.75	564.75	100.000	75	0	0	1	75	1	75	4.45e-52	149
730.75	730.75	100.000	75	0	0	1	75	1	75	4.06e-53	152
758.75	758.75	100.000	75	0	0	1	75	1	75	2.01e-50	145
758.75	541.75	58.667	75	31	0	1	75	1	75	5.70e-30	93.6
758.75	1714.77	38.095	63	36	1	16	75	15	77	9.15e-12	47.8
758.75	202.79	37.705	61	34	1	19	75	19	79	2.08e-09	41.6
758.75	671.80	30.380	79	47	2	1	72	1	78	2.37e-09	41.6
758.75	1143.73	37.736	53	32	1	19	70	19	71	2.71e-09	41.2
758.75	1306.81	34.722	72	39	2	11	74	7	78	2.87e-09	41.2
758.75	1355.81	34.722	72	39	2	11	74	7	78	3.73e-09	40.8
758.75	1670.74	30.303	66	45	1	4	69	5	69	1.75e-08	39.3
758.75	1398.81	34.615	52	30	1	19	66	19	70	5.25e-08	38.1
1335.75	1335.75	100.000	75	0	0	1	75	1	75	7.65e-54	154
1335.75	965.82	48.485	66	34	0	2	67	12	77	7.40e-21	70.9
1335.75	1334.74	48.214	56	29	0	3	58	6	61	5.56e-15	55.8
1335.75	966.83	39.286	56	34	0	3	58	15	70	1.68e-12	49.7
1335.75	1415.71	28.814	59	42	0	3	61	12	70	5.38e-09	40.4
1642.75	1642.75	100.000	75	0	0	1	75	1	75	3.58e-52	149
1750.75	1750.75	100.000	75	0	0	1	75	1	75	9.33e-54	153
93.74	93.74	100.000	74	0	0	1	74	1	74	8.02e-52	148
321.74	321.74	100.000	74	0	0	1	74	1	74	3.06e-51	147
321.74	271.65	100.000	65	0	0	10	74	1	65	4.43e-44	129
739.74	739.74	100.000	74	0	0	1	74	1	74	7.99e-37	110
1334.74	1334.74	100.000	74	0	0	1	74	1	74	5.79e-54	154
1334.74	965.82	49.180	61	31	0	2	62	9	69	5.03e-18	63.5
1334.74	1335.75	48.214	56	29	0	6	61	3	58	5.49e-15	55.8
1334.74	966.83	36.923	65	41	0	2	66	11	75	1.97e-14	54.3
