1539.355	1539.355	100.000	355	0	0	1	355	1	355	0.0	642
1539.355	1478.351	70.255	353	101	1	1	353	1	349	3.09e-170	473
1539.355	397.400	42.643	333	178	8	29	353	39	366	1.64e-72	226
1539.355	878.396	41.692	331	170	8	33	353	45	362	1.66e-69	218
1539.355	58.258	30.493	223	131	5	151	355	42	258	1.89e-24	95.9
1539.355	662.288	29.536	237	145	6	132	350	47	279	1.09e-23	94.4
1539.355	1255.262	32.105	190	114	3	151	325	46	235	3.32e-23	92.8
1539.355	767.260	32.418	182	108	4	155	321	48	229	4.77e-23	92.0
1539.355	495.263	30.962	239	142	8	134	353	24	258	4.36e-21	86.7
1539.355	425.206	32.558	172	101	3	169	325	8	179	2.24e-20	83.6
1539.355	938.235	30.244	205	129	7	141	342	31	224	3.66e-20	83.6
1539.355	1053.235	30.244	205	129	7	141	342	31	224	3.66e-20	83.6
1539.355	109.273	29.694	229	143	8	132	351	48	267	1.69e-18	79.7
1539.355	1662.275	29.358	218	120	8	132	330	32	234	1.91e-18	79.3
1539.355	1034.292	30.256	195	118	6	139	316	52	245	5.40e-18	78.6
1539.355	609.255	29.208	202	113	8	142	327	35	222	2.01e-17	76.3
1539.355	1438.266	31.795	195	114	7	141	323	45	232	9.84e-17	74.3
1539.355	590.256	30.198	202	110	6	155	325	47	248	1.41e-16	73.9
1539.355	1580.268	33.571	140	78	4	143	281	34	159	8.53e-16	71.6
1539.355	291.253	26.818	220	148	5	138	350	33	246	2.90e-15	70.1
1539.355	1209.274	27.363	201	115	6	139	321	39	226	1.18e-14	68.6
1539.355	532.273	31.073	177	103	7	155	315	58	231	1.77e-14	67.8
1539.355	16.264	29.319	191	114	5	151	324	51	237	2.81e-14	67.4
1539.355	977.265	31.884	138	80	4	141	274	33	160	1.67e-13	65.1
1539.355	221.271	26.316	209	136	8	155	351	68	270	1.65e-12	62.0
1539.355	1296.265	26.442	208	137	7	155	351	62	264	1.89e-12	62.0
1539.355	1345.265	26.442	208	137	7	155	351	62	264	1.89e-12	62.0
1539.355	245.271	29.204	226	134	10	141	342	38	261	1.20e-11	59.7
1539.355	347.271	29.204	226	134	10	141	342	38	261	1.20e-11	59.7
1539.355	1477.269	33.125	160	89	8	155	300	57	212	1.46e-11	59.3
1539.355	1540.273	29.747	158	94	6	155	299	59	212	4.87e-11	57.8
1539.355	1084.253	27.358	212	117	9	151	338	45	243	1.01e-10	56.6
1539.355	1614.279	26.339	224	142	7	142	351	59	273	3.14e-10	55.5
1539.355	1406.267	24.519	208	141	7	155	351	64	266	3.81e-10	55.1
1539.355	1726.235	26.636	214	137	9	135	343	28	226	7.79e-09	50.8
1539.355	877.285	29.148	223	118	13	155	342	56	273	2.81e-08	49.3
1539.355	943.271	24.091	220	138	8	141	342	43	251	9.68e-08	47.8
1539.355	710.264	23.116	199	132	8	150	338	60	247	5.43e-07	45.4
1539.355	398.282	29.048	210	127	9	155	342	61	270	6.01e-07	45.4
1539.355	828.270	23.288	219	141	7	141	342	42	250	8.03e-07	45.1
1539.355	816.261	25.000	132	89	3	148	277	39	162	8.97e-07	44.7
392.354	392.354	100.000	354	0	0	1	354	1	354	2.32e-126	362
392.354	880.336	50.667	300	136	7	56	353	45	334	2.08e-34	124
392.354	59.345	42.915	247	129	4	113	354	106	345	7.87e-23	93.2
392.354	1439.380	41.275	298	160	7	56	342	57	350	1.58e-21	89.7
392.354	533.342	44.444	108	58	1	237	344	234	339	9.21e-16	72.4
392.354	589.355	36.364	187	114	4	111	294	102	286	7.04e-11	57.8
392.354	246.474	32.979	94	62	1	238	331	360	452	4.31e-07	46.2
392.354	346.474	32.979	94	62	1	238	331	360	452	4.31e-07	46.2
494.354	494.354	100.000	354	0	0	1	354	1	354	0.0	542
494.354	218.330	31.739	230	145	4	125	347	104	328	1.19e-22	92.4
494.354	1083.326	30.846	201	130	4	152	352	130	321	3.08e-19	82.4
494.354	427.316	28.804	184	123	4	158	339	126	303	6.04e-18	78.6
494.354	1257.316	28.804	184	123	4	158	339	126	303	6.04e-18	78.6
494.354	815.336	29.565	230	152	6	124	352	112	332	2.85e-13	65.1
494.354	18.322	28.390	236	138	9	127	346	96	316	6.37e-11	57.8
494.354	829.320	24.424	217	155	6	124	338	101	310	3.52e-07	46.2
678.354	678.354	100.000	354	0	0	1	354	1	354	0.0	643
678.354	1382.473	30.892	314	203	8	45	353	167	471	1.41e-33	125
868.354	868.354	100.000	354	0	0	1	354	1	354	0.0	680
868.354	654.343	48.116	345	174	2	1	345	1	340	1.93e-94	280
868.354	780.351	45.562	338	174	3	1	330	1	336	1.72e-85	258
868.354	1548.333	42.771	332	188	2	1	332	1	330	1.00e-81	248
868.354	1780.335	41.018	334	197	0	1	334	1	334	4.32e-77	236
868.354	414.352	38.941	321	194	2	1	319	9	329	1.22e-62	199
868.354	45.345	36.522	345	207	3	1	339	1	339	9.34e-61	194
868.354	1017.337	36.364	330	206	3	1	330	6	331	2.95e-59	190
868.354	508.346	35.549	346	210	3	1	339	1	340	3.63e-59	190
868.354	647.381	36.728	324	201	3	1	321	33	355	4.20e-57	186
868.354	599.348	34.795	342	219	3	1	339	1	341	2.53e-56	182
868.354	235.345	32.754	345	220	4	1	339	1	339	1.66e-46	157
868.354	358.345	32.754	345	220	4	1	339	1	339	1.66e-46	157
868.354	1587.345	31.928	332	220	5	1	330	1	328	2.18e-44	151
868.354	1155.335	32.738	336	218	3	1	333	1	331	7.75e-42	144
868.354	1736.332	31.889	323	218	2	1	323	1	321	1.41e-34	125
868.354	280.336	27.300	337	232	8	1	336	1	325	5.21e-23	93.6
868.354	867.413	25.915	355	219	13	4	321	13	360	4.50e-18	79.7
868.354	1386.399	25.459	381	233	14	1	338	14	386	6.07e-14	67.4
868.354	191.416	27.928	222	132	7	1	196	13	232	3.74e-13	65.1
868.354	1316.416	28.829	222	130	7	1	196	13	232	3.30e-12	62.0
868.354	1365.479	28.829	222	130	7	1	196	76	295	3.38e-12	62.4
868.354	1636.420	27.458	295	173	9	17	280	52	336	1.88e-10	56.6
868.354	1327.430	26.108	203	128	5	16	198	60	260	8.91e-07	45.4
237.353	237.353	100.000	353	0	0	1	353	1	353	0.0	688
237.353	355.353	100.000	353	0	0	1	353	1	353	0.0	688
237.353	1412.394	36.652	221	128	5	131	340	167	386	1.21e-29	112
237.353	1299.435	33.173	208	125	4	132	325	146	353	8.31e-26	102
237.353	1348.435	33.173	208	125	4	132	325	146	353	8.31e-26	102
237.353	1340.418	27.488	211	129	8	148	341	176	379	4.31e-14	67.8
237.353	232.391	24.444	315	194	13	54	341	40	337	1.10e-12	63.5
237.353	361.391	24.444	315	194	13	54	341	40	337	1.10e-12	63.5
237.353	205.420	27.451	204	122	7	156	341	183	378	1.19e-08	51.2
355.353	237.353	100.000	353	0	0	1	353	1	353	0.0	688
355.353	355.353	100.000	353	0	0	1	353	1	353	0.0	688
355.353	1412.394	36.652	221	128	5	131	340	167	386	1.21e-29	112
355.353	1299.435	33.173	208	125	4	132	325	146	353	8.31e-26	102
355.353	1348.435	33.173	208	125	4	132	325	146	353	8.31e-26	102
355.353	1340.418	27.488	211	129	8	148	341	176	379	4.31e-14	67.8
355.353	232.391	24.444	315	194	13	54	341	40	337	1.10e-12	63.5
355.353	361.391	24.444	315	194	13	54	341	40	337	1.10e-12	63.5
355.353	205.420	27.451	204	122	7	156	341	183	378	1.19e-08	51.2
1757.353	1757.353	100.000	353	0	0	1	353	1	353	0.0	724
1757.353	798.324	46.178	314	169	0	37	350	7	320	6.65e-91	271
1757.353	846.324	44.904	314	173	0	37	350	7	320	6.80e-88	263
1757.353	961.324	44.586	314	174	0	37	350	7	320	3.53e-87	261
1757.353	444.314	40.446	314	173	6	38	348	8	310	2.01e-76	233
1757.353	1274.314	40.446	314	173	6	38	348	8	310	2.01e-76	233
1757.353	72.316	38.141	312	180	5	40	348	11	312	1.39e-69	216
1757.353	1496.315	38.782	312	178	5	40	348	10	311	8.50e-69	214
1757.353	39.316	37.500	312	182	5	40	348	11	312	5.28e-68	212
1757.353	1523.316	37.821	312	181	5	40	348	11	312	1.35e-67	211
1757.353	630.325	39.216	306	171	6	37	340	18	310	5.57e-64	202
1757.353	749.320	39.159	309	170	8	49	350	21	318	1.78e-61	195
1757.353	549.320	36.991	319	174	8	44	350	15	318	6.73e-61	194
1757.353	375.322	36.760	321	175	8	36	344	9	313	2.34e-60	192
1757.353	1631.317	35.517	290	174	4	53	338	22	302	3.58e-55	179
1757.353	260.313	36.786	280	144	4	65	341	23	272	9.74e-51	167
1757.353	472.314	34.708	291	171	5	58	341	13	291	2.46e-50	166
1757.353	332.313	36.429	280	163	3	65	341	23	290	4.94e-50	165
1757.353	1453.315	34.740	308	175	8	40	341	5	292	4.03e-49	163
1757.353	1678.318	32.131	305	188	5	44	341	1	293	3.04e-46	155
1757.353	1704.320	34.539	304	170	8	61	350	29	317	7.89e-43	146
1757.353	1560.238	37.441	211	128	3	133	342	10	217	7.14e-38	131
1757.353	818.249	30.924	249	151	5	39	284	14	244	2.40e-32	117
414.352	414.352	100.000	352	0	0	1	352	1	352	0.0	648
414.352	868.354	38.138	333	204	2	9	341	1	331	1.18e-57	186
414.352	508.346	39.210	329	183	6	9	329	1	320	2.47e-54	177
414.352	45.345	39.514	329	185	6	9	331	1	321	2.18e-53	175
414.352	599.348	38.235	340	202	7	9	344	1	336	1.96e-52	172
414.352	654.343	35.976	328	205	3	16	343	8	330	3.71e-49	164
414.352	1548.333	36.334	311	194	4	19	329	11	317	1.04e-47	159
414.352	235.345	34.731	334	212	5	9	340	1	330	3.84e-47	158
414.352	358.345	34.731	334	212	5	9	340	1	330	3.84e-47	158
414.352	1780.335	34.177	316	206	2	16	331	8	321	9.42e-46	154
414.352	647.381	34.582	347	220	6	8	351	32	374	9.45e-45	153
414.352	780.351	33.436	326	197	5	16	329	8	325	1.12e-37	134
414.352	1155.335	31.464	321	197	6	9	319	1	308	5.99e-26	101
414.352	1017.337	29.538	325	223	5	16	340	13	331	1.04e-25	100
414.352	1587.345	28.487	337	222	8	9	339	1	324	1.87e-19	83.2
414.352	1736.332	28.205	312	221	3	9	320	1	309	2.96e-18	79.7
414.352	280.336	26.498	317	217	7	16	329	8	311	1.56e-13	65.9
414.352	867.413	27.193	228	141	9	7	212	8	232	8.16e-11	57.8
414.352	1316.416	25.424	354	223	10	6	321	10	360	3.94e-09	52.8
414.352	1365.479	25.852	352	224	11	6	321	73	423	4.22e-09	52.8
414.352	191.416	26.074	349	221	10	9	321	13	360	5.06e-09	52.4
1149.352	1149.352	100.000	352	0	0	1	352	1	352	0.0	585
1149.352	611.328	34.167	240	136	8	56	290	60	282	3.96e-25	99.4
1149.352	937.341	30.932	236	136	7	57	283	54	271	4.28e-12	61.6
1149.352	1054.341	30.932	236	136	7	57	283	54	271	4.28e-12	61.6
1149.352	947.345	28.571	301	188	10	54	339	56	344	1.54e-11	59.7
1149.352	832.345	33.028	109	71	2	54	160	56	164	1.08e-08	51.2
1723.352	1723.352	100.000	352	0	0	1	352	1	352	0.0	611
1723.352	937.341	30.719	306	182	11	47	340	48	335	3.96e-27	105
1723.352	1054.341	30.719	306	182	11	47	340	48	335	3.96e-27	105
1723.352	292.359	31.746	315	187	11	49	347	49	351	1.39e-26	103
1723.352	1616.342	29.787	235	148	8	93	325	98	317	6.13e-14	67.0
1723.352	812.344	27.530	247	152	9	83	324	97	321	3.74e-08	49.3
1723.352	59.345	28.571	140	90	5	177	312	177	310	8.10e-07	45.1
780.351	780.351	100.000	351	0	0	1	351	1	351	0.0	717
780.351	654.343	49.419	344	163	3	1	343	1	334	2.75e-109	318
780.351	868.354	45.562	338	174	3	1	336	1	330	3.74e-95	283
780.351	1548.333	35.777	341	209	3	1	340	1	332	2.98e-71	221
780.351	1780.335	35.693	339	206	4	1	336	1	330	1.60e-66	208
780.351	45.345	34.421	337	199	7	1	329	1	323	5.97e-57	184
780.351	508.346	33.923	339	199	6	1	329	1	324	1.29e-56	183
780.351	599.348	32.558	344	212	5	1	336	1	332	4.85e-52	171
780.351	414.352	33.436	326	197	5	8	325	16	329	1.49e-49	165
780.351	1155.335	32.059	340	215	5	1	336	1	328	5.50e-47	158
780.351	647.381	30.838	334	211	5	1	326	33	354	4.33e-44	151
780.351	1017.337	29.240	342	224	6	1	338	6	333	8.34e-41	141
780.351	235.345	27.616	344	227	7	1	336	1	330	7.75e-36	128
780.351	358.345	27.616	344	227	7	1	336	1	330	7.75e-36	128
780.351	1587.345	24.779	339	243	4	1	337	1	329	8.82e-32	117
780.351	280.336	26.687	326	225	6	1	326	1	312	4.13e-31	115
780.351	1736.332	29.167	336	218	5	1	330	1	322	2.15e-30	113
780.351	1636.420	30.584	291	165	11	1	265	34	313	2.32e-19	83.6
780.351	867.413	24.932	365	224	13	7	334	16	367	1.75e-17	78.2
780.351	1386.399	27.016	248	156	9	17	245	32	273	3.18e-14	68.2
780.351	191.416	22.840	324	208	10	1	292	13	326	5.25e-13	64.7
780.351	1365.479	21.683	309	217	7	6	291	81	387	9.03e-12	60.8
780.351	1316.416	21.739	322	211	8	1	291	13	324	1.28e-11	60.5
1461.351	1461.351	100.000	351	0	0	1	351	1	351	0.0	600
1461.351	1498.347	59.942	347	138	1	1	347	1	346	1.02e-110	322
1478.351	1478.351	100.000	351	0	0	1	351	1	351	0.0	678
1478.351	1539.355	70.538	353	100	1	1	349	1	353	6.68e-179	495
1478.351	397.400	37.883	359	198	10	8	350	18	367	1.49e-64	205
1478.351	878.396	36.585	328	194	9	30	349	41	362	1.17e-59	192
1478.351	58.258	32.836	201	115	7	134	317	30	227	1.82e-24	95.9
1478.351	938.235	32.127	221	122	9	126	334	20	224	1.89e-24	95.5
1478.351	1053.235	32.127	221	122	9	126	334	20	224	1.89e-24	95.5
1478.351	767.260	33.005	203	118	6	134	320	32	232	5.84e-24	94.7
1478.351	662.288	30.049	203	124	4	134	321	53	252	6.03e-24	95.1
1478.351	1580.268	33.036	224	126	8	132	346	27	235	8.58e-23	91.7
1478.351	1662.275	31.556	225	117	9	128	338	32	233	1.37e-21	88.2
1478.351	495.263	31.489	235	130	10	138	349	32	258	3.06e-21	87.0
1478.351	1255.262	31.746	189	114	4	147	320	46	234	4.60e-21	86.7
1478.351	1209.274	30.457	197	114	5	135	317	39	226	5.25e-20	84.0
1478.351	1034.292	30.928	194	118	5	135	312	52	245	5.47e-20	84.0
1478.351	609.255	28.708	209	124	7	137	332	34	230	1.27e-19	82.4
1478.351	425.206	32.530	166	97	4	170	320	13	178	9.58e-19	79.0
1478.351	16.264	30.275	218	132	7	147	350	51	262	1.16e-17	77.0
1478.351	109.273	29.493	217	132	8	125	331	45	250	2.65e-17	76.3
1478.351	590.256	29.557	203	122	6	132	317	27	225	8.55e-17	74.3
1478.351	291.253	27.679	224	141	6	134	346	33	246	8.61e-17	74.3
1478.351	1438.266	32.338	201	114	9	138	323	46	239	3.01e-16	72.8
1478.351	532.273	32.184	174	99	8	154	311	61	231	2.99e-15	70.1
1478.351	221.271	27.064	218	141	8	141	346	58	269	2.00e-13	64.7
1478.351	1296.265	27.189	217	142	7	141	346	52	263	5.30e-13	63.5
1478.351	1345.265	27.189	217	142	7	141	346	52	263	5.30e-13	63.5
1478.351	1477.269	31.016	187	114	8	139	311	44	229	1.46e-12	62.4
1478.351	1540.273	29.545	220	124	12	151	349	59	268	3.18e-12	61.2
1478.351	1084.253	25.871	201	122	7	137	319	34	225	2.08e-11	58.5
1478.351	1614.279	27.632	228	132	10	138	346	59	272	3.51e-11	58.2
1478.351	977.265	31.159	138	79	5	138	270	34	160	9.20e-11	56.6
1478.351	1726.235	28.230	209	130	9	136	339	33	226	2.30e-10	55.1
1478.351	1406.267	25.000	224	150	8	136	346	47	265	4.20e-10	54.7
1478.351	1771.257	26.887	212	133	8	139	344	47	242	1.70e-09	52.8
1478.351	828.270	26.368	201	112	8	139	317	44	230	9.16e-09	50.8
1478.351	943.271	25.871	201	113	8	139	317	45	231	1.95e-08	49.7
1478.351	816.261	28.676	136	87	4	142	275	37	164	3.84e-08	48.9
1478.351	710.264	25.000	228	128	11	141	348	53	257	4.83e-08	48.5
1478.351	877.285	25.820	244	124	11	139	338	43	273	2.63e-07	46.6
1478.351	153.257	26.866	134	90	3	137	270	51	176	6.00e-07	45.1
545.350	545.350	100.000	330	0	0	21	350	21	350	0.0	637
545.350	754.350	73.064	297	80	0	21	317	21	317	3.75e-165	460
545.350	1709.357	38.851	296	177	4	25	318	25	318	3.95e-65	206
545.350	382.333	39.236	288	168	3	22	309	22	302	3.42e-64	202
545.350	256.332	39.085	284	165	3	29	311	29	305	4.14e-62	197
545.350	336.332	39.085	284	165	3	29	311	29	305	4.14e-62	197
545.350	1449.336	39.726	292	169	2	22	313	23	307	1.26e-59	191
545.350	1221.372	35.379	277	173	4	25	298	34	307	1.40e-55	181
545.350	580.327	38.225	293	172	4	21	311	19	304	4.07e-55	179
545.350	891.327	37.931	290	173	2	22	311	18	300	8.77e-55	178
545.350	1139.378	31.034	290	198	2	33	320	43	332	1.38e-45	155
545.350	1674.387	30.796	289	199	1	33	320	46	334	1.72e-43	150
545.350	1527.344	31.933	238	140	9	46	272	43	269	1.17e-23	95.1
545.350	476.342	30.263	228	142	8	46	270	43	256	3.08e-22	91.3
545.350	1492.342	26.148	283	170	11	50	315	43	303	6.15e-18	79.0
545.350	719.338	28.829	222	137	6	24	238	25	232	1.14e-17	78.2
545.350	675.348	26.923	234	145	9	25	247	22	240	2.35e-17	77.4
545.350	68.343	29.433	282	154	13	49	306	35	295	3.43e-17	76.6
545.350	35.343	29.630	270	147	12	59	306	47	295	3.66e-17	76.6
545.350	842.358	31.088	193	107	8	76	254	70	250	2.63e-15	71.2
545.350	440.342	32.738	168	94	7	58	214	45	204	2.69e-15	71.2
545.350	1270.342	32.738	168	94	7	58	214	45	204	2.69e-15	71.2
545.350	957.358	31.088	193	107	8	76	254	70	250	2.72e-15	71.2
545.350	1177.338	22.261	283	212	4	23	304	21	296	3.16e-15	70.9
545.350	802.357	28.509	228	134	8	36	254	42	249	3.58e-15	70.9
545.350	301.339	25.926	297	189	13	34	320	31	306	6.62e-15	69.7
545.350	927.339	25.253	297	191	13	34	320	31	306	2.44e-14	68.2
545.350	1064.339	25.253	297	191	13	34	320	31	306	2.44e-14	68.2
545.350	990.337	26.866	201	132	9	77	273	73	262	1.80e-12	62.4
545.350	198.344	23.358	274	179	10	24	278	19	280	2.54e-12	62.0
545.350	1627.347	22.979	235	159	8	48	278	48	264	3.61e-12	61.6
545.350	1761.356	27.119	236	156	7	21	247	20	248	5.75e-12	61.2
545.350	1394.342	22.333	300	198	10	24	306	19	300	4.78e-10	55.1
545.350	1310.341	22.963	270	185	8	24	278	19	280	2.62e-09	52.8
545.350	1359.341	22.963	270	185	8	24	278	19	280	2.62e-09	52.8
545.350	1025.338	21.782	303	220	8	21	315	20	313	1.12e-07	47.8
545.350	1564.363	24.878	205	132	6	22	212	31	227	3.95e-07	46.2
754.350	754.350	100.000	350	0	0	1	350	1	350	0.0	636
754.350	545.350	72.240	317	88	0	1	317	1	317	9.84e-156	436
754.350	580.327	40.656	305	174	2	1	305	1	298	3.66e-67	210
754.350	382.333	40.717	307	175	3	1	307	1	300	1.79e-66	208
754.350	256.332	40.328	305	174	3	1	304	1	298	1.20e-64	204
754.350	336.332	40.328	305	174	3	1	304	1	298	1.20e-64	204
754.350	1709.357	37.386	329	204	2	1	328	1	328	4.17e-64	203
754.350	1449.336	38.284	303	180	4	2	304	3	298	3.55e-55	179
754.350	891.327	40.134	299	172	3	6	304	2	293	1.88e-53	174
754.350	1221.372	36.149	296	179	4	36	328	42	330	1.08e-50	168
754.350	1139.378	32.313	294	192	3	7	298	22	310	2.05e-48	162
754.350	1674.387	30.556	324	215	4	12	326	22	344	5.36e-43	149
754.350	1527.344	29.688	320	194	11	7	315	6	305	2.04e-21	89.0
754.350	476.342	25.685	292	201	8	7	295	6	284	9.31e-16	72.4
754.350	68.343	26.380	326	210	10	7	322	6	311	4.77e-15	70.5
754.350	842.358	27.244	312	193	14	1	293	1	297	5.11e-15	70.5
754.350	35.343	26.380	326	210	10	7	322	6	311	5.96e-15	70.1
754.350	957.358	27.244	312	193	14	1	293	1	297	7.53e-15	69.7
754.350	802.357	27.243	301	188	13	8	293	12	296	1.96e-14	68.6
754.350	1492.342	24.702	336	215	13	7	328	6	317	3.11e-14	67.8
754.350	1627.347	25.417	240	163	8	90	325	86	313	2.25e-12	62.4
754.350	301.339	27.982	218	140	9	90	302	86	291	6.30e-12	60.8
754.350	927.339	33.858	127	72	5	90	212	86	204	6.36e-12	60.8
754.350	1064.339	33.858	127	72	5	90	212	86	204	6.36e-12	60.8
754.350	623.343	28.916	249	154	13	90	330	88	321	1.45e-11	59.7
754.350	675.348	26.070	257	154	11	7	247	4	240	4.34e-10	55.5
754.350	990.337	27.329	161	104	7	90	247	86	236	8.83e-10	54.3
754.350	440.342	24.590	244	168	7	90	328	85	317	1.28e-09	53.9
754.350	1270.342	24.590	244	168	7	90	328	85	317	1.28e-09	53.9
754.350	719.338	23.207	237	167	5	90	322	90	315	1.44e-09	53.5
754.350	1025.338	24.893	233	153	8	91	315	95	313	1.23e-08	50.8
754.350	1761.356	25.333	225	140	9	90	293	92	309	6.63e-07	45.4
1501.350	1501.350	100.000	350	0	0	1	350	1	350	0.0	679
1712.349	1712.349	100.000	349	0	0	1	349	1	349	0.0	534
599.348	599.348	100.000	348	0	0	1	348	1	348	0.0	669
599.348	45.345	57.429	350	139	3	1	346	1	344	2.51e-133	379
599.348	508.346	55.556	351	145	3	1	346	1	345	1.97e-124	357
599.348	235.345	51.020	343	166	2	1	343	1	341	6.35e-110	320
599.348	358.345	51.020	343	166	2	1	343	1	341	6.35e-110	320
599.348	647.381	44.898	343	186	3	1	342	33	373	1.04e-93	280
599.348	414.352	38.757	338	199	7	1	334	9	342	3.54e-57	185
599.348	654.343	36.012	336	206	5	1	334	1	329	5.91e-57	184
599.348	868.354	35.088	342	218	3	1	341	1	339	2.05e-56	183
599.348	1780.335	35.692	325	199	5	1	321	1	319	8.60e-49	162
599.348	1548.333	33.639	327	203	6	1	322	1	318	1.40e-48	162
599.348	780.351	32.558	344	212	5	1	332	1	336	2.21e-47	159
599.348	1155.335	32.450	302	192	5	19	315	17	311	2.83e-35	127
599.348	1587.345	33.117	308	198	7	19	323	17	319	3.86e-34	124
599.348	1017.337	30.631	333	223	7	1	332	6	331	1.78e-32	119
599.348	1736.332	31.532	333	222	5	1	332	1	328	2.46e-30	113
599.348	867.413	23.670	376	237	12	1	334	10	377	6.75e-17	76.3
599.348	280.336	27.389	314	214	8	10	323	14	313	7.36e-17	75.5
599.348	1636.420	25.714	280	173	9	7	258	40	312	6.73e-13	64.3
599.348	1386.399	22.628	274	185	8	1	251	14	283	1.75e-12	62.8
599.348	1365.479	27.737	274	167	11	1	246	76	346	2.04e-10	56.6
599.348	1316.416	27.737	274	167	11	1	246	13	283	2.61e-10	56.2
599.348	191.416	27.007	274	169	11	1	246	13	283	4.88e-10	55.5
599.348	1327.430	24.723	271	158	11	14	251	56	313	2.03e-08	50.4
675.348	675.348	100.000	348	0	0	1	348	1	348	0.0	683
675.348	198.344	44.713	331	171	6	21	346	20	343	3.03e-98	290
675.348	1394.342	46.988	332	156	6	21	344	20	339	2.49e-95	283
675.348	1310.341	44.954	327	169	5	21	344	20	338	4.60e-92	274
675.348	1359.341	44.954	327	169	5	21	344	20	338	4.60e-92	274
675.348	1492.342	28.125	320	205	9	1	310	1	305	7.06e-36	128
675.348	68.343	29.688	256	172	6	59	309	53	305	2.10e-35	127
675.348	35.343	29.688	256	172	6	59	309	53	305	2.19e-35	127
675.348	623.343	28.378	296	198	6	21	313	26	310	2.67e-34	124
675.348	440.342	28.025	314	209	8	1	308	1	303	1.30e-33	122
675.348	1270.342	28.025	314	209	8	1	308	1	303	1.30e-33	122
675.348	990.337	30.797	276	181	4	41	308	31	304	4.65e-33	120
675.348	301.339	28.148	270	188	3	41	304	31	300	7.34e-33	120
675.348	719.338	26.875	320	217	5	22	336	26	333	1.05e-32	120
675.348	927.339	27.778	270	189	3	41	304	31	300	1.20e-31	117
675.348	1064.339	27.778	270	189	3	41	304	31	300	1.20e-31	117
675.348	1527.344	27.413	259	181	6	59	312	53	309	2.91e-29	110
675.348	476.342	28.346	254	178	4	59	309	53	305	1.04e-28	109
675.348	1761.356	28.520	277	183	5	28	295	34	304	1.22e-28	109
675.348	162.340	27.237	257	179	3	62	311	58	313	1.72e-27	105
675.348	1177.338	27.148	291	195	5	60	345	56	334	8.31e-26	101
675.348	118.342	26.820	261	181	5	46	298	37	295	9.24e-25	98.2
675.348	1627.347	27.519	258	176	6	60	310	54	307	1.80e-24	97.4
675.348	545.350	26.923	234	145	9	22	240	25	247	2.45e-17	77.0
675.348	382.333	22.605	261	190	3	39	291	35	291	5.22e-16	73.2
675.348	1709.357	24.026	308	203	9	22	313	28	320	1.03e-15	72.4
675.348	256.332	22.568	257	185	5	41	286	34	287	1.08e-15	72.0
675.348	336.332	22.568	257	185	5	41	286	34	287	1.08e-15	72.0
675.348	1449.336	24.265	272	179	8	49	298	33	299	3.18e-15	70.9
675.348	754.350	26.778	239	139	11	22	240	25	247	3.95e-14	67.8
675.348	1025.338	24.603	252	176	5	21	266	24	267	3.02e-13	64.7
675.348	891.327	28.235	170	116	5	74	238	66	234	3.03e-13	64.7
675.348	1221.372	22.222	306	202	10	22	307	34	323	1.48e-12	63.2
675.348	1564.363	22.624	221	152	4	74	275	74	294	1.07e-11	60.5
675.348	1674.387	22.483	298	211	9	62	347	73	362	1.38e-11	60.1
675.348	802.357	24.918	305	187	10	60	343	56	339	5.99e-10	55.1
675.348	842.358	24.579	297	198	9	60	343	57	340	1.82e-09	53.5
675.348	957.358	24.579	297	198	9	60	343	57	340	1.87e-09	53.5
675.348	580.327	27.841	176	116	5	50	223	50	216	5.12e-08	48.9
675.348	1139.378	24.793	242	158	10	60	282	68	304	8.56e-07	45.1
144.347	144.347	100.000	347	0	0	1	347	1	347	0.0	672
1498.347	1498.347	100.000	347	0	0	1	347	1	347	0.0	590
1498.347	1461.351	59.942	347	138	1	1	346	1	347	1.20e-112	327
1627.347	1627.347	100.000	347	0	0	1	347	1	347	0.0	649
1627.347	802.357	31.498	327	202	8	23	337	25	341	1.00e-36	131
1627.347	842.358	30.887	327	204	8	23	337	26	342	1.52e-34	125
1627.347	957.358	30.887	327	204	8	23	337	26	342	1.79e-34	125
1627.347	1527.344	29.740	269	175	8	54	315	54	315	9.34e-34	123
1627.347	35.343	30.651	261	172	5	54	310	54	309	1.43e-33	122
1627.347	68.343	30.651	261	172	5	54	310	54	309	1.49e-33	122
1627.347	1492.342	30.272	294	190	8	54	341	54	338	3.28e-33	121
1627.347	1564.363	34.007	297	171	10	50	325	56	348	5.76e-33	121
1627.347	476.342	27.925	265	182	5	54	314	54	313	3.32e-31	115
1627.347	440.342	30.303	264	169	8	54	309	53	309	7.99e-29	109
1627.347	1270.342	30.303	264	169	8	54	309	53	309	7.99e-29	109
1627.347	1394.342	27.483	302	193	9	53	340	52	341	4.83e-27	104
1627.347	198.344	27.597	308	185	15	53	339	52	342	2.67e-26	102
1627.347	623.343	27.645	293	198	8	51	337	53	337	3.71e-25	99.4
1627.347	301.339	27.490	251	173	4	51	295	51	298	4.19e-25	99.4
1627.347	675.348	27.519	258	176	6	54	307	60	310	1.12e-24	98.2
1627.347	990.337	26.891	238	163	6	51	285	51	280	1.29e-24	97.8
1627.347	1310.341	27.170	265	173	11	53	308	52	305	7.36e-24	95.9
1627.347	1359.341	27.170	265	173	11	53	308	52	305	7.36e-24	95.9
1627.347	927.339	26.693	251	175	4	51	295	51	298	1.14e-23	95.1
1627.347	1064.339	26.693	251	175	4	51	295	51	298	1.14e-23	95.1
1627.347	754.350	26.429	280	186	10	65	330	67	340	2.06e-18	80.5
1627.347	382.333	30.808	198	125	8	64	254	65	257	3.05e-18	79.7
1627.347	256.332	27.876	226	154	6	64	283	65	287	4.39e-18	79.3
1627.347	336.332	27.876	226	154	6	64	283	65	287	4.39e-18	79.3
1627.347	891.327	32.105	190	119	7	64	247	61	246	5.68e-18	79.0
1627.347	719.338	25.552	317	219	8	23	331	26	333	2.23e-17	77.0
1627.347	580.327	28.696	230	154	7	85	309	87	311	5.44e-17	75.9
1627.347	1449.336	27.953	254	143	12	64	307	66	289	2.54e-15	71.2
1627.347	1221.372	26.971	241	147	7	66	286	74	305	3.90e-15	70.9
1627.347	1761.356	23.232	198	143	3	53	243	59	254	6.81e-15	70.1
1627.347	1177.338	24.172	302	202	11	50	341	52	336	6.49e-14	67.0
1627.347	118.342	26.316	228	159	7	52	276	55	276	7.35e-14	66.6
1627.347	162.340	23.671	207	147	4	79	278	81	283	1.14e-13	66.2
1627.347	1709.357	23.048	269	177	8	58	302	57	319	1.52e-13	65.9
1627.347	1674.387	27.660	235	146	8	66	284	82	308	2.79e-12	62.0
1627.347	545.350	23.246	228	153	8	55	264	55	278	3.52e-12	61.6
1627.347	1139.378	24.901	253	156	11	53	284	67	306	1.07e-07	48.1
508.346	508.346	100.000	346	0	0	1	346	1	346	0.0	660
508.346	45.345	67.723	347	109	2	1	346	1	345	6.13e-161	449
508.346	599.348	55.556	351	145	3	1	345	1	346	1.16e-123	355
508.346	235.345	54.023	348	149	3	1	343	1	342	7.76e-117	337
508.346	358.345	54.023	348	149	3	1	343	1	342	7.76e-117	337
508.346	647.381	42.075	347	189	5	1	341	33	373	1.93e-80	246
508.346	868.354	35.549	346	210	3	1	340	1	339	5.55e-59	189
508.346	414.352	39.210	329	183	6	1	320	9	329	5.40e-57	184
508.346	1780.335	35.608	337	204	4	1	331	1	330	3.32e-56	182
508.346	654.343	36.842	342	200	5	1	336	1	332	4.37e-56	181
508.346	780.351	33.923	339	199	6	1	324	1	329	1.24e-50	167
508.346	1548.333	33.333	330	205	4	1	324	1	321	6.73e-47	157
508.346	1017.337	32.059	340	216	8	1	335	6	335	1.95e-40	140
508.346	1587.345	31.737	334	210	9	13	338	12	335	1.41e-35	127
508.346	1155.335	31.875	320	205	5	19	332	17	329	3.72e-34	124
508.346	1736.332	26.364	330	228	5	1	324	1	321	2.35e-21	88.6
508.346	280.336	29.316	307	202	7	21	323	19	314	2.59e-20	85.5
508.346	867.413	28.571	259	143	11	1	229	10	256	3.23e-16	74.3
508.346	1386.399	24.932	369	215	14	1	322	14	367	9.58e-13	63.5
508.346	1327.430	25.368	272	168	8	14	257	56	320	5.70e-11	58.2
508.346	191.416	26.408	284	157	9	1	245	13	283	1.21e-08	51.2
508.346	1365.479	26.792	265	150	8	1	230	76	331	1.41e-08	50.8
508.346	1316.416	26.792	265	150	8	1	230	13	268	2.98e-08	49.7
508.346	1636.420	22.826	276	171	10	14	257	47	312	2.17e-07	47.0
45.345	45.345	100.000	345	0	0	1	345	1	345	0.0	665
45.345	508.346	67.723	347	109	2	1	345	1	346	1.29e-160	448
45.345	599.348	57.429	350	139	3	1	344	1	346	5.46e-132	376
45.345	235.345	56.286	350	143	3	1	345	1	345	1.33e-126	362
45.345	358.345	56.286	350	143	3	1	345	1	345	1.33e-126	362
45.345	647.381	43.064	346	186	4	1	340	33	373	3.58e-86	260
45.345	868.354	36.522	345	207	3	1	339	1	339	2.86e-60	192
45.345	1780.335	36.474	329	197	5	1	323	1	323	3.09e-59	189
45.345	654.343	39.181	342	185	8	1	332	1	329	4.21e-59	189
45.345	414.352	39.514	329	185	6	1	321	9	331	1.95e-54	177
45.345	780.351	34.421	337	199	7	1	323	1	329	2.15e-51	169
45.345	1548.333	34.043	329	203	6	1	323	1	321	3.70e-46	155
45.345	1017.337	33.333	345	204	11	1	334	6	335	1.39e-40	140
45.345	1155.335	31.307	329	212	5	1	323	1	321	3.58e-35	126
45.345	1587.345	31.515	330	207	10	13	333	12	331	5.65e-33	120
45.345	1736.332	29.290	338	221	6	1	330	1	328	1.03e-24	97.8
45.345	280.336	28.846	312	198	9	22	323	20	317	2.56e-18	79.7
45.345	867.413	24.834	302	170	12	1	258	10	298	4.25e-11	58.5
45.345	1386.399	25.000	280	169	11	1	249	14	283	9.94e-11	57.4
45.345	1327.430	25.000	280	170	11	7	255	49	319	2.65e-08	50.1
45.345	191.416	25.623	281	153	12	1	238	13	280	4.50e-08	49.3
45.345	1365.479	26.749	243	128	11	1	206	76	305	2.28e-07	47.0
45.345	1316.416	26.749	243	128	11	1	206	13	242	2.63e-07	47.0
59.345	59.345	100.000	345	0	0	1	345	1	345	0.0	618
59.345	589.355	47.734	331	164	7	1	331	1	322	2.27e-92	275
59.345	533.342	52.174	345	162	2	1	345	1	342	7.49e-88	263
59.345	21.343	47.910	311	139	8	1	306	1	293	4.33e-73	225
59.345	1439.380	41.803	366	177	13	1	343	1	353	3.50e-61	196
59.345	880.336	43.182	264	135	6	78	334	67	322	7.89e-53	173
59.345	392.354	37.435	382	174	9	1	345	1	354	3.13e-50	167
59.345	1536.389	39.024	369	173	15	1	345	49	389	2.15e-49	165
59.345	487.369	39.809	314	162	12	1	306	1	295	9.32e-42	144
59.345	430.367	36.271	295	173	7	10	300	10	293	7.52e-36	129
59.345	1260.367	36.271	295	173	7	10	300	10	293	7.52e-36	129
59.345	766.373	38.907	311	160	8	7	306	6	297	1.07e-30	115
59.345	246.474	35.600	250	137	10	88	332	226	456	8.16e-22	91.3
59.345	346.474	35.600	250	137	10	88	332	226	456	8.16e-22	91.3
59.345	979.333	37.153	288	137	18	33	302	33	294	1.11e-21	89.4
59.345	1723.352	28.571	140	90	5	177	310	177	312	4.53e-07	45.8
59.345	214.498	31.690	142	86	3	198	338	323	454	6.19e-07	45.8
235.345	235.345	100.000	345	0	0	1	345	1	345	0.0	671
235.345	358.345	100.000	345	0	0	1	345	1	345	0.0	671
235.345	45.345	56.286	350	143	3	1	345	1	345	4.77e-132	376
235.345	508.346	54.023	348	149	3	1	342	1	343	8.92e-121	347
235.345	599.348	51.020	343	166	2	1	341	1	343	3.34e-114	331
235.345	647.381	38.596	342	207	3	1	340	33	373	1.69e-78	241
235.345	654.343	34.431	334	212	4	1	332	1	329	2.05e-57	185
235.345	1780.335	34.337	332	214	3	1	330	1	330	1.43e-52	172
235.345	414.352	33.533	334	216	5	1	330	9	340	6.17e-52	171
235.345	868.354	32.754	345	220	4	1	339	1	339	4.31e-49	164
235.345	1548.333	30.462	325	220	5	1	323	1	321	3.32e-43	147
235.345	1155.335	32.647	340	209	8	1	331	1	329	1.23e-40	141
235.345	1017.337	28.869	336	231	7	1	334	6	335	1.74e-35	127
235.345	1587.345	31.325	332	210	8	1	324	1	322	4.26e-35	126
235.345	780.351	27.616	344	227	7	1	330	1	336	5.07e-33	121
235.345	1736.332	30.303	330	214	9	1	323	1	321	1.07e-25	100
235.345	280.336	26.875	320	208	8	10	322	14	314	1.66e-19	83.2
235.345	1386.399	23.529	357	230	10	1	319	14	365	2.47e-15	71.6
235.345	867.413	25.989	354	210	15	1	313	10	352	8.33e-12	60.8
235.345	1365.479	25.501	349	214	13	4	311	79	422	1.48e-08	50.8
235.345	1316.416	25.568	352	214	14	4	313	16	361	1.66e-08	50.4
235.345	191.416	25.212	353	214	13	4	313	16	361	2.52e-08	50.1
235.345	1636.420	24.781	343	207	14	1	303	34	365	3.34e-07	46.6
358.345	235.345	100.000	345	0	0	1	345	1	345	0.0	671
358.345	358.345	100.000	345	0	0	1	345	1	345	0.0	671
358.345	45.345	56.286	350	143	3	1	345	1	345	4.77e-132	376
358.345	508.346	54.023	348	149	3	1	342	1	343	8.92e-121	347
358.345	599.348	51.020	343	166	2	1	341	1	343	3.34e-114	331
358.345	647.381	38.596	342	207	3	1	340	33	373	1.69e-78	241
358.345	654.343	34.431	334	212	4	1	332	1	329	2.05e-57	185
358.345	1780.335	34.337	332	214	3	1	330	1	330	1.43e-52	172
358.345	414.352	33.533	334	216	5	1	330	9	340	6.17e-52	171
358.345	868.354	32.754	345	220	4	1	339	1	339	4.31e-49	164
358.345	1548.333	30.462	325	220	5	1	323	1	321	3.32e-43	147
358.345	1155.335	32.647	340	209	8	1	331	1	329	1.23e-40	141
358.345	1017.337	28.869	336	231	7	1	334	6	335	1.74e-35	127
358.345	1587.345	31.325	332	210	8	1	324	1	322	4.26e-35	126
358.345	780.351	27.616	344	227	7	1	330	1	336	5.07e-33	121
358.345	1736.332	30.303	330	214	9	1	323	1	321	1.07e-25	100
358.345	280.336	26.875	320	208	8	10	322	14	314	1.66e-19	83.2
358.345	1386.399	23.529	357	230	10	1	319	14	365	2.47e-15	71.6
358.345	867.413	25.989	354	210	15	1	313	10	352	8.33e-12	60.8
358.345	1365.479	25.501	349	214	13	4	311	79	422	1.48e-08	50.8
358.345	1316.416	25.568	352	214	14	4	313	16	361	1.66e-08	50.4
358.345	191.416	25.212	353	214	13	4	313	16	361	2.52e-08	50.1
358.345	1636.420	24.781	343	207	14	1	303	34	365	3.34e-07	46.6
832.345	832.345	100.000	345	0	0	1	345	1	345	0.0	604
832.345	947.345	95.072	345	17	0	1	345	1	345	0.0	579
832.345	979.333	38.362	232	134	4	110	335	99	327	5.88e-36	128
832.345	1576.345	28.274	336	214	10	23	340	10	336	5.93e-24	95.9
832.345	1149.352	29.552	335	209	10	22	344	20	339	5.69e-15	70.1
832.345	1664.369	27.184	309	164	14	32	307	28	308	2.38e-13	65.5
832.345	1210.375	30.973	113	78	0	45	157	50	162	2.97e-11	58.9
832.345	1169.333	29.565	115	68	4	213	324	224	328	4.28e-07	45.8
947.345	947.345	100.000	345	0	0	1	345	1	345	0.0	630
947.345	832.345	95.072	345	17	0	1	345	1	345	0.0	588
947.345	979.333	40.171	234	127	5	110	335	99	327	2.30e-40	140
947.345	1576.345	30.655	336	206	11	23	340	10	336	2.30e-24	97.1
947.345	1149.352	29.254	335	210	11	22	344	20	339	6.78e-16	72.8
947.345	1210.375	25.623	281	180	9	50	312	55	324	7.68e-13	63.9
947.345	1664.369	28.421	285	155	15	50	307	46	308	2.89e-12	62.0
947.345	663.368	25.581	215	136	6	110	314	106	306	5.50e-07	45.8
947.345	711.337	30.252	238	129	11	53	267	52	275	5.61e-07	45.8
947.345	1169.333	30.233	129	77	5	199	324	210	328	6.13e-07	45.4
1576.345	1576.345	100.000	311	0	0	35	345	35	345	7.44e-173	479
1576.345	947.345	27.599	279	182	7	35	307	50	314	7.43e-18	78.6
1576.345	832.345	26.165	279	186	7	35	307	50	314	5.12e-15	70.1
1576.345	979.333	29.123	285	162	10	37	304	43	304	1.87e-09	53.1
1576.345	1664.369	31.111	180	113	6	35	206	46	222	7.06e-09	51.6
1587.345	1587.345	100.000	345	0	0	1	345	1	345	0.0	700
1587.345	1548.333	36.145	332	204	6	1	328	1	328	2.32e-64	202
1587.345	1017.337	32.733	333	222	2	1	333	6	336	3.62e-59	189
1587.345	1780.335	34.821	336	205	7	1	328	1	330	2.84e-55	179
1587.345	868.354	31.928	332	220	5	1	328	1	330	3.32e-52	172
1587.345	654.343	30.514	331	223	5	1	328	1	327	1.73e-44	151
1587.345	1736.332	33.742	326	206	4	1	321	1	321	4.27e-43	147
1587.345	508.346	31.928	332	212	8	12	335	13	338	4.06e-39	137
1587.345	235.345	31.627	332	209	8	1	322	1	324	6.48e-39	136
1587.345	358.345	31.627	332	209	8	1	322	1	324	6.48e-39	136
1587.345	647.381	30.675	326	216	8	1	319	33	355	9.33e-39	137
1587.345	599.348	33.442	308	197	7	17	319	19	323	7.66e-38	134
1587.345	45.345	31.818	330	206	10	12	331	13	333	1.30e-36	130
1587.345	1155.335	30.395	329	213	6	1	321	1	321	8.70e-36	128
1587.345	780.351	24.779	339	243	4	1	329	1	337	8.67e-32	117
1587.345	280.336	28.197	305	213	5	14	318	14	312	1.12e-31	117
1587.345	414.352	28.487	337	222	8	1	324	9	339	1.73e-28	108
1587.345	1327.430	26.712	292	172	12	17	276	61	342	6.31e-12	61.2
1587.345	867.413	24.457	368	212	17	1	319	10	360	1.13e-10	57.4
1587.345	1386.399	24.709	344	216	13	17	321	32	371	1.20e-10	57.4
1587.345	1636.420	23.411	299	174	12	17	276	52	334	9.24e-07	45.1
198.344	198.344	100.000	344	0	0	1	344	1	344	0.0	602
198.344	1310.341	89.846	325	30	1	20	344	20	341	0.0	544
198.344	1359.341	89.846	325	30	1	20	344	20	341	0.0	544
198.344	1394.342	82.749	342	57	1	1	342	1	340	2.39e-178	493
198.344	675.348	44.713	331	171	6	20	343	21	346	1.11e-85	258
198.344	1492.342	31.373	255	167	3	53	303	54	304	8.45e-34	123
198.344	440.342	29.965	287	191	5	53	331	53	337	4.78e-33	120
198.344	1270.342	29.965	287	191	5	53	331	53	337	4.78e-33	120
198.344	990.337	32.653	245	155	3	30	267	28	269	3.57e-32	118
198.344	476.342	30.830	253	172	3	53	303	54	305	4.07e-31	115
198.344	623.343	31.718	227	151	3	43	267	46	270	1.51e-30	114
198.344	301.339	32.864	213	142	1	48	259	49	261	6.60e-30	112
198.344	1527.344	28.788	264	184	3	53	313	54	316	1.80e-29	111
198.344	927.339	32.394	213	143	1	48	259	49	261	2.25e-29	110
198.344	1064.339	32.394	213	143	1	48	259	49	261	2.25e-29	110
198.344	35.343	32.258	217	144	3	53	267	54	269	7.23e-29	109
198.344	68.343	32.258	217	144	3	53	267	54	269	7.84e-29	109
198.344	1761.356	30.769	208	137	2	50	250	57	264	4.77e-26	102
198.344	1627.347	26.733	303	194	11	52	342	53	339	1.11e-20	86.7
198.344	1177.338	28.235	255	179	3	52	303	55	308	4.23e-18	79.3
198.344	162.340	26.400	250	177	2	24	267	27	275	7.39e-18	78.6
198.344	719.338	25.000	280	202	4	52	329	57	330	6.54e-15	69.7
198.344	118.342	28.302	159	107	3	53	208	57	211	9.20e-14	66.2
198.344	802.357	26.613	248	161	9	20	257	24	260	1.73e-10	56.6
198.344	1564.363	25.909	220	145	5	52	253	59	278	2.21e-10	56.2
198.344	1025.338	25.962	208	146	5	52	254	61	265	1.47e-09	53.5
198.344	256.332	25.405	185	132	3	53	232	56	239	1.60e-09	53.5
198.344	336.332	25.405	185	132	3	53	232	56	239	1.60e-09	53.5
198.344	545.350	24.157	178	127	5	65	234	70	247	3.43e-09	52.4
198.344	957.358	25.506	247	165	8	20	257	25	261	8.16e-09	51.2
198.344	842.358	25.506	247	165	8	20	257	25	261	8.31e-09	51.2
198.344	1449.336	27.429	175	120	6	63	232	67	239	1.05e-07	47.8
812.344	812.344	100.000	344	0	0	1	344	1	344	0.0	580
812.344	1616.342	39.716	282	162	6	55	332	50	327	4.85e-46	155
812.344	937.341	28.641	206	140	6	123	325	116	317	4.67e-10	55.1
812.344	1054.341	28.641	206	140	6	123	325	116	317	4.67e-10	55.1
812.344	292.359	27.962	211	137	6	123	319	115	324	2.01e-08	50.1
812.344	1723.352	27.530	247	152	9	97	321	83	324	2.46e-08	50.1
812.344	1149.352	29.060	234	130	13	69	275	55	279	2.82e-08	49.7
1527.344	1527.344	100.000	344	0	0	1	344	1	344	0.0	604
1527.344	1492.342	70.058	344	101	2	1	344	1	342	5.07e-164	457
1527.344	35.343	73.256	344	91	1	1	344	1	343	3.01e-160	447
1527.344	68.343	72.965	344	92	1	1	344	1	343	1.35e-159	446
1527.344	440.342	67.151	344	111	2	1	344	1	342	8.97e-151	423
1527.344	1270.342	67.151	344	111	2	1	344	1	342	8.97e-151	423
1527.344	476.342	66.860	344	112	2	1	344	1	342	1.71e-147	415
1527.344	301.339	36.424	302	186	5	24	322	23	321	4.48e-47	158
1527.344	927.339	35.762	302	188	5	24	322	23	321	8.50e-46	154
1527.344	1064.339	35.762	302	188	5	24	322	23	321	8.50e-46	154
1527.344	623.343	34.375	320	192	7	24	330	24	338	3.95e-42	145
1527.344	990.337	33.013	312	198	6	24	327	23	331	3.05e-39	137
1527.344	198.344	28.958	259	180	3	54	311	53	308	1.45e-27	105
1527.344	1394.342	28.571	259	181	3	54	311	53	308	1.66e-27	105
1527.344	1627.347	29.740	269	175	8	54	315	54	315	2.98e-26	102
1527.344	1310.341	27.413	259	184	3	54	311	53	308	2.99e-26	102
1527.344	1359.341	27.413	259	184	3	54	311	53	308	2.99e-26	102
1527.344	1177.338	30.612	294	185	10	54	341	56	336	5.22e-26	101
1527.344	719.338	28.425	292	190	5	54	341	58	334	5.43e-26	101
1527.344	1761.356	33.457	269	160	7	25	279	27	290	1.17e-24	98.2
1527.344	957.358	27.547	265	174	6	54	302	57	319	2.77e-22	91.7
1527.344	842.358	27.547	265	174	6	54	302	57	319	2.86e-22	91.7
1527.344	162.340	35.948	153	92	2	160	306	159	311	5.69e-22	90.5
1527.344	675.348	25.191	262	183	7	53	309	59	312	1.14e-20	86.7
1527.344	802.357	27.365	296	183	10	54	330	56	338	1.15e-20	87.0
1527.344	891.327	31.551	187	118	5	61	242	60	241	9.77e-17	75.1
1527.344	1221.372	25.589	297	190	10	29	305	39	324	6.79e-16	73.2
1527.344	754.350	29.259	270	163	9	53	305	57	315	5.53e-15	70.1
1527.344	545.350	29.195	298	182	11	43	322	46	332	6.53e-15	70.1
1527.344	256.332	29.323	266	172	9	47	305	49	305	1.96e-14	68.2
1527.344	336.332	29.323	266	172	9	47	305	49	305	1.96e-14	68.2
1527.344	118.342	24.632	272	196	5	25	292	26	292	9.11e-14	66.2
1527.344	1449.336	28.033	239	154	6	73	303	72	300	9.85e-12	60.1
1527.344	580.327	27.391	230	133	8	86	296	88	302	5.54e-11	57.8
1527.344	1564.363	24.468	282	192	6	62	323	68	348	1.91e-10	56.6
1527.344	382.333	29.843	191	116	7	61	242	64	245	2.08e-10	56.2
1527.344	1709.357	24.832	149	111	1	39	186	44	192	4.16e-08	49.3
21.343	21.343	100.000	328	0	0	1	328	1	328	0.0	571
21.343	487.369	58.308	331	134	3	1	328	1	330	5.67e-105	308
21.343	1536.389	55.589	331	136	6	3	327	48	373	6.66e-100	296
21.343	430.367	51.205	332	157	4	1	328	1	331	3.86e-86	259
21.343	1260.367	51.205	332	157	4	1	328	1	331	3.86e-86	259
21.343	766.373	51.524	328	153	5	7	328	6	333	9.60e-68	213
21.343	59.345	47.588	311	140	7	1	293	1	306	7.36e-62	196
21.343	589.355	53.049	164	77	0	1	164	1	164	1.00e-45	155
21.343	533.342	48.538	171	85	2	1	168	1	171	6.41e-38	134
21.343	979.333	44.375	160	87	2	1	159	1	159	5.31e-27	104
21.343	1439.380	30.362	359	208	13	1	327	1	349	1.97e-15	71.6
21.343	1297.503	32.727	110	69	4	221	328	355	461	1.28e-07	48.1
21.343	1346.503	32.727	110	69	4	221	328	355	461	1.28e-07	48.1
21.343	214.498	31.818	110	70	4	221	328	350	456	3.00e-07	47.0
35.343	35.343	100.000	343	0	0	1	343	1	343	0.0	634
35.343	68.343	99.708	343	1	0	1	343	1	343	0.0	632
35.343	1492.342	80.758	343	65	1	1	343	1	342	0.0	527
35.343	440.342	77.843	343	75	1	1	343	1	342	0.0	511
35.343	1270.342	77.843	343	75	1	1	343	1	342	0.0	511
35.343	1527.344	74.419	344	87	1	1	343	1	344	0.0	502
35.343	476.342	72.886	343	92	1	1	343	1	342	6.19e-173	479
35.343	301.339	37.380	313	187	6	4	311	3	311	4.21e-53	174
35.343	927.339	36.422	313	190	6	4	311	3	311	7.50e-51	167
35.343	1064.339	36.422	313	190	6	4	311	3	311	7.50e-51	167
35.343	990.337	37.061	313	188	6	4	311	3	311	3.78e-46	155
35.343	623.343	35.106	282	174	5	24	300	24	301	1.45e-42	146
35.343	1394.342	29.900	301	206	5	8	305	5	303	1.08e-33	122
35.343	675.348	26.708	322	206	12	1	305	1	309	2.30e-33	122
35.343	198.344	28.477	302	207	6	8	304	5	302	2.61e-31	116
35.343	1627.347	28.763	299	202	6	16	309	18	310	6.73e-31	115
35.343	1761.356	30.599	317	202	8	1	302	1	314	7.50e-31	115
35.343	1310.341	27.667	300	212	5	8	304	5	302	7.34e-30	112
35.343	1359.341	27.667	300	212	5	8	304	5	302	7.34e-30	112
35.343	719.338	30.153	262	175	5	54	311	58	315	2.36e-28	108
35.343	162.340	29.646	226	151	4	86	305	88	311	8.01e-28	106
35.343	1177.338	32.422	256	162	8	54	303	56	306	1.99e-26	102
35.343	118.342	28.094	299	202	8	6	296	4	297	3.87e-26	102
35.343	957.358	26.959	319	207	10	4	301	6	319	4.86e-21	87.8
35.343	842.358	26.959	319	207	10	4	301	6	319	5.46e-21	87.8
35.343	802.357	26.059	307	201	9	4	300	5	295	2.71e-18	80.1
35.343	1221.372	26.531	294	190	8	29	304	39	324	8.03e-18	78.6
35.343	891.327	32.796	186	116	7	61	241	60	241	7.98e-16	72.4
35.343	256.332	28.253	269	181	9	47	308	49	312	1.43e-15	71.6
35.343	336.332	28.253	269	181	9	47	308	49	312	1.43e-15	71.6
35.343	1449.336	29.876	241	156	6	73	302	72	310	3.59e-15	70.5
35.343	382.333	30.556	252	142	11	8	241	9	245	8.70e-15	69.3
35.343	754.350	26.380	326	210	10	6	311	7	322	2.12e-14	68.6
35.343	580.327	28.479	309	194	13	7	297	4	303	8.02e-13	63.5
35.343	1564.363	24.359	234	151	7	63	278	69	294	7.30e-12	60.8
35.343	545.350	29.630	270	147	12	47	295	59	306	1.28e-11	60.1
35.343	1709.357	23.050	282	193	8	39	305	44	316	1.14e-10	57.0
35.343	1025.338	24.756	307	205	10	11	297	6	306	5.86e-10	54.7
35.343	1139.378	25.000	308	200	11	6	291	16	314	1.07e-08	51.2
68.343	68.343	100.000	343	0	0	1	343	1	343	0.0	634
68.343	35.343	99.708	343	1	0	1	343	1	343	0.0	632
68.343	1492.342	80.758	343	65	1	1	343	1	342	0.0	526
68.343	440.342	77.843	343	75	1	1	343	1	342	0.0	511
68.343	1270.342	77.843	343	75	1	1	343	1	342	0.0	511
68.343	1527.344	74.128	344	88	1	1	343	1	344	0.0	501
68.343	476.342	72.595	343	93	1	1	343	1	342	2.35e-172	478
68.343	301.339	37.061	313	188	6	4	311	3	311	1.86e-52	172
68.343	927.339	36.102	313	191	6	4	311	3	311	3.11e-50	166
68.343	1064.339	36.102	313	191	6	4	311	3	311	3.11e-50	166
68.343	990.337	36.741	313	189	6	4	311	3	311	1.55e-45	154
68.343	623.343	35.106	282	174	5	24	300	24	301	2.16e-42	145
68.343	1394.342	29.900	301	206	5	8	305	5	303	2.00e-33	122
68.343	675.348	26.708	322	206	12	1	305	1	309	4.25e-33	121
68.343	198.344	28.477	302	207	6	8	304	5	302	4.53e-31	115
68.343	1627.347	28.763	299	202	6	16	309	18	310	1.10e-30	114
68.343	1761.356	30.915	317	201	8	1	302	1	314	2.98e-30	113
68.343	1310.341	27.333	300	213	5	8	304	5	302	2.74e-29	110
68.343	1359.341	27.333	300	213	5	8	304	5	302	2.74e-29	110
68.343	719.338	30.153	262	175	5	54	311	58	315	2.61e-28	107
68.343	162.340	29.646	226	151	4	86	305	88	311	9.50e-28	106
68.343	1177.338	32.422	256	162	8	54	303	56	306	2.09e-26	102
68.343	118.342	28.094	299	202	8	6	296	4	297	7.33e-26	101
68.343	957.358	26.959	319	207	10	4	301	6	319	4.13e-21	88.2
68.343	842.358	26.959	319	207	10	4	301	6	319	4.54e-21	88.2
68.343	802.357	26.059	307	201	9	4	300	5	295	2.73e-18	80.1
68.343	1221.372	26.190	294	191	8	29	304	39	324	3.34e-17	77.0
68.343	891.327	32.796	186	116	7	61	241	60	241	8.21e-16	72.4
68.343	256.332	28.253	269	181	9	47	308	49	312	1.55e-15	71.6
68.343	336.332	28.253	269	181	9	47	308	49	312	1.55e-15	71.6
68.343	1449.336	29.876	241	156	6	73	302	72	310	3.66e-15	70.5
68.343	382.333	28.740	254	153	9	6	241	2	245	1.03e-14	69.3
68.343	754.350	26.380	326	210	10	6	311	7	322	1.45e-14	68.9
68.343	580.327	28.479	309	194	13	7	297	4	303	3.88e-13	64.3
68.343	1564.363	24.359	234	151	7	63	278	69	294	7.50e-12	60.8
68.343	545.350	29.630	270	147	12	47	295	59	306	1.31e-11	60.1
68.343	1709.357	23.132	281	192	8	40	305	45	316	1.51e-10	56.6
68.343	1025.338	24.756	307	205	10	11	297	6	306	4.51e-10	55.1
68.343	1139.378	25.649	308	198	12	6	291	16	314	1.23e-08	50.8
623.343	623.343	100.000	343	0	0	1	343	1	343	0.0	630
623.343	927.339	46.178	314	164	4	24	335	23	333	2.17e-95	282
623.343	1064.339	46.178	314	164	4	24	335	23	333	2.17e-95	282
623.343	301.339	46.178	314	164	4	24	335	23	333	3.43e-95	282
623.343	990.337	44.444	315	171	3	24	336	23	335	7.32e-85	255
623.343	1761.356	34.056	323	197	8	25	334	27	346	2.35e-55	180
623.343	1492.342	35.161	310	194	5	24	330	24	329	3.01e-51	169
623.343	440.342	36.449	321	194	7	24	339	24	339	1.89e-48	161
623.343	1270.342	36.449	321	194	7	24	339	24	339	1.89e-48	161
623.343	1527.344	35.463	313	191	7	24	330	24	331	5.52e-48	160
623.343	35.343	35.106	282	174	5	24	301	24	300	3.21e-43	148
623.343	68.343	35.106	282	174	5	24	301	24	300	5.72e-43	147
623.343	476.342	33.206	262	167	4	24	283	24	279	7.04e-38	134
623.343	1394.342	30.272	294	188	7	55	342	52	334	1.57e-35	127
623.343	198.344	29.588	267	184	3	46	310	43	307	4.35e-34	124
623.343	1310.341	32.479	234	152	5	55	285	52	282	2.84e-33	121
623.343	1359.341	32.479	234	152	5	55	285	52	282	2.84e-33	121
623.343	675.348	28.378	296	198	6	26	310	21	313	4.04e-31	115
623.343	1627.347	28.155	309	208	8	37	337	35	337	1.40e-25	100
623.343	118.342	28.571	294	185	11	25	306	26	306	4.00e-24	96.3
623.343	162.340	31.250	144	88	2	158	296	158	295	1.14e-17	77.8
623.343	719.338	28.182	330	206	11	25	343	29	338	2.29e-17	77.0
623.343	957.358	25.524	286	198	8	29	307	32	309	2.68e-13	65.1
623.343	842.358	25.524	286	198	8	29	307	32	309	2.73e-13	65.1
623.343	802.357	25.000	280	187	7	36	305	33	299	3.04e-13	65.1
623.343	1139.378	27.948	229	135	11	31	239	43	261	1.38e-11	60.1
623.343	754.350	26.384	307	205	11	29	321	31	330	2.22e-11	59.3
623.343	1177.338	26.282	156	109	2	157	310	157	308	6.69e-09	51.6
623.343	1025.338	22.995	187	139	4	128	311	135	319	2.95e-08	49.7
623.343	1564.363	26.749	243	150	9	35	256	39	274	7.11e-08	48.5
623.343	891.327	25.234	214	149	6	32	239	30	238	1.09e-07	47.8
623.343	1674.387	28.750	160	97	7	41	189	56	209	1.58e-07	47.4
654.343	654.343	100.000	343	0	0	1	343	1	343	0.0	656
654.343	780.351	49.419	344	163	3	1	334	1	343	1.49e-97	288
654.343	868.354	48.116	345	174	2	1	340	1	345	2.80e-94	280
654.343	1548.333	39.701	335	195	3	1	331	1	332	6.51e-71	219
654.343	1780.335	38.369	331	199	2	1	327	1	330	1.42e-69	216
654.343	45.345	39.181	342	185	8	1	329	1	332	2.72e-55	179
654.343	414.352	35.976	328	205	3	8	330	16	343	1.03e-53	176
654.343	508.346	36.842	342	200	5	1	332	1	336	8.27e-53	173
654.343	599.348	36.012	336	206	5	1	329	1	334	1.59e-52	172
654.343	235.345	34.431	334	212	4	1	329	1	332	2.80e-51	169
654.343	358.345	34.431	334	212	4	1	329	1	332	2.80e-51	169
654.343	1155.335	34.441	331	212	4	1	328	1	329	2.19e-45	153
654.343	1017.337	30.473	338	212	3	1	327	6	331	5.73e-45	152
654.343	647.381	34.049	326	202	7	1	317	33	354	7.60e-42	145
654.343	1736.332	31.532	333	217	4	1	327	1	328	4.63e-37	131
654.343	1587.345	30.514	331	223	5	1	327	1	328	7.20e-36	128
654.343	280.336	31.230	317	213	4	1	317	1	312	8.94e-36	128
654.343	1636.420	25.081	307	196	7	1	277	34	336	4.66e-13	64.7
654.343	867.413	22.438	361	243	9	1	326	10	368	4.05e-12	61.6
654.343	1365.479	22.849	372	240	10	1	327	76	445	1.56e-11	60.1
654.343	1316.416	23.529	374	235	12	1	327	13	382	1.65e-11	59.7
654.343	191.416	23.118	372	239	11	1	327	13	382	5.78e-11	58.2
670.343	670.343	100.000	343	0	0	1	343	1	343	0.0	622
670.343	1354.306	46.360	261	130	3	49	306	35	288	3.62e-79	240
670.343	1399.304	46.360	261	130	3	49	306	35	288	4.65e-79	239
670.343	203.305	45.848	277	138	4	48	321	34	301	1.09e-78	238
670.343	1305.306	46.360	261	130	3	49	306	35	288	2.09e-78	238
670.343	540.305	39.231	260	143	7	53	309	39	286	4.47e-48	159
670.343	886.403	34.409	279	164	7	52	325	132	396	8.01e-45	154
670.343	617.299	33.813	278	163	9	53	323	29	292	1.07e-44	150
670.343	984.299	35.115	262	153	8	47	304	35	283	1.10e-44	150
670.343	387.437	34.843	287	165	7	52	331	159	430	1.16e-44	154
670.343	296.296	36.047	258	145	8	53	304	38	281	2.18e-44	149
670.343	63.314	37.548	261	142	8	48	302	32	277	5.16e-44	149
670.343	25.315	37.165	261	143	8	48	302	33	278	5.57e-44	149
670.343	932.297	35.659	258	146	8	53	304	39	282	2.16e-43	147
670.343	1059.297	35.659	258	146	8	53	304	39	282	2.16e-43	147
670.343	1532.314	36.822	258	141	9	52	302	40	282	3.58e-43	147
670.343	1622.315	35.135	259	150	7	47	302	45	288	9.37e-43	146
670.343	1487.325	33.557	298	170	10	48	334	40	320	1.47e-42	145
670.343	1715.306	32.609	276	164	6	52	316	37	301	5.77e-42	144
670.343	714.294	34.843	287	150	12	48	321	26	288	6.80e-42	143
670.343	1030.310	36.400	250	142	7	47	293	38	273	7.58e-42	143
670.343	1669.436	36.177	293	155	12	47	328	155	426	7.63e-42	146
670.343	759.306	38.846	260	143	7	53	309	41	287	9.76e-42	143
670.343	1444.322	31.022	274	168	7	53	319	51	310	8.15e-41	141
670.343	807.309	30.798	263	169	6	50	309	49	301	7.50e-40	138
670.343	435.316	33.333	270	158	7	50	311	33	288	3.02e-39	137
670.343	1265.316	33.333	270	158	7	50	311	33	288	3.02e-39	137
670.343	481.313	32.950	261	155	8	50	304	32	278	1.33e-38	135
670.343	1766.314	32.950	261	155	7	50	304	37	283	2.10e-38	134
670.343	1144.434	36.630	273	146	12	47	309	152	407	2.60e-38	137
670.343	1172.301	31.769	277	161	9	51	319	37	293	2.10e-37	131
670.343	952.313	29.278	263	173	6	50	309	53	305	3.03e-37	131
670.343	1569.311	31.915	282	164	9	53	319	36	304	3.89e-37	131
670.343	341.423	32.482	274	166	8	53	321	157	416	1.09e-36	132
670.343	251.453	32.482	274	166	8	53	321	157	416	2.35e-36	132
670.343	837.313	29.278	263	173	6	50	309	53	305	2.46e-36	129
670.343	113.305	32.422	256	155	7	69	320	52	293	5.35e-35	125
670.343	158.286	32.806	253	151	8	52	302	37	272	5.91e-34	122
670.343	1216.455	32.601	273	162	8	62	323	170	431	8.94e-34	125
670.343	585.420	29.688	256	158	8	53	302	155	394	1.30e-30	115
118.342	118.342	100.000	342	0	0	1	342	1	342	0.0	555
118.342	1177.338	37.956	274	166	3	28	298	28	300	2.26e-55	179
118.342	719.338	34.909	275	175	2	26	298	29	301	1.54e-50	167
118.342	1025.338	30.268	261	177	3	47	303	52	311	9.98e-35	125
118.342	440.342	28.881	277	186	7	26	297	25	295	1.04e-24	98.2
118.342	1270.342	28.881	277	186	7	26	297	25	295	1.04e-24	98.2
118.342	1492.342	28.777	278	185	6	26	297	25	295	9.47e-24	95.5
118.342	35.343	27.798	277	190	7	26	297	25	296	4.11e-23	93.6
118.342	623.343	28.374	289	188	11	26	304	25	304	4.32e-23	93.6
118.342	68.343	27.798	277	190	7	26	297	25	296	6.99e-23	92.8
118.342	162.340	34.118	170	92	6	142	298	141	303	1.71e-21	89.0
118.342	1310.341	25.000	252	166	6	57	296	53	293	3.36e-20	85.1
118.342	1359.341	25.000	252	166	6	57	296	53	293	3.36e-20	85.1
118.342	927.339	28.223	287	189	9	26	303	24	302	7.55e-20	84.3
118.342	1064.339	28.223	287	189	9	26	303	24	302	7.55e-20	84.3
118.342	675.348	27.481	262	178	6	37	295	46	298	8.00e-20	84.3
118.342	1394.342	23.984	246	170	4	57	293	53	290	1.04e-19	84.0
118.342	990.337	27.562	283	194	7	26	302	24	301	1.51e-19	83.2
118.342	301.339	27.875	287	190	9	26	303	24	302	2.82e-19	82.8
118.342	476.342	26.296	270	189	6	26	290	25	289	3.16e-19	82.4
118.342	198.344	24.603	252	167	6	57	296	53	293	2.31e-17	77.0
118.342	1761.356	27.907	258	174	6	57	304	60	315	3.40e-17	76.6
118.342	1527.344	25.641	273	192	7	26	292	25	292	1.45e-16	74.7
118.342	1627.347	27.381	252	168	9	33	276	32	276	9.74e-13	63.2
118.342	957.358	25.461	271	185	10	30	290	32	295	2.26e-08	50.1
118.342	842.358	25.461	271	185	10	30	290	32	295	2.30e-08	50.1
440.342	440.342	100.000	342	0	0	1	342	1	342	0.0	620
440.342	1270.342	100.000	342	0	0	1	342	1	342	0.0	620
440.342	35.343	77.843	343	75	1	1	342	1	343	4.83e-172	477
440.342	68.343	77.843	343	75	1	1	342	1	343	5.27e-172	477
440.342	1492.342	72.886	343	91	2	1	342	1	342	1.68e-169	471
440.342	476.342	75.219	343	83	2	1	342	1	342	1.09e-161	451
440.342	1527.344	68.605	344	106	2	1	342	1	344	5.72e-155	434
440.342	623.343	36.250	320	196	5	24	339	24	339	1.88e-47	159
440.342	301.339	34.906	318	198	6	23	336	22	334	3.96e-45	152
440.342	927.339	34.591	318	199	6	23	336	22	334	3.65e-44	150
440.342	1064.339	34.591	318	199	6	23	336	22	334	3.65e-44	150
440.342	990.337	34.539	304	193	4	21	320	20	321	3.02e-40	140
440.342	198.344	29.965	287	191	5	53	337	53	331	8.52e-31	114
440.342	1394.342	31.349	252	170	3	53	303	53	302	8.43e-30	112
440.342	1761.356	30.201	298	196	4	53	340	60	355	8.34e-29	109
440.342	1310.341	29.762	252	174	3	53	303	53	302	1.21e-27	106
440.342	1359.341	29.762	252	174	3	53	303	53	302	1.21e-27	106
440.342	719.338	29.151	271	184	5	53	319	58	324	1.39e-26	103
440.342	675.348	26.101	318	210	9	1	303	1	308	2.56e-26	102
440.342	1177.338	31.502	273	172	8	53	314	56	324	5.35e-25	99.0
440.342	162.340	30.531	226	147	5	85	303	88	310	4.81e-24	96.3
440.342	1627.347	30.303	264	169	8	53	309	54	309	9.27e-22	89.7
440.342	118.342	28.826	281	189	7	21	295	22	297	1.33e-20	86.7
440.342	957.358	29.730	222	148	5	53	268	57	276	9.41e-19	81.3
440.342	842.358	29.730	222	148	5	53	268	57	276	1.09e-18	81.3
440.342	802.357	29.279	222	149	5	53	268	56	275	3.36e-17	76.6
440.342	891.327	28.000	275	184	8	60	328	60	326	1.31e-13	65.9
440.342	1449.336	27.843	255	178	4	64	314	68	320	1.57e-13	65.5
440.342	1564.363	24.815	270	167	9	27	277	42	294	4.17e-11	58.5
440.342	580.327	30.396	227	144	8	85	305	88	306	4.85e-11	58.2
440.342	1025.338	27.888	251	168	8	53	296	62	306	2.63e-10	55.8
440.342	1221.372	23.837	344	211	11	30	340	41	366	4.94e-10	55.1
440.342	256.332	25.094	267	185	8	46	305	49	307	5.86e-10	54.7
440.342	336.332	25.094	267	185	8	46	305	49	307	5.86e-10	54.7
440.342	382.333	29.808	208	138	5	84	286	87	291	1.24e-09	53.9
440.342	545.350	32.738	168	94	7	45	204	58	214	2.30e-08	50.1
476.342	476.342	100.000	342	0	0	1	342	1	342	0.0	634
476.342	440.342	75.219	343	83	2	1	342	1	342	7.63e-175	484
476.342	1270.342	75.219	343	83	2	1	342	1	342	7.63e-175	484
476.342	35.343	72.886	343	92	1	1	342	1	343	1.93e-172	478
476.342	68.343	72.595	343	93	1	1	342	1	343	7.01e-172	477
476.342	1492.342	71.720	343	95	2	1	342	1	342	8.04e-169	469
476.342	1527.344	68.314	344	107	2	1	342	1	344	5.56e-166	462
476.342	301.339	35.714	280	175	4	23	299	22	299	3.45e-53	174
476.342	927.339	35.714	280	175	4	23	299	22	299	2.63e-52	171
476.342	1064.339	35.714	280	175	4	23	299	22	299	2.63e-52	171
476.342	990.337	35.192	287	174	6	21	304	20	297	2.39e-46	156
476.342	623.343	33.462	260	165	4	24	277	24	281	1.05e-40	141
476.342	198.344	32.171	258	162	6	54	305	53	303	5.85e-36	129
476.342	1394.342	31.225	253	171	3	54	305	53	303	6.43e-35	125
476.342	1310.341	29.644	253	175	3	54	305	53	303	4.41e-33	120
476.342	1359.341	29.644	253	175	3	54	305	53	303	4.41e-33	120
476.342	1761.356	29.316	307	201	6	21	313	23	327	6.44e-33	120
476.342	1627.347	27.925	265	182	5	54	313	54	314	2.75e-31	116
476.342	719.338	27.365	296	203	8	21	310	25	314	4.75e-30	112
476.342	1177.338	28.846	260	178	6	54	309	56	312	3.65e-29	110
476.342	675.348	28.346	254	178	4	53	305	59	309	5.97e-29	109
476.342	162.340	27.193	228	156	5	85	305	87	311	3.95e-24	96.3
476.342	957.358	26.354	277	182	7	54	310	57	331	6.95e-23	93.2
476.342	842.358	26.354	277	182	7	54	310	57	331	7.97e-23	93.2
476.342	1449.336	27.984	243	166	5	67	302	70	310	1.76e-22	91.7
476.342	545.350	30.455	220	136	8	51	256	54	270	2.18e-22	91.7
476.342	802.357	28.400	250	167	6	54	297	56	299	2.86e-22	91.3
476.342	118.342	26.296	270	189	6	25	289	26	290	3.51e-22	90.9
476.342	891.327	26.295	251	172	6	61	306	60	302	1.79e-21	88.6
476.342	1221.372	25.000	292	197	6	29	304	39	324	2.81e-20	85.9
476.342	256.332	25.468	267	184	9	47	306	49	307	2.41e-19	82.8
476.342	336.332	25.468	267	184	9	47	306	49	307	2.41e-19	82.8
476.342	382.333	25.000	292	202	6	21	298	14	302	2.66e-19	82.8
476.342	754.350	26.033	242	166	6	53	284	57	295	5.02e-18	79.0
476.342	580.327	27.193	228	154	5	86	308	88	308	2.69e-17	76.6
476.342	1025.338	25.000	240	169	6	54	287	62	296	4.47e-14	67.4
476.342	1709.357	21.895	306	215	8	25	312	27	326	5.67e-14	67.0
476.342	1564.363	24.887	221	140	7	63	265	69	281	6.25e-13	63.9
476.342	1674.387	23.846	260	175	9	50	296	67	316	2.30e-12	62.4
476.342	1139.378	22.101	276	197	7	31	292	44	315	1.32e-11	60.1
533.342	533.342	100.000	342	0	0	1	342	1	342	0.0	527
533.342	589.355	50.704	284	132	6	47	330	47	322	3.38e-79	241
533.342	59.345	48.829	299	150	2	47	342	47	345	3.98e-71	220
533.342	880.336	52.692	260	115	5	80	339	77	328	2.65e-67	210
533.342	1439.380	50.174	287	111	11	76	340	77	353	3.55e-66	209
533.342	392.354	38.800	250	132	5	106	342	113	354	4.54e-37	132
533.342	430.367	39.732	224	120	5	76	294	74	287	3.41e-29	110
533.342	1260.367	39.732	224	120	5	76	294	74	287	3.41e-29	110
533.342	1536.389	32.903	310	178	12	47	342	96	389	6.35e-26	102
533.342	21.343	32.362	309	177	11	47	338	47	340	2.77e-25	99.8
533.342	487.369	41.791	201	109	5	76	276	74	266	1.13e-22	92.8
533.342	766.373	41.765	170	86	3	76	238	73	236	3.80e-22	91.3
533.342	246.474	39.837	123	71	3	208	328	331	452	1.17e-15	72.8
533.342	346.474	39.837	123	71	3	208	328	331	452	1.17e-15	72.8
533.342	979.333	35.200	125	75	4	47	170	47	166	2.83e-11	58.9
1270.342	440.342	100.000	342	0	0	1	342	1	342	0.0	620
1270.342	1270.342	100.000	342	0	0	1	342	1	342	0.0	620
1270.342	35.343	77.843	343	75	1	1	342	1	343	4.83e-172	477
1270.342	68.343	77.843	343	75	1	1	342	1	343	5.27e-172	477
1270.342	1492.342	72.886	343	91	2	1	342	1	342	1.68e-169	471
1270.342	476.342	75.219	343	83	2	1	342	1	342	1.09e-161	451
1270.342	1527.344	68.605	344	106	2	1	342	1	344	5.72e-155	434
1270.342	623.343	36.250	320	196	5	24	339	24	339	1.88e-47	159
1270.342	301.339	34.906	318	198	6	23	336	22	334	3.96e-45	152
1270.342	927.339	34.591	318	199	6	23	336	22	334	3.65e-44	150
1270.342	1064.339	34.591	318	199	6	23	336	22	334	3.65e-44	150
1270.342	990.337	34.539	304	193	4	21	320	20	321	3.02e-40	140
1270.342	198.344	29.965	287	191	5	53	337	53	331	8.52e-31	114
1270.342	1394.342	31.349	252	170	3	53	303	53	302	8.43e-30	112
1270.342	1761.356	30.201	298	196	4	53	340	60	355	8.34e-29	109
1270.342	1310.341	29.762	252	174	3	53	303	53	302	1.21e-27	106
1270.342	1359.341	29.762	252	174	3	53	303	53	302	1.21e-27	106
1270.342	719.338	29.151	271	184	5	53	319	58	324	1.39e-26	103
1270.342	675.348	26.101	318	210	9	1	303	1	308	2.56e-26	102
1270.342	1177.338	31.502	273	172	8	53	314	56	324	5.35e-25	99.0
1270.342	162.340	30.531	226	147	5	85	303	88	310	4.81e-24	96.3
1270.342	1627.347	30.303	264	169	8	53	309	54	309	9.27e-22	89.7
1270.342	118.342	28.826	281	189	7	21	295	22	297	1.33e-20	86.7
1270.342	957.358	29.730	222	148	5	53	268	57	276	9.41e-19	81.3
1270.342	842.358	29.730	222	148	5	53	268	57	276	1.09e-18	81.3
1270.342	802.357	29.279	222	149	5	53	268	56	275	3.36e-17	76.6
1270.342	891.327	28.000	275	184	8	60	328	60	326	1.31e-13	65.9
1270.342	1449.336	27.843	255	178	4	64	314	68	320	1.57e-13	65.5
1270.342	1564.363	24.815	270	167	9	27	277	42	294	4.17e-11	58.5
1270.342	580.327	30.396	227	144	8	85	305	88	306	4.85e-11	58.2
1270.342	1025.338	27.888	251	168	8	53	296	62	306	2.63e-10	55.8
1270.342	1221.372	23.837	344	211	11	30	340	41	366	4.94e-10	55.1
1270.342	256.332	25.094	267	185	8	46	305	49	307	5.86e-10	54.7
1270.342	336.332	25.094	267	185	8	46	305	49	307	5.86e-10	54.7
1270.342	382.333	29.808	208	138	5	84	286	87	291	1.24e-09	53.9
1270.342	545.350	32.738	168	94	7	45	204	58	214	2.30e-08	50.1
1394.342	1394.342	100.000	342	0	0	1	342	1	342	0.0	604
1394.342	1310.341	83.801	321	51	1	20	340	20	339	0.0	511
1394.342	1359.341	83.801	321	51	1	20	340	20	339	0.0	511
1394.342	198.344	82.749	342	57	1	1	340	1	342	6.21e-180	497
1394.342	675.348	46.988	332	156	6	20	339	21	344	1.49e-88	265
1394.342	1492.342	30.545	275	181	4	53	321	54	324	2.51e-32	119
1394.342	476.342	31.225	253	171	3	53	303	54	305	9.10e-32	117
1394.342	623.343	33.028	218	142	3	52	267	55	270	9.17e-32	117
1394.342	440.342	31.349	252	170	3	53	302	53	303	1.75e-30	114
1394.342	1270.342	31.349	252	170	3	53	302	53	303	1.75e-30	114
1394.342	35.343	30.040	253	174	3	53	303	54	305	5.77e-30	112
1394.342	68.343	30.040	253	174	3	53	303	54	305	6.13e-30	112
1394.342	990.337	30.579	242	163	2	27	267	32	269	9.80e-30	111
1394.342	1527.344	28.958	259	180	3	53	308	54	311	4.63e-29	110
1394.342	927.339	30.882	204	140	1	48	250	49	252	7.66e-28	106
1394.342	1064.339	30.882	204	140	1	48	250	49	252	7.66e-28	106
1394.342	301.339	30.882	204	140	1	48	250	49	252	2.69e-27	105
1394.342	1761.356	28.444	225	154	2	50	267	57	281	4.68e-24	96.3
1394.342	1627.347	27.483	302	193	9	52	341	53	340	4.76e-23	93.6
1394.342	1177.338	28.044	271	188	4	52	316	55	324	2.63e-17	77.0
1394.342	162.340	26.587	252	174	4	24	267	27	275	3.05e-17	76.6
1394.342	118.342	28.662	157	109	3	53	208	57	211	3.28e-17	76.6
1394.342	719.338	23.929	280	205	3	52	329	57	330	1.95e-15	71.2
1394.342	957.358	26.794	209	135	6	20	217	25	226	3.25e-10	55.8
1394.342	842.358	26.794	209	135	6	20	217	25	226	3.43e-10	55.5
1394.342	1449.336	29.143	175	117	6	63	232	67	239	5.63e-10	54.7
1394.342	802.357	26.794	209	135	6	20	217	24	225	7.16e-10	54.7
1394.342	256.332	27.807	187	125	6	53	232	56	239	1.04e-09	53.9
1394.342	336.332	27.807	187	125	6	53	232	56	239	1.04e-09	53.9
1394.342	545.350	24.229	227	158	6	21	234	22	247	3.92e-09	52.4
1394.342	1564.363	25.339	221	145	6	52	253	59	278	3.95e-09	52.4
1394.342	1025.338	22.348	264	166	6	31	266	39	291	6.72e-09	51.6
1394.342	891.327	25.714	175	115	6	67	232	66	234	6.78e-08	48.5
1394.342	754.350	23.936	188	138	3	20	202	25	212	2.21e-07	47.0
1492.342	1492.342	100.000	342	0	0	1	342	1	342	0.0	662
1492.342	35.343	80.758	343	65	1	1	342	1	343	0.0	513
1492.342	68.343	80.758	343	65	1	1	342	1	343	0.0	513
1492.342	440.342	72.886	343	91	2	1	342	1	342	1.81e-180	498
1492.342	1270.342	72.886	343	91	2	1	342	1	342	1.81e-180	498
1492.342	1527.344	70.930	344	98	2	1	342	1	344	2.49e-178	493
1492.342	476.342	71.720	343	95	2	1	342	1	342	8.20e-166	461
1492.342	301.339	36.424	302	186	5	23	320	22	321	3.15e-59	189
1492.342	927.339	35.762	302	188	5	23	320	22	321	9.31e-58	186
1492.342	1064.339	35.762	302	188	5	23	320	22	321	9.31e-58	186
1492.342	990.337	37.898	314	180	7	23	325	22	331	1.69e-57	185
1492.342	623.343	37.179	312	185	7	24	329	24	330	8.39e-56	181
1492.342	719.338	31.190	311	203	7	23	327	27	332	1.87e-40	140
1492.342	198.344	32.819	259	156	6	54	303	53	302	1.14e-39	138
1492.342	1177.338	30.345	290	189	7	54	339	56	336	7.82e-37	130
1492.342	675.348	30.116	259	168	6	53	305	59	310	8.98e-36	128
1492.342	1394.342	30.545	275	181	4	54	324	53	321	5.74e-35	126
1492.342	1310.341	29.880	251	174	2	54	303	53	302	6.88e-34	123
1492.342	1359.341	29.880	251	174	2	54	303	53	302	6.88e-34	123
1492.342	1627.347	30.272	294	190	8	54	338	54	341	3.81e-33	121
1492.342	1761.356	31.010	287	180	7	63	333	71	355	3.99e-33	121
1492.342	162.340	28.761	226	154	3	86	305	88	312	3.78e-31	115
1492.342	118.342	28.777	278	185	6	25	295	26	297	2.47e-27	105
1492.342	957.358	28.244	262	172	8	54	308	57	309	1.90e-22	92.0
1492.342	842.358	28.244	262	172	8	54	308	57	309	2.01e-22	92.0
1492.342	1221.372	25.625	320	205	9	29	330	39	343	7.19e-22	90.5
1492.342	891.327	30.645	186	119	6	61	240	60	241	1.01e-21	89.4
1492.342	802.357	29.956	227	143	8	54	273	56	273	1.50e-21	89.4
1492.342	1449.336	29.661	236	155	7	75	301	77	310	2.69e-19	82.8
1492.342	545.350	26.480	321	192	13	43	340	50	349	3.03e-19	82.8
1492.342	382.333	29.412	204	129	8	61	258	64	258	5.68e-19	81.6
1492.342	256.332	26.894	264	178	10	44	296	46	305	4.27e-18	79.0
1492.342	336.332	26.894	264	178	10	44	296	46	305	4.27e-18	79.0
1492.342	754.350	25.524	286	178	11	53	317	57	328	3.08e-17	76.6
1492.342	1025.338	26.070	257	178	6	54	303	62	313	1.69e-14	68.6
1492.342	1564.363	24.359	234	150	6	63	277	69	294	8.65e-14	66.6
1492.342	580.327	27.027	222	142	7	86	294	88	302	2.11e-13	65.1
1492.342	1709.357	29.032	155	95	5	39	184	44	192	2.31e-12	62.4
1492.342	1139.378	25.581	258	160	9	54	290	68	314	1.12e-11	60.1
1616.342	1616.342	100.000	342	0	0	1	342	1	342	8.29e-180	497
1616.342	812.344	38.676	287	164	7	47	327	52	332	1.01e-37	133
1616.342	292.359	38.182	110	55	5	240	337	241	349	4.98e-10	55.1
1616.342	1723.352	31.429	140	87	5	185	317	188	325	1.26e-09	53.9
937.341	937.341	100.000	341	0	0	1	341	1	341	0.0	585
937.341	1054.341	100.000	341	0	0	1	341	1	341	0.0	585
937.341	292.359	43.537	294	147	9	49	325	48	339	3.73e-52	172
937.341	1723.352	30.592	304	185	10	48	335	47	340	6.32e-27	104
937.341	1149.352	32.917	240	126	11	54	271	57	283	1.54e-13	65.9
937.341	611.328	29.104	268	160	12	61	315	68	318	1.29e-11	59.7
937.341	812.344	28.641	206	140	6	116	317	123	325	1.02e-09	53.9
937.341	1616.342	29.339	242	158	7	76	314	86	317	1.11e-09	53.9
937.341	589.355	29.577	142	84	4	113	253	128	254	7.28e-07	45.4
937.341	21.343	31.481	162	99	6	117	269	110	268	8.95e-07	45.1
