1571.98	1571.98	100.000	98	0	0	1	98	1	98	4.45e-55	159
1571.98	666.49	52.778	36	17	0	5	40	6	41	3.77e-07	36.6
314.97	314.97	100.000	89	0	0	1	89	1	89	1.15e-47	140
489.97	489.97	100.000	97	0	0	1	97	1	97	3.62e-72	202
726.97	726.97	100.000	97	0	0	1	97	1	97	1.86e-71	200
734.97	734.97	100.000	97	0	0	1	97	1	97	9.35e-67	188
823.97	823.97	100.000	97	0	0	1	97	1	97	2.35e-70	197
1116.97	1116.97	100.000	97	0	0	1	97	1	97	1.09e-71	201
1175.97	1175.97	100.000	97	0	0	1	97	1	97	8.95e-59	168
1175.97	717.91	43.056	72	41	0	17	88	16	87	2.68e-16	60.8
1397.97	1397.97	100.000	97	0	0	1	97	1	97	3.24e-37	114
1397.97	1307.94	80.220	91	18	0	1	91	1	91	1.11e-28	92.4
1397.97	1356.94	80.220	91	18	0	1	91	1	91	1.11e-28	92.4
1397.97	201.94	79.121	91	19	0	1	91	1	91	3.97e-27	88.6
1397.97	672.94	43.956	91	51	0	3	93	2	92	1.45e-13	53.9
172.96	172.96	100.000	96	0	0	1	96	1	96	3.38e-64	182
619.96	619.96	100.000	96	0	0	1	96	1	96	8.31e-60	171
619.96	298.94	39.474	76	44	1	21	96	21	94	5.65e-14	55.1
619.96	930.94	38.158	76	45	1	21	96	21	94	1.76e-13	53.9
619.96	1061.94	38.158	76	45	1	21	96	21	94	1.76e-13	53.9
619.96	986.94	38.542	96	57	1	1	96	1	94	1.03e-10	46.6
967.96	967.96	100.000	96	0	0	1	96	1	96	1.79e-63	180
1021.96	1021.96	100.000	96	0	0	1	96	1	96	2.35e-67	190
1665.96	1665.96	100.000	96	0	0	1	96	1	96	5.88e-69	194
1685.96	1685.96	100.000	96	0	0	1	96	1	96	5.67e-70	196
1685.96	262.80	48.649	37	19	0	4	40	2	38	3.98e-09	42.4
1685.96	330.80	48.649	37	19	0	4	40	2	38	3.98e-09	42.4
1685.96	469.81	42.857	35	20	0	5	39	3	37	5.17e-07	37.0
1212.95	1212.95	100.000	95	0	0	1	95	1	95	4.43e-66	186
48.94	48.94	100.000	94	0	0	1	94	1	94	4.93e-65	184
127.94	127.94	100.000	94	0	0	1	94	1	94	1.22e-66	188
201.94	201.94	100.000	94	0	0	1	94	1	94	4.79e-50	146
201.94	1307.94	89.362	94	10	0	1	94	1	94	1.46e-46	137
201.94	1356.94	89.362	94	10	0	1	94	1	94	1.46e-46	137
201.94	1397.97	79.121	91	19	0	1	91	1	91	1.22e-29	94.7
201.94	672.94	43.023	86	49	0	4	89	3	88	3.68e-17	63.2
201.94	619.96	37.634	93	51	3	9	94	4	96	2.95e-07	37.7
298.94	298.94	100.000	94	0	0	1	94	1	94	2.41e-49	144
298.94	930.94	92.553	94	7	0	1	94	1	94	7.47e-47	138
298.94	1061.94	92.553	94	7	0	1	94	1	94	7.47e-47	138
298.94	986.94	60.638	94	37	0	1	94	1	94	1.32e-28	92.0
298.94	619.96	36.458	96	59	1	1	94	1	96	1.34e-12	51.6
672.94	672.94	100.000	94	0	0	1	94	1	94	6.42e-65	184
672.94	1307.94	46.512	86	46	0	3	88	4	89	1.08e-19	69.7
672.94	1356.94	46.512	86	46	0	3	88	4	89	1.08e-19	69.7
672.94	1397.97	43.956	91	51	0	2	92	3	93	2.39e-18	66.2
672.94	201.94	43.023	86	49	0	3	88	4	89	4.14e-17	63.2
672.94	1174.88	31.765	85	52	2	10	92	7	87	1.06e-09	43.9
672.94	479.99	33.673	98	57	2	3	93	1	97	7.61e-07	36.6
986.94	986.94	100.000	94	0	0	1	94	1	94	4.42e-44	131
986.94	298.94	60.638	94	37	0	1	94	1	94	9.96e-28	90.1
986.94	930.94	58.511	94	39	0	1	94	1	94	1.45e-26	87.0
986.94	1061.94	58.511	94	39	0	1	94	1	94	1.45e-26	87.0
986.94	619.96	38.158	76	45	1	21	94	21	96	7.74e-08	39.3
1307.94	1307.94	100.000	94	0	0	1	94	1	94	4.04e-53	154
1307.94	1356.94	100.000	94	0	0	1	94	1	94	4.04e-53	154
1307.94	201.94	89.362	94	10	0	1	94	1	94	7.98e-46	135
1307.94	1397.97	80.220	91	18	0	1	91	1	91	3.60e-31	98.6
1307.94	672.94	46.512	86	46	0	4	89	3	88	1.08e-19	69.7
1356.94	1307.94	100.000	94	0	0	1	94	1	94	4.04e-53	154
1356.94	1356.94	100.000	94	0	0	1	94	1	94	4.04e-53	154
1356.94	201.94	89.362	94	10	0	1	94	1	94	7.98e-46	135
1356.94	1397.97	80.220	91	18	0	1	91	1	91	3.60e-31	98.6
1356.94	672.94	46.512	86	46	0	4	89	3	88	1.08e-19	69.7
1546.94	1546.94	100.000	94	0	0	1	94	1	94	1.51e-67	190
1546.94	1782.89	39.785	93	49	2	1	93	1	86	9.65e-19	67.0
1567.94	1567.94	100.000	94	0	0	1	94	1	94	6.89e-50	145
1578.94	1578.94	100.000	94	0	0	1	94	1	94	1.01e-64	183
1578.94	412.90	34.831	89	57	1	6	94	3	90	7.70e-12	49.3
1672.94	1672.94	100.000	94	0	0	1	94	1	94	4.03e-55	159
1672.94	1141.91	73.333	90	22	1	5	94	4	91	1.15e-33	104
1672.94	756.96	36.066	61	39	0	5	65	13	73	9.37e-11	46.6
794.93	794.93	100.000	93	0	0	1	93	1	93	5.47e-68	191
1624.93	1624.93	100.000	73	0	0	21	93	21	93	5.27e-50	146
1765.93	1765.93	100.000	93	0	0	1	93	1	93	2.99e-35	108
160.92	160.92	100.000	92	0	0	1	92	1	92	2.56e-60	172
621.92	621.92	100.000	92	0	0	1	92	1	92	2.90e-65	184
621.92	987.89	46.774	62	32	1	7	68	6	66	2.37e-11	48.1
621.92	299.67	48.333	60	26	2	11	70	12	66	3.02e-11	47.4
621.92	1529.72	36.207	58	36	1	1	58	1	57	1.24e-08	40.8
621.92	929.67	43.333	60	29	2	11	70	12	66	1.38e-08	40.4
621.92	1062.67	43.333	60	29	2	11	70	12	66	1.38e-08	40.4
621.92	66.72	36.207	58	36	1	1	58	1	57	1.73e-08	40.4
621.92	1490.72	37.500	56	34	1	1	56	1	55	2.14e-08	40.0
621.92	33.72	42.500	40	23	0	19	58	18	57	3.05e-08	39.7
621.92	478.72	37.931	58	35	1	1	58	1	57	3.40e-08	39.7
621.92	438.72	40.476	42	25	0	19	60	18	59	7.22e-08	38.9
621.92	1268.72	40.476	42	25	0	19	60	18	59	7.22e-08	38.9
621.92	673.81	50.000	42	20	1	15	56	12	52	5.04e-07	36.6
699.92	699.92	100.000	92	0	0	1	92	1	92	9.51e-68	191
784.92	784.92	100.000	92	0	0	1	92	1	92	4.75e-50	146
784.92	1102.79	40.476	42	25	0	18	59	12	53	1.89e-07	37.7
784.92	604.77	48.571	35	18	0	25	59	18	52	2.59e-07	37.4
805.92	805.92	100.000	74	0	0	19	92	19	92	2.22e-37	114
805.92	839.92	95.946	74	3	0	19	92	19	92	1.07e-35	110
805.92	954.92	95.946	74	3	0	19	92	19	92	1.07e-35	110
839.92	839.92	100.000	92	0	0	1	92	1	92	1.39e-36	112
839.92	954.92	100.000	92	0	0	1	92	1	92	1.39e-36	112
839.92	805.92	93.478	92	6	0	1	92	1	92	3.60e-35	108
906.92	906.92	100.000	92	0	0	1	92	1	92	1.28e-66	187
906.92	1507.91	58.140	86	35	1	4	88	2	87	1.76e-32	101
954.92	839.92	100.000	92	0	0	1	92	1	92	1.39e-36	112
954.92	954.92	100.000	92	0	0	1	92	1	92	1.39e-36	112
954.92	805.92	93.478	92	6	0	1	92	1	92	3.60e-35	108
1043.92	1043.92	100.000	92	0	0	1	92	1	92	3.20e-55	159
717.91	717.91	100.000	91	0	0	1	91	1	91	4.05e-41	123
717.91	1175.97	43.182	88	49	1	1	87	1	88	2.98e-18	65.9
717.91	116.83	48.649	37	19	0	1	37	7	43	5.65e-10	44.3
717.91	66.72	50.000	26	13	0	19	44	18	43	3.18e-07	37.0
717.91	33.72	50.000	26	13	0	19	44	18	43	3.32e-07	37.0
806.91	806.91	100.000	91	0	0	1	91	1	91	9.74e-37	112
806.91	838.91	90.110	91	9	0	1	91	1	91	4.83e-31	98.2
806.91	953.91	90.110	91	9	0	1	91	1	91	4.83e-31	98.2
821.91	821.91	100.000	91	0	0	1	91	1	91	3.41e-64	181
838.91	838.91	100.000	91	0	0	1	91	1	91	3.43e-35	108
838.91	953.91	100.000	91	0	0	1	91	1	91	3.43e-35	108
838.91	806.91	90.110	91	9	0	1	91	1	91	2.31e-30	96.3
953.91	838.91	100.000	91	0	0	1	91	1	91	3.43e-35	108
953.91	953.91	100.000	91	0	0	1	91	1	91	3.43e-35	108
953.91	806.91	90.110	91	9	0	1	91	1	91	2.31e-30	96.3
970.91	970.91	100.000	91	0	0	1	91	1	91	5.13e-67	189
1002.91	1002.91	100.000	91	0	0	1	91	1	91	1.62e-52	152
1141.91	1141.91	100.000	91	0	0	1	91	1	91	4.55e-52	151
1141.91	1672.94	73.333	90	22	1	4	91	5	94	6.96e-33	102
1141.91	756.96	39.344	61	35	1	4	62	13	73	1.91e-10	45.8
1507.91	1507.91	100.000	75	0	0	1	75	1	75	8.44e-43	127
1507.91	906.92	56.757	74	31	1	2	75	4	76	9.50e-18	64.3
1690.91	1690.91	100.000	91	0	0	1	91	1	91	1.05e-62	178
