162.340	162.340	100.000	318	0	0	1	318	1	318	3.00e-146	411
162.340	719.338	30.736	231	156	2	58	288	60	286	1.30e-26	102
162.340	1177.338	38.798	183	107	2	61	242	61	239	1.96e-26	102
162.340	118.342	39.450	109	60	3	141	249	142	244	3.98e-19	81.6
162.340	1492.342	29.412	170	113	3	88	256	86	249	2.42e-17	76.6
162.340	68.343	29.825	171	112	4	88	256	86	250	9.94e-17	74.7
162.340	35.343	29.825	171	112	4	88	256	86	250	1.02e-16	74.7
162.340	990.337	37.879	132	74	3	121	250	119	244	1.49e-16	74.3
162.340	440.342	30.814	172	109	5	88	256	85	249	1.90e-15	70.9
162.340	1270.342	30.814	172	109	5	88	256	85	249	1.90e-15	70.9
162.340	675.348	30.052	193	129	2	58	250	62	248	2.51e-14	67.8
162.340	927.339	37.000	100	57	1	151	250	151	244	2.72e-14	67.4
162.340	1064.339	37.000	100	57	1	151	250	151	244	2.72e-14	67.4
162.340	301.339	37.000	100	57	1	151	250	151	244	3.52e-14	67.4
162.340	1394.342	29.381	194	130	2	58	250	55	242	7.84e-14	66.2
162.340	476.342	27.326	172	115	5	88	256	86	250	1.12e-13	65.9
162.340	198.344	27.835	194	133	2	58	250	55	242	2.08e-13	65.1
162.340	1310.341	35.772	123	73	1	159	281	157	273	2.49e-13	64.7
162.340	1359.341	35.772	123	73	1	159	281	157	273	2.49e-13	64.7
162.340	623.343	32.800	125	79	1	158	282	158	277	3.98e-13	63.9
162.340	1527.344	38.776	98	54	2	159	256	160	251	9.72e-12	59.7
162.340	1627.347	25.444	169	115	4	88	252	86	247	1.15e-09	53.5
162.340	1761.356	27.731	119	83	2	134	250	139	256	5.92e-09	51.2
229.339	229.339	100.000	339	0	0	1	339	1	339	0.0	606
229.339	364.339	100.000	339	0	0	1	339	1	339	0.0	606
364.339	229.339	100.000	339	0	0	1	339	1	339	0.0	606
364.339	364.339	100.000	339	0	0	1	339	1	339	0.0	606
719.338	719.338	100.000	310	0	0	29	338	29	338	0.0	631
719.338	1177.338	51.438	313	143	5	29	334	26	336	2.90e-107	312
719.338	118.342	34.909	275	175	2	29	301	26	298	3.51e-56	181
719.338	1025.338	38.321	274	162	5	37	304	37	309	6.69e-51	167
719.338	162.340	30.588	255	173	2	60	310	58	312	9.27e-45	151
719.338	1492.342	31.392	309	201	7	29	332	25	327	2.10e-40	140
719.338	68.343	30.153	262	175	5	58	315	54	311	1.92e-34	124
719.338	35.343	30.153	262	175	5	58	315	54	311	2.06e-34	124
719.338	440.342	29.151	271	184	5	58	324	53	319	2.29e-34	124
719.338	1270.342	29.151	271	184	5	58	324	53	319	2.29e-34	124
719.338	1527.344	29.110	292	188	6	58	334	54	341	1.08e-33	122
719.338	675.348	27.483	302	209	4	36	333	41	336	1.73e-32	119
719.338	476.342	27.740	292	199	8	29	314	25	310	1.39e-29	110
719.338	927.339	28.571	308	209	7	29	328	24	328	2.86e-27	104
719.338	1064.339	28.571	308	209	7	29	328	24	328	2.86e-27	104
719.338	990.337	30.225	311	205	8	29	330	24	331	5.54e-27	103
719.338	301.339	28.247	308	210	7	29	328	24	328	1.11e-26	103
719.338	198.344	25.704	284	195	6	57	330	52	329	1.61e-21	88.6
719.338	623.343	28.440	327	209	10	29	338	25	343	1.81e-21	88.6
719.338	1627.347	25.402	311	216	7	32	333	28	331	4.70e-21	87.4
719.338	1394.342	23.929	280	205	3	57	330	52	329	1.38e-19	83.2
719.338	1310.341	24.825	286	195	6	57	330	52	329	2.32e-18	79.7
719.338	1359.341	24.825	286	195	6	57	330	52	329	2.32e-18	79.7
719.338	891.327	34.752	141	88	4	69	206	62	201	4.48e-18	78.6
719.338	545.350	28.986	207	129	5	40	232	36	238	6.63e-17	75.5
719.338	256.332	27.354	223	142	8	69	286	66	273	1.55e-16	73.9
719.338	336.332	27.354	223	142	8	69	286	66	273	1.55e-16	73.9
719.338	382.333	24.088	274	174	9	36	291	34	291	3.86e-13	63.9
719.338	1449.336	25.664	226	160	5	71	291	70	292	6.75e-13	63.2
719.338	957.358	28.986	276	170	12	29	289	28	292	7.45e-13	63.2
719.338	842.358	28.986	276	170	12	29	289	28	292	8.24e-13	63.2
719.338	580.327	25.490	204	148	4	90	290	88	290	4.43e-12	60.8
719.338	754.350	23.048	269	192	5	58	315	58	322	7.39e-12	60.1
719.338	1761.356	23.404	282	193	8	45	318	49	315	8.83e-12	60.1
719.338	802.357	27.160	324	199	16	29	330	27	335	3.65e-11	58.2
719.338	1674.387	25.000	260	175	7	46	291	59	312	5.67e-11	57.8
719.338	1221.372	30.827	133	79	4	58	180	64	193	9.23e-10	53.9
719.338	1709.357	26.380	163	108	4	35	187	32	192	3.04e-09	52.4
719.338	1139.378	23.571	280	181	7	37	295	47	314	7.58e-09	51.2
1025.338	1025.338	100.000	338	0	0	1	338	1	338	0.0	662
1025.338	719.338	37.847	288	170	6	23	309	25	304	1.25e-53	174
1025.338	1177.338	37.075	294	178	4	22	314	21	308	2.74e-52	171
1025.338	118.342	29.073	313	210	6	1	311	1	303	1.81e-42	145
1025.338	198.344	25.610	328	205	9	1	314	1	303	3.28e-20	85.1
1025.338	440.342	26.948	308	200	11	5	306	8	296	9.40e-17	74.7
1025.338	1270.342	26.948	308	200	11	5	306	8	296	9.40e-17	74.7
1025.338	301.339	26.791	321	215	10	1	317	1	305	1.12e-15	71.6
1025.338	675.348	23.585	318	222	7	4	313	4	308	4.31e-15	70.1
1025.338	927.339	26.769	325	210	11	1	317	1	305	6.69e-15	69.3
1025.338	1064.339	26.769	325	210	11	1	317	1	305	6.69e-15	69.3
1025.338	1492.342	24.116	311	216	8	8	313	8	303	3.62e-14	67.0
1025.338	68.343	24.756	307	205	10	6	306	11	297	4.67e-14	67.0
1025.338	1394.342	23.127	307	203	7	1	296	1	285	6.18e-14	66.6
1025.338	35.343	24.756	307	205	10	6	306	11	297	6.63e-14	66.2
1025.338	162.340	24.324	222	161	3	95	311	89	308	2.16e-13	64.7
1025.338	476.342	25.000	240	169	6	62	296	54	287	2.63e-13	64.7
1025.338	1527.344	26.154	260	182	6	62	316	54	308	3.62e-13	64.3
1025.338	1310.341	23.885	314	226	7	11	321	7	310	1.49e-12	62.4
1025.338	1359.341	23.885	314	226	7	11	321	7	310	1.49e-12	62.4
1025.338	990.337	24.766	214	154	5	97	307	89	298	2.32e-10	55.5
1025.338	754.350	25.738	237	153	9	92	313	87	315	4.20e-09	52.0
1025.338	623.343	22.995	187	139	4	135	319	128	311	1.08e-08	50.4
1025.338	1709.357	27.468	233	130	10	90	300	87	302	1.09e-08	50.4
1025.338	1761.356	21.498	307	228	7	6	304	6	307	1.43e-08	50.1
1025.338	382.333	28.358	201	132	4	116	305	108	307	9.44e-08	47.8
1025.338	545.350	22.785	237	169	6	95	322	91	322	2.21e-07	46.6
1025.338	1674.387	25.676	148	97	3	174	314	189	330	2.81e-07	46.2
1025.338	580.327	24.631	203	150	3	95	295	89	290	6.55e-07	45.1
711.337	711.337	100.000	337	0	0	1	337	1	337	0.0	505
711.337	1169.333	45.035	282	149	5	56	334	53	331	6.86e-67	209
711.337	1033.329	33.788	293	160	8	57	336	56	327	2.09e-30	113
711.337	154.330	31.868	273	161	12	59	324	63	317	1.89e-12	62.0
711.337	110.329	30.469	256	155	11	85	334	84	322	8.34e-09	50.8
280.336	280.336	100.000	336	0	0	1	336	1	336	0.0	680
280.336	1548.333	33.746	323	208	5	1	317	1	323	9.98e-46	154
280.336	654.343	31.230	317	213	4	1	312	1	317	6.59e-44	149
280.336	1780.335	29.781	319	216	6	1	311	1	319	1.04e-34	124
280.336	1017.337	29.154	319	218	4	1	313	6	322	1.07e-32	119
280.336	1587.345	28.197	305	213	5	14	312	14	318	8.09e-32	117
280.336	780.351	26.687	326	225	6	1	312	1	326	2.92e-31	115
280.336	868.354	27.300	337	232	8	1	325	1	336	1.09e-27	105
280.336	235.345	26.875	320	208	8	14	314	10	322	1.41e-25	100
280.336	358.345	26.875	320	208	8	14	314	10	322	1.41e-25	100
280.336	508.346	29.316	307	202	7	19	314	21	323	2.63e-25	99.4
280.336	45.345	28.846	312	198	9	20	317	22	323	7.82e-24	95.1
280.336	647.381	27.445	317	212	8	14	314	42	356	6.09e-23	93.2
280.336	599.348	27.389	314	214	8	14	313	10	323	2.13e-21	88.2
280.336	1155.335	25.552	317	228	6	8	317	8	323	2.34e-21	88.2
280.336	1736.332	29.825	228	154	4	1	222	1	228	5.68e-19	81.3
280.336	414.352	26.498	317	217	7	8	311	16	329	1.19e-18	80.5
815.336	815.336	100.000	336	0	0	1	336	1	336	0.0	573
815.336	1083.326	31.915	188	119	5	151	334	141	323	6.88e-19	80.9
815.336	944.320	25.287	174	121	4	151	318	140	310	1.29e-13	65.5
815.336	494.354	27.746	346	205	11	18	332	21	352	1.30e-13	65.5
815.336	829.320	24.713	174	122	4	151	318	140	310	9.40e-13	62.8
815.336	18.322	26.257	179	118	4	159	326	141	316	8.82e-10	53.9
880.336	880.336	100.000	336	0	0	1	336	1	336	4.06e-178	492
880.336	1439.380	51.133	309	141	5	26	324	38	346	6.59e-73	226
880.336	533.342	45.833	312	145	7	30	328	39	339	9.53e-56	180
880.336	392.354	51.447	311	134	10	36	334	48	353	3.41e-55	179
880.336	589.355	50.000	224	107	4	102	322	104	325	7.43e-51	167
880.336	59.345	45.852	229	116	5	102	322	106	334	3.84e-41	142
880.336	21.343	32.453	265	145	10	30	282	39	281	2.16e-09	52.8
1729.336	1729.336	100.000	336	0	0	1	336	1	336	0.0	635
1729.336	1583.193	37.363	91	52	2	144	231	52	140	7.21e-07	43.9
1729.336	288.197	30.201	149	68	3	110	228	11	153	9.21e-07	43.5
1169.333	1169.333	100.000	289	0	0	45	333	45	333	0.0	514
1169.333	711.337	45.035	282	149	5	53	331	56	334	4.60e-66	206
1169.333	1033.329	35.211	284	159	5	52	332	54	315	9.41e-41	140
1169.333	110.329	36.364	121	73	4	213	331	204	322	1.84e-12	62.0
1169.333	611.328	27.239	268	168	9	67	326	74	322	2.25e-11	58.5
1169.333	154.330	28.214	280	174	10	51	322	58	318	5.01e-11	57.4
1169.333	947.345	30.233	129	77	5	210	328	199	324	7.09e-07	44.7
518.332	518.332	100.000	332	0	0	1	332	1	332	0.0	690
266.331	266.331	100.000	331	0	0	1	331	1	331	0.0	559
266.331	326.331	100.000	331	0	0	1	331	1	331	0.0	559
326.331	266.331	100.000	331	0	0	1	331	1	331	0.0	559
326.331	326.331	100.000	331	0	0	1	331	1	331	0.0	559
154.330	154.330	100.000	312	0	0	1	312	1	312	2.83e-160	446
154.330	1033.329	43.548	124	67	2	13	136	10	130	1.98e-15	70.9
154.330	1169.333	31.915	94	63	1	58	151	51	143	3.50e-09	52.0
154.330	711.337	32.632	95	59	3	63	155	59	150	2.52e-08	49.3
218.330	218.330	100.000	330	0	0	1	330	1	330	0.0	594
218.330	427.316	39.185	319	170	7	3	318	4	301	1.96e-49	162
218.330	1257.316	39.185	319	170	7	3	318	4	301	1.96e-49	162
218.330	494.354	28.125	352	191	10	16	328	19	347	6.46e-26	100
218.330	18.322	30.696	316	192	11	16	322	14	311	4.04e-15	69.7
218.330	1083.326	29.682	283	179	7	43	322	45	310	6.89e-15	68.9
110.329	110.329	100.000	329	0	0	1	329	1	329	0.0	624
110.329	1169.333	31.873	251	135	11	94	322	95	331	3.56e-17	75.9
110.329	711.337	31.765	255	153	12	84	322	85	334	1.80e-15	70.9
110.329	1033.329	29.210	291	172	14	34	309	43	314	9.70e-11	56.6
110.329	1770.329	31.915	141	80	7	186	315	181	316	7.00e-09	50.8
1033.329	1033.329	100.000	329	0	0	1	329	1	329	0.0	565
1033.329	1169.333	35.915	284	157	6	54	315	52	332	7.70e-40	138
1033.329	711.337	34.354	294	157	9	56	327	57	336	1.22e-28	108
1033.329	154.330	34.066	273	156	12	10	267	13	276	3.57e-15	70.1
1033.329	611.328	27.184	206	138	8	69	267	72	272	5.44e-08	48.1
1770.329	1770.329	100.000	329	0	0	1	329	1	329	0.0	546
1770.329	1210.375	37.162	148	89	4	169	315	180	324	1.60e-12	62.4
1770.329	1664.369	31.206	141	94	3	164	302	168	307	4.14e-08	48.9
611.328	611.328	100.000	328	0	0	1	328	1	328	0.0	540
611.328	1149.352	34.899	298	167	12	3	282	2	290	3.45e-17	76.3
611.328	1169.333	27.138	269	167	9	74	322	67	326	3.69e-08	48.9
580.327	580.327	100.000	327	0	0	1	327	1	327	0.0	579
580.327	256.332	63.816	304	105	2	29	327	29	332	1.16e-125	358
580.327	336.332	63.816	304	105	2	29	327	29	332	1.16e-125	358
580.327	382.333	58.786	313	129	0	1	313	1	313	8.86e-112	323
580.327	891.327	64.839	310	105	2	22	327	18	327	3.71e-110	318
580.327	1449.336	57.576	297	124	1	22	316	23	319	8.95e-94	277
580.327	754.350	40.984	305	173	3	1	298	1	305	3.60e-58	186
580.327	545.350	38.264	311	185	3	1	304	1	311	6.31e-52	170
580.327	1709.357	35.185	270	167	4	38	300	39	307	7.28e-38	133
580.327	1674.387	31.230	317	209	5	3	310	15	331	3.98e-35	126
580.327	1139.378	31.293	294	193	4	34	318	44	337	5.11e-35	126
580.327	1221.372	35.047	214	131	3	93	298	101	314	2.27e-34	124
580.327	1527.344	27.111	225	130	8	93	302	91	296	1.43e-16	74.3
580.327	301.339	32.143	196	119	7	94	283	92	279	1.52e-16	73.9
580.327	927.339	32.143	196	119	7	94	283	92	279	1.70e-16	73.9
580.327	1064.339	32.143	196	119	7	94	283	92	279	1.70e-16	73.9
580.327	476.342	26.906	223	151	5	93	308	91	308	6.81e-16	72.0
580.327	35.343	30.594	219	132	9	93	303	91	297	3.49e-15	70.1
580.327	68.343	30.594	219	132	9	93	303	91	297	3.98e-15	70.1
580.327	1627.347	28.571	224	150	7	93	311	91	309	6.03e-15	69.3
580.327	440.342	29.487	234	150	8	93	318	90	316	1.59e-14	68.2
580.327	1270.342	29.487	234	150	8	93	318	90	316	1.59e-14	68.2
580.327	1492.342	26.728	217	139	7	93	302	91	294	3.94e-12	60.8
580.327	957.358	28.400	250	147	12	93	323	94	330	1.65e-11	58.9
580.327	842.358	28.400	250	147	12	93	323	94	330	1.71e-11	58.9
580.327	1177.338	27.586	203	136	6	93	290	93	289	1.68e-10	55.8
580.327	719.338	24.623	199	146	4	93	290	95	290	3.05e-10	55.1
580.327	802.357	27.600	250	149	12	93	323	93	329	3.92e-10	55.1
580.327	198.344	23.963	217	156	4	93	304	90	302	1.09e-07	47.4
580.327	990.337	27.976	168	112	6	93	256	91	253	2.98e-07	45.8
580.327	162.340	26.106	226	138	9	93	304	93	303	3.08e-07	45.8
580.327	675.348	26.357	129	88	4	93	216	97	223	6.14e-07	45.1
891.327	891.327	100.000	305	0	0	23	327	23	327	0.0	559
891.327	256.332	75.248	303	72	2	24	323	28	330	1.20e-158	442
891.327	336.332	75.248	303	72	2	24	323	28	330	1.20e-158	442
891.327	382.333	65.157	287	100	0	23	309	27	313	3.62e-131	372
891.327	580.327	65.246	305	102	2	23	327	27	327	4.86e-121	346
891.327	1449.336	60.797	301	118	0	24	324	29	329	1.67e-109	317
891.327	754.350	41.544	272	153	2	28	293	33	304	6.88e-63	198
891.327	545.350	38.516	283	167	2	25	300	29	311	1.72e-58	187
891.327	1709.357	36.047	258	157	3	34	284	39	295	1.71e-46	156
891.327	1221.372	36.803	269	158	5	37	294	47	314	1.95e-46	156
891.327	1674.387	36.299	281	171	4	30	302	47	327	4.48e-43	147
891.327	1139.378	34.043	282	177	4	30	302	44	325	2.76e-37	132
891.327	1527.344	31.683	202	127	6	45	241	47	242	2.55e-24	96.3
891.327	1492.342	30.882	204	130	7	42	241	44	240	1.47e-22	91.3
891.327	301.339	28.910	211	143	4	27	234	28	234	1.66e-21	88.2
891.327	476.342	26.692	266	181	7	45	302	47	306	3.17e-21	87.4
891.327	927.339	28.436	211	144	4	27	234	28	234	2.05e-20	85.1
891.327	1064.339	28.436	211	144	4	27	234	28	234	2.05e-20	85.1
891.327	35.343	32.353	204	128	7	42	241	44	241	3.30e-20	84.7
891.327	68.343	32.353	204	128	7	42	241	44	241	3.85e-20	84.3
891.327	1627.347	29.464	224	149	6	27	246	29	247	5.29e-20	84.3
891.327	440.342	27.931	290	194	8	45	326	46	328	6.30e-20	84.0
891.327	1270.342	27.931	290	194	8	45	326	46	328	6.30e-20	84.0
891.327	719.338	31.609	174	114	5	30	201	36	206	4.97e-19	81.3
891.327	1177.338	32.370	173	112	4	33	202	35	205	2.62e-17	76.3
891.327	990.337	27.315	216	142	5	27	235	28	235	1.99e-16	73.6
891.327	675.348	27.568	185	128	5	51	234	59	238	2.81e-14	67.4
891.327	802.357	27.523	218	146	7	33	243	37	249	2.19e-12	61.6
891.327	957.358	27.523	218	146	7	33	243	38	250	3.19e-12	61.2
891.327	842.358	27.523	218	146	7	33	243	38	250	3.25e-12	61.2
891.327	198.344	22.794	272	186	8	52	308	53	315	1.22e-10	56.2
891.327	623.343	25.701	214	148	6	30	238	32	239	7.75e-10	53.9
891.327	1394.342	25.926	189	125	6	52	234	53	232	4.30e-09	51.6
891.327	1761.356	24.859	177	125	5	54	227	62	233	3.11e-08	48.9
891.327	162.340	25.000	192	128	6	52	234	56	240	6.03e-07	45.1
1083.326	1083.326	100.000	326	0	0	1	326	1	326	0.0	591
1083.326	18.322	35.517	290	152	9	45	313	39	314	2.58e-27	104
1083.326	815.336	32.301	226	144	5	103	323	113	334	7.54e-23	92.0
1083.326	494.354	29.839	248	158	5	83	321	112	352	9.13e-22	89.4
1083.326	218.330	30.389	283	177	8	45	310	43	322	1.57e-21	88.2
1083.326	944.320	28.571	189	121	5	129	308	128	311	7.27e-17	74.7
1083.326	829.320	28.571	189	121	5	129	308	128	311	1.26e-16	73.9
1083.326	427.316	28.261	322	200	9	1	309	1	304	4.61e-16	72.4
1083.326	1257.316	28.261	322	200	9	1	309	1	304	4.61e-16	72.4
18.322	18.322	100.000	322	0	0	1	322	1	322	0.0	590
18.322	829.320	29.073	313	209	7	4	309	5	311	3.66e-25	98.2
18.322	944.320	28.435	313	211	7	4	309	5	311	3.21e-24	95.5
18.322	1083.326	33.564	289	159	8	39	314	45	313	1.08e-23	94.4
18.322	218.330	29.154	319	193	10	14	311	16	322	9.98e-19	80.1
18.322	427.316	28.788	198	129	6	129	322	127	316	6.33e-16	72.0
18.322	1257.316	28.788	198	129	6	129	322	127	316	6.33e-16	72.0
18.322	815.336	26.769	325	200	11	15	316	17	326	3.49e-12	60.8
18.322	494.354	28.390	236	138	9	96	316	127	346	3.41e-11	58.2
313.321	313.321	100.000	321	0	0	1	321	1	321	0.0	654
657.320	657.320	100.000	320	0	0	1	320	1	320	0.0	621
829.320	829.320	100.000	320	0	0	1	320	1	320	0.0	592
829.320	944.320	95.625	320	14	0	1	320	1	320	0.0	569
829.320	18.322	27.673	318	207	7	5	311	4	309	7.26e-25	97.4
829.320	1083.326	29.570	186	123	5	128	311	129	308	5.18e-16	72.4
829.320	815.336	25.000	176	123	4	138	310	149	318	2.67e-13	64.3
829.320	427.316	28.090	178	119	5	136	308	127	300	1.43e-10	55.8
829.320	1257.316	28.090	178	119	5	136	308	127	300	1.43e-10	55.8
829.320	218.330	27.429	175	116	6	149	319	157	324	1.79e-08	49.7
944.320	944.320	100.000	320	0	0	1	320	1	320	0.0	602
944.320	829.320	95.625	320	14	0	1	320	1	320	0.0	572
944.320	18.322	27.358	318	208	7	5	311	4	309	1.49e-24	96.7
944.320	1083.326	29.570	186	123	5	128	311	129	308	4.09e-16	72.4
944.320	815.336	25.568	176	122	4	138	310	149	318	4.02e-14	66.6
944.320	427.316	28.090	178	119	4	136	308	127	300	4.87e-11	57.4
944.320	1257.316	28.090	178	119	4	136	308	127	300	4.87e-11	57.4
944.320	218.330	28.000	175	115	6	149	319	157	324	5.09e-08	48.1
427.316	427.316	100.000	316	0	0	1	316	1	316	0.0	532
427.316	1257.316	100.000	316	0	0	1	316	1	316	0.0	532
427.316	218.330	38.110	328	179	7	4	310	3	327	5.32e-56	179
427.316	494.354	28.834	326	185	9	19	303	20	339	6.07e-20	84.0
427.316	18.322	28.283	198	130	5	127	316	129	322	3.94e-16	72.4
427.316	1083.326	29.282	181	119	4	126	304	136	309	1.37e-12	62.0
427.316	944.320	28.090	178	119	4	127	300	136	308	3.86e-11	57.8
427.316	829.320	28.090	178	119	5	127	300	136	308	1.17e-10	56.2
1257.316	427.316	100.000	316	0	0	1	316	1	316	0.0	532
1257.316	1257.316	100.000	316	0	0	1	316	1	316	0.0	532
1257.316	218.330	38.110	328	179	7	4	310	3	327	5.32e-56	179
1257.316	494.354	28.834	326	185	9	19	303	20	339	6.07e-20	84.0
1257.316	18.322	28.283	198	130	5	127	316	129	322	3.94e-16	72.4
1257.316	1083.326	29.282	181	119	4	126	304	136	309	1.37e-12	62.0
1257.316	944.320	28.090	178	119	4	127	300	136	308	3.86e-11	57.8
1257.316	829.320	28.090	178	119	5	127	300	136	308	1.17e-10	56.2
1432.316	1432.316	100.000	316	0	0	1	316	1	316	0.0	554
481.313	481.313	100.000	313	0	0	1	313	1	313	0.0	575
481.313	1487.325	69.825	285	79	3	17	294	22	306	1.05e-146	410
481.313	25.315	72.180	266	69	3	31	294	34	296	2.59e-139	392
481.313	63.314	72.180	266	69	3	31	294	33	295	2.79e-139	391
481.313	435.316	69.343	274	82	2	18	289	19	292	4.12e-138	389
481.313	1265.316	69.343	274	82	2	18	289	19	292	4.12e-138	389
481.313	1532.314	64.552	268	90	3	27	292	34	298	7.56e-125	355
481.313	617.299	45.956	272	142	4	19	287	13	282	1.07e-79	239
481.313	296.296	44.364	275	146	6	19	290	23	293	1.32e-75	229
481.313	932.297	43.478	276	149	6	18	290	23	294	2.67e-74	226
481.313	1059.297	43.478	276	149	6	18	290	23	294	2.67e-74	226
481.313	1766.314	44.828	261	140	3	19	278	26	283	6.88e-74	225
481.313	1172.301	45.420	262	133	5	31	288	35	290	4.62e-72	220
481.313	984.299	41.971	274	153	5	21	292	28	297	2.68e-70	215
481.313	1622.315	43.701	254	133	6	30	279	44	291	2.82e-64	200
481.313	1444.322	42.481	266	134	9	23	278	38	294	3.41e-64	200
481.313	714.294	42.688	253	133	6	31	279	27	271	1.49e-60	190
481.313	1030.310	41.045	268	145	7	31	292	38	298	4.76e-59	187
481.313	540.305	40.873	252	136	7	31	276	35	279	1.62e-56	180
481.313	807.309	35.338	266	163	6	28	288	45	306	1.71e-53	172
481.313	759.306	40.000	265	148	6	17	276	22	280	3.15e-52	169
481.313	158.286	41.699	259	132	11	33	285	36	281	8.77e-51	165
481.313	952.313	33.835	266	167	6	28	288	49	310	8.92e-51	166
481.313	837.313	33.835	266	167	6	28	288	49	310	4.01e-50	164
481.313	1715.306	37.770	278	160	7	23	291	26	299	5.71e-50	163
481.313	113.305	35.507	276	169	6	20	294	25	292	1.62e-45	152
481.313	1569.311	34.892	278	156	9	21	283	22	289	4.32e-44	148
481.313	1399.304	34.286	280	162	9	18	282	22	294	6.06e-40	137
481.313	670.343	33.929	280	160	11	17	278	32	304	1.41e-39	137
481.313	1354.306	34.286	280	162	10	18	282	22	294	4.16e-38	132
481.313	1305.306	33.929	280	163	10	18	282	22	294	1.39e-37	130
481.313	203.305	31.786	280	169	9	18	282	22	294	8.15e-35	123
837.313	837.313	100.000	313	0	0	1	313	1	313	0.0	554
837.313	952.313	98.083	313	6	0	1	313	1	313	0.0	546
837.313	807.309	89.457	313	29	1	1	313	1	309	0.0	520
837.313	1622.315	40.000	250	147	3	58	307	51	297	1.87e-65	203
837.313	1569.311	42.353	255	139	5	58	306	38	290	3.88e-61	192
837.313	296.296	34.800	250	158	4	58	305	40	286	1.90e-51	167
837.313	984.299	33.202	253	165	4	58	309	43	292	6.81e-51	165
837.313	932.297	34.000	250	160	4	58	305	41	287	2.85e-50	164
837.313	1059.297	34.000	250	160	4	58	305	41	287	2.85e-50	164
837.313	540.305	32.941	255	167	4	58	311	41	292	6.32e-50	163
837.313	1487.325	33.852	257	163	5	58	310	47	300	3.03e-48	159
837.313	1532.314	35.745	235	146	5	58	290	43	274	6.48e-47	155
837.313	759.306	34.118	255	163	5	58	311	43	293	1.22e-46	154
837.313	481.313	33.463	257	162	6	58	310	37	288	3.42e-46	154
837.313	25.315	33.333	255	164	5	58	310	40	290	1.41e-45	152
837.313	63.314	33.333	255	164	5	58	310	39	289	3.08e-45	151
837.313	617.299	31.873	251	165	5	58	305	31	278	1.44e-44	149
837.313	435.316	32.946	258	164	6	58	310	38	291	2.02e-44	149
837.313	1265.316	32.946	258	164	6	58	310	38	291	2.02e-44	149
837.313	1444.322	33.054	239	149	6	58	291	53	285	3.00e-44	149
837.313	1172.301	32.558	258	163	6	58	311	41	291	1.31e-40	139
837.313	1766.314	32.489	237	153	6	58	291	42	274	6.63e-40	137
837.313	1715.306	31.034	261	170	6	58	311	40	297	9.97e-40	136
837.313	714.294	34.310	239	140	8	58	290	33	260	1.05e-39	136
837.313	203.305	32.677	254	156	7	58	302	41	288	1.48e-39	136
837.313	1030.310	32.911	237	148	7	58	289	43	273	7.16e-39	134
837.313	1399.304	32.411	253	156	6	59	302	42	288	1.59e-37	130
837.313	1305.306	31.890	254	158	7	58	302	41	288	2.39e-36	127
837.313	1354.306	31.890	254	158	7	58	302	41	288	4.57e-36	127
837.313	670.343	29.457	258	169	6	58	305	55	309	6.20e-36	127
837.313	113.305	31.466	232	151	6	76	305	56	281	3.32e-35	124
837.313	158.286	30.120	249	164	5	58	305	40	279	5.76e-35	123
952.313	952.313	100.000	313	0	0	1	313	1	313	0.0	555
952.313	837.313	98.083	313	6	0	1	313	1	313	0.0	546
952.313	807.309	90.735	313	25	1	1	313	1	309	0.0	528
952.313	1622.315	40.000	250	147	3	58	307	51	297	2.99e-66	206
952.313	1569.311	41.961	255	140	5	58	306	38	290	5.84e-61	192
952.313	984.299	33.202	253	165	4	58	309	43	292	4.12e-51	166
952.313	296.296	34.800	250	158	4	58	305	40	286	4.62e-51	166
952.313	932.297	34.000	250	160	4	58	305	41	287	5.47e-50	163
952.313	1059.297	34.000	250	160	4	58	305	41	287	5.47e-50	163
952.313	540.305	32.941	255	167	4	58	311	41	292	1.01e-49	162
952.313	1487.325	34.630	257	161	5	58	310	47	300	1.03e-49	163
952.313	1532.314	37.021	235	143	5	58	290	43	274	2.53e-48	159
952.313	759.306	34.510	255	162	5	58	311	43	293	3.27e-48	159
952.313	25.315	34.118	255	162	5	58	310	40	290	5.20e-47	155
952.313	481.313	33.463	257	162	6	58	310	37	288	9.67e-47	155
952.313	63.314	34.118	255	162	5	58	310	39	289	1.05e-46	155
952.313	617.299	31.873	251	165	5	58	305	31	278	8.93e-45	149
952.313	1444.322	33.054	239	149	6	58	291	53	285	1.56e-44	149
952.313	435.316	32.946	258	164	6	58	310	38	291	3.54e-44	148
952.313	1265.316	32.946	258	164	6	58	310	38	291	3.54e-44	148
952.313	1715.306	31.034	261	170	6	58	311	40	297	2.03e-40	138
952.313	1766.314	32.489	237	153	6	58	291	42	274	2.08e-40	138
952.313	1172.301	32.171	258	164	6	58	311	41	291	3.20e-40	137
952.313	1030.310	32.489	237	149	7	58	289	43	273	2.16e-39	135
952.313	714.294	33.891	239	141	8	58	290	33	260	2.26e-39	135
952.313	203.305	32.812	256	153	9	58	302	41	288	4.87e-39	134
952.313	1399.304	32.411	253	156	6	59	302	42	288	3.62e-38	132
952.313	1305.306	31.890	254	158	7	58	302	41	288	4.30e-37	129
952.313	670.343	29.457	258	169	6	58	305	55	309	6.04e-37	130
952.313	1354.306	31.890	254	158	7	58	302	41	288	8.59e-37	129
952.313	158.286	30.120	249	164	5	58	305	40	279	2.30e-35	124
952.313	113.305	30.603	232	153	6	76	305	56	281	5.31e-34	121
1192.312	1192.312	100.000	312	0	0	1	312	1	312	0.0	558
1604.312	1604.312	100.000	312	0	0	1	312	1	312	0.0	523
1569.311	1569.311	100.000	311	0	0	1	311	1	311	0.0	603
1569.311	1622.315	36.986	292	175	5	4	293	16	300	1.26e-64	201
1569.311	807.309	41.869	289	160	5	4	290	20	302	1.80e-64	201
1569.311	837.313	40.559	286	162	5	7	290	27	306	9.12e-64	199
1569.311	952.313	40.210	286	163	5	7	290	27	306	1.21e-63	199
1569.311	435.316	37.282	287	156	8	22	298	22	294	2.67e-51	167
1569.311	1265.316	37.282	287	156	8	22	298	22	294	2.67e-51	167
1569.311	1444.322	37.500	296	163	11	5	294	25	304	1.35e-50	165
1569.311	296.296	36.559	279	162	8	19	292	21	289	2.04e-49	161
1569.311	1487.325	35.563	284	160	9	16	289	25	295	4.76e-48	159
1569.311	540.305	32.353	306	195	6	1	302	1	298	7.90e-47	155
1569.311	932.297	35.401	274	162	8	24	292	27	290	7.53e-46	152
1569.311	1059.297	35.401	274	162	8	24	292	27	290	7.53e-46	152
1569.311	617.299	35.417	288	166	11	12	289	1	278	3.86e-45	150
1569.311	1766.314	34.602	289	171	8	2	282	3	281	1.38e-43	147
1569.311	759.306	32.890	301	187	7	2	296	3	294	1.85e-43	146
1569.311	1532.314	35.106	282	159	10	29	300	35	302	2.60e-43	146
1569.311	25.315	34.559	272	158	7	28	292	30	288	2.60e-43	146
1569.311	63.314	33.824	272	160	7	28	292	29	287	6.18e-43	145
1569.311	481.313	33.813	278	159	9	22	289	21	283	3.96e-42	143
1569.311	1172.301	36.882	263	153	9	32	291	35	287	3.88e-41	140
1569.311	714.294	35.636	275	164	8	14	286	9	272	1.67e-40	138
1569.311	670.343	30.650	323	188	10	3	304	12	319	1.11e-38	134
1569.311	984.299	30.909	275	176	8	27	296	32	297	6.26e-36	126
1569.311	203.305	32.143	308	189	8	1	298	6	303	1.20e-33	120
1569.311	1715.306	32.333	300	182	10	1	288	1	291	1.26e-33	120
1569.311	1399.304	31.494	308	186	8	1	297	6	299	1.75e-33	120
1569.311	158.286	29.693	293	183	8	3	289	4	279	2.22e-33	119
1569.311	113.305	31.419	296	185	9	4	297	8	287	2.26e-33	119
1569.311	1354.306	32.095	296	178	9	1	286	6	288	6.32e-33	118
1569.311	1305.306	31.419	296	180	9	1	286	6	288	2.26e-32	117
1569.311	1030.310	30.943	265	156	10	38	291	43	291	6.24e-27	102
1030.310	1030.310	100.000	310	0	0	1	310	1	310	0.0	529
1030.310	481.313	41.045	268	145	7	38	298	31	292	2.16e-55	177
1030.310	714.294	41.365	249	135	6	38	282	27	268	7.48e-55	175
1030.310	1487.325	39.927	273	151	7	38	302	41	308	1.93e-52	170
1030.310	1532.314	38.951	267	151	7	38	298	38	298	1.94e-52	170
1030.310	1172.301	38.776	245	142	3	43	284	41	280	4.27e-52	168
1030.310	63.314	39.194	273	155	7	38	305	33	299	1.46e-51	167
1030.310	25.315	38.828	273	156	7	38	305	34	300	1.17e-50	165
1030.310	435.316	40.370	270	140	9	38	297	32	290	6.97e-49	160
1030.310	1265.316	40.370	270	140	9	38	297	32	290	6.97e-49	160
1030.310	113.305	37.931	261	153	6	38	296	35	288	3.30e-45	150
1030.310	617.299	37.931	261	147	8	43	297	31	282	1.51e-44	149
1030.310	1766.314	39.683	252	139	8	38	282	36	281	2.83e-44	148
1030.310	158.286	36.694	248	144	5	38	282	35	272	1.84e-43	145
1030.310	932.297	38.258	264	151	9	40	297	38	295	2.95e-43	145
1030.310	1059.297	38.258	264	151	9	40	297	38	295	2.95e-43	145
1030.310	984.299	36.538	260	156	6	43	298	43	297	8.28e-43	144
1030.310	296.296	38.258	264	151	9	40	297	37	294	3.43e-42	142
1030.310	540.305	34.959	246	147	8	43	282	41	279	7.91e-41	139
1030.310	1622.315	36.546	249	142	9	43	284	51	290	1.31e-39	136
1030.310	1444.322	33.209	268	162	8	38	298	48	305	1.45e-39	136
1030.310	670.343	36.400	250	142	7	38	273	47	293	4.82e-39	135
1030.310	759.306	35.433	254	152	8	43	291	43	289	1.06e-38	134
1030.310	807.309	33.755	237	146	7	43	273	54	285	1.38e-36	128
1030.310	1715.306	34.800	250	148	7	43	282	40	284	3.17e-36	127
1030.310	952.313	32.489	237	149	7	43	273	58	289	5.53e-34	121
1030.310	837.313	32.773	238	149	7	43	274	58	290	1.82e-33	120
1030.310	1399.304	33.333	258	154	7	44	288	42	294	1.40e-28	107
1030.310	203.305	32.319	263	158	7	43	296	41	292	7.40e-28	105
1030.310	1354.306	34.135	208	127	5	43	245	41	243	8.60e-27	102
1030.310	1305.306	34.135	208	127	5	43	245	41	243	9.72e-27	102
1030.310	1569.311	30.943	265	156	10	43	291	38	291	9.33e-26	99.4
807.309	807.309	100.000	309	0	0	1	309	1	309	0.0	577
807.309	952.313	92.652	313	19	1	1	309	1	313	0.0	546
807.309	837.313	91.374	313	23	1	1	309	1	313	0.0	540
807.309	1622.315	39.382	259	154	3	45	303	42	297	9.39e-68	209
807.309	1569.311	42.910	268	145	5	41	302	25	290	4.15e-66	205
807.309	1487.325	35.448	268	166	5	43	306	36	300	8.96e-55	176
807.309	481.313	35.338	266	163	6	45	306	28	288	1.12e-53	173
807.309	540.305	34.483	261	167	4	48	307	35	292	8.24e-53	170
807.309	759.306	35.955	267	166	5	42	307	31	293	1.61e-52	170
807.309	296.296	34.749	259	164	4	45	301	31	286	1.66e-52	169
807.309	984.299	32.819	259	170	4	48	305	37	292	6.71e-52	168
807.309	932.297	33.977	259	166	4	45	301	32	287	2.93e-51	166
807.309	1059.297	33.977	259	166	4	45	301	32	287	2.93e-51	166
807.309	25.315	34.586	266	168	5	43	306	29	290	2.94e-51	167
807.309	63.314	34.586	266	168	5	43	306	28	289	8.78e-51	165
807.309	1532.314	37.295	244	147	6	45	286	35	274	2.39e-49	162
807.309	435.316	33.209	268	172	5	43	306	27	291	8.20e-49	160
807.309	1265.316	33.209	268	172	5	43	306	27	291	8.20e-49	160
807.309	617.299	32.308	260	170	5	45	301	22	278	8.59e-48	157
807.309	1444.322	34.156	243	149	6	50	287	49	285	2.01e-45	152
807.309	1766.314	34.553	246	154	6	45	287	33	274	3.41e-45	151
807.309	1172.301	32.576	264	167	6	48	307	35	291	1.36e-42	144
807.309	1715.306	30.855	269	176	6	46	307	32	297	2.34e-42	143
807.309	1030.310	33.755	237	146	7	54	285	43	273	6.95e-42	142
807.309	714.294	33.610	241	151	7	48	286	27	260	2.99e-41	140
807.309	1399.304	33.202	253	160	5	52	298	39	288	8.19e-41	139
807.309	203.305	32.411	253	162	6	52	298	39	288	1.13e-40	139
807.309	670.343	30.627	271	173	7	43	301	42	309	2.16e-40	139
807.309	1305.306	31.225	253	165	6	52	298	39	288	2.76e-37	130
807.309	1354.306	31.641	256	160	7	52	298	39	288	1.08e-36	128
807.309	158.286	30.739	257	170	4	45	301	31	279	2.08e-36	127
807.309	113.305	30.603	232	153	6	72	301	56	281	1.11e-33	120
86.307	86.307	100.000	307	0	0	1	307	1	307	0.0	620
86.307	87.268	32.450	151	82	7	43	175	6	154	4.71e-07	45.1
1009.307	1009.307	100.000	307	0	0	1	307	1	307	0.0	642
686.306	686.306	100.000	306	0	0	1	306	1	306	0.0	637
113.305	113.305	100.000	305	0	0	1	305	1	305	0.0	614
113.305	1172.301	45.247	263	128	9	37	291	38	292	3.28e-62	194
113.305	435.316	41.319	288	155	8	27	304	24	307	5.52e-61	192
113.305	1265.316	41.319	288	155	8	27	304	24	307	5.52e-61	192
113.305	984.299	42.264	265	132	8	26	277	28	284	9.49e-58	183
113.305	1487.325	41.897	253	137	6	34	277	40	291	2.50e-56	180
113.305	932.297	40.659	273	148	8	26	288	26	294	7.58e-56	178
113.305	1059.297	40.659	273	148	8	26	288	26	294	7.58e-56	178
113.305	296.296	40.942	276	149	8	23	288	22	293	1.03e-55	177
113.305	25.315	40.511	274	155	6	37	304	37	308	1.80e-55	177
113.305	1532.314	38.732	284	145	8	33	295	36	311	2.19e-55	177
113.305	714.294	41.762	261	139	8	37	290	30	284	2.86e-54	174
113.305	63.314	41.026	273	151	7	37	303	36	304	3.82e-54	174
113.305	617.299	40.590	271	151	9	13	274	2	271	4.71e-54	173
113.305	1766.314	35.816	282	172	5	1	274	1	281	3.76e-52	169
113.305	1030.310	37.931	261	153	6	35	288	38	296	3.21e-50	164
113.305	1622.315	34.899	298	165	12	12	286	6	297	7.76e-49	160
113.305	481.313	35.069	288	176	7	25	304	20	304	2.85e-46	154
113.305	158.286	37.241	290	157	10	3	281	4	279	3.22e-44	147
113.305	540.305	32.903	310	192	10	1	302	1	302	6.28e-43	144
113.305	1715.306	32.459	305	186	10	3	293	2	300	1.17e-41	141
113.305	1444.322	30.743	296	185	10	8	289	18	307	6.49e-41	140
113.305	759.306	35.294	289	174	9	5	283	4	289	7.56e-41	139
113.305	203.305	33.775	302	176	10	10	293	5	300	1.07e-38	133
113.305	1354.306	32.890	301	178	9	10	292	5	299	1.75e-37	130
113.305	1305.306	32.890	301	178	9	10	292	5	299	4.39e-37	129
113.305	1399.304	32.107	299	179	9	10	290	5	297	2.66e-36	127
113.305	670.343	31.475	305	182	10	12	293	20	320	3.06e-36	128
113.305	837.313	31.164	292	181	11	8	281	16	305	8.25e-36	126
113.305	952.313	30.822	292	182	11	8	281	16	305	3.04e-35	124
113.305	1569.311	31.419	296	185	9	8	287	4	297	4.48e-35	124
113.305	807.309	30.603	232	153	6	56	281	72	301	7.39e-34	120
7.304	7.304	100.000	291	0	0	1	291	1	291	0.0	563
179.304	179.304	100.000	304	0	0	1	304	1	304	1.40e-144	404
856.304	856.304	100.000	304	0	0	1	304	1	304	0.0	616
856.304	1722.270	27.985	268	153	10	6	262	4	242	3.00e-19	80.5
856.304	426.248	33.939	165	85	6	90	254	74	214	8.05e-12	58.9
856.304	1256.248	33.939	165	85	6	90	254	74	214	8.05e-12	58.9
680.303	680.303	100.000	303	0	0	1	303	1	303	0.0	629
140.302	140.302	100.000	302	0	0	1	302	1	302	0.0	582
167.302	167.302	100.000	302	0	0	1	302	1	302	0.0	547
317.302	317.302	100.000	302	0	0	1	302	1	302	0.0	616
