1683.85	1683.85	100.000	62	0	0	1	62	1	62	5.44e-46	134
1753.85	1753.85	100.000	85	0	0	1	85	1	85	3.12e-62	176
618.84	618.84	100.000	84	0	0	1	84	1	84	2.15e-40	120
618.84	931.82	35.211	71	30	2	28	84	14	82	1.50e-09	42.4
618.84	1060.82	35.211	71	30	2	28	84	14	82	1.50e-09	42.4
618.84	297.82	33.803	71	31	2	28	84	14	82	3.59e-08	38.9
933.84	933.84	100.000	84	0	0	1	84	1	84	1.43e-37	113
933.84	1058.84	100.000	84	0	0	1	84	1	84	1.43e-37	113
933.84	295.40	97.500	40	1	0	45	84	1	40	1.28e-24	79.7
933.84	1767.72	56.667	30	13	0	45	74	28	57	1.96e-07	36.6
1058.84	933.84	100.000	84	0	0	1	84	1	84	1.43e-37	113
1058.84	1058.84	100.000	84	0	0	1	84	1	84	1.43e-37	113
1058.84	295.40	97.500	40	1	0	45	84	1	40	1.28e-24	79.7
1058.84	1767.72	56.667	30	13	0	45	74	28	57	1.96e-07	36.6
1623.84	1623.84	100.000	84	0	0	1	84	1	84	8.89e-31	96.3
1733.84	1733.84	100.000	84	0	0	1	84	1	84	2.24e-43	128
22.83	22.83	100.000	83	0	0	1	83	1	83	9.42e-57	161
22.83	60.83	97.590	83	2	0	1	83	1	83	6.32e-55	157
60.83	60.83	100.000	83	0	0	1	83	1	83	1.92e-56	160
60.83	22.83	97.590	83	2	0	1	83	1	83	6.32e-55	157
116.83	116.83	100.000	41	0	0	21	61	21	61	6.16e-11	45.8
557.83	557.83	100.000	83	0	0	1	83	1	83	1.28e-56	161
566.83	566.83	100.000	83	0	0	1	83	1	83	5.30e-61	172
926.83	926.83	100.000	83	0	0	1	83	1	83	9.19e-58	164
926.83	1065.83	100.000	83	0	0	1	83	1	83	9.19e-58	164
966.83	966.83	100.000	83	0	0	1	83	1	83	2.91e-60	170
966.83	965.82	40.000	60	36	0	11	70	9	68	4.74e-15	56.2
966.83	1334.74	36.923	65	41	0	11	75	2	66	2.22e-14	54.3
966.83	1335.75	39.286	56	34	0	15	70	3	58	1.86e-12	49.7
966.83	1415.71	32.836	67	45	0	4	70	1	67	8.60e-12	47.8
985.83	985.83	100.000	32	0	0	52	83	52	83	4.10e-19	66.6
985.83	931.82	86.207	29	4	0	52	80	52	80	1.18e-14	55.5
985.83	1060.82	86.207	29	4	0	52	80	52	80	1.18e-14	55.5
985.83	297.82	75.862	29	7	0	52	80	52	80	5.26e-12	48.5
1065.83	926.83	100.000	83	0	0	1	83	1	83	9.19e-58	164
1065.83	1065.83	100.000	83	0	0	1	83	1	83	9.19e-58	164
1568.83	1568.83	100.000	35	0	0	49	83	49	83	7.63e-20	68.6
79.82	79.82	100.000	82	0	0	1	82	1	82	2.72e-59	168
272.82	272.82	100.000	82	0	0	1	82	1	82	6.42e-44	129
272.82	320.82	100.000	82	0	0	1	82	1	82	6.42e-44	129
297.82	297.82	100.000	69	0	0	1	69	1	69	5.77e-37	111
297.82	931.82	98.551	69	1	0	1	69	1	69	1.82e-36	110
297.82	1060.82	98.551	69	1	0	1	69	1	69	1.82e-36	110
297.82	985.83	72.464	69	19	0	1	69	1	69	5.25e-18	63.9
297.82	618.84	38.028	71	42	1	1	69	1	71	9.67e-14	53.1
320.82	272.82	100.000	82	0	0	1	82	1	82	6.42e-44	129
320.82	320.82	100.000	82	0	0	1	82	1	82	6.42e-44	129
931.82	931.82	100.000	70	0	0	1	70	1	70	4.99e-38	114
931.82	1060.82	100.000	70	0	0	1	70	1	70	4.99e-38	114
931.82	297.82	98.551	69	1	0	1	69	1	69	2.20e-36	110
931.82	985.83	74.286	70	18	0	1	70	1	70	1.27e-19	68.2
931.82	618.84	37.500	72	43	1	1	70	1	72	7.29e-14	53.5
965.82	965.82	100.000	82	0	0	1	82	1	82	3.93e-60	170
965.82	1335.75	48.485	66	34	0	12	77	2	67	8.09e-21	70.9
965.82	1334.74	49.180	61	31	0	9	69	2	62	5.57e-18	63.5
965.82	966.83	40.000	60	36	0	9	68	11	70	4.69e-15	56.2
1015.82	1015.82	100.000	82	0	0	1	82	1	82	1.14e-40	121
1060.82	931.82	100.000	70	0	0	1	70	1	70	4.99e-38	114
1060.82	1060.82	100.000	70	0	0	1	70	1	70	4.99e-38	114
1060.82	297.82	98.551	69	1	0	1	69	1	69	2.20e-36	110
1060.82	985.83	74.286	70	18	0	1	70	1	70	1.27e-19	68.2
1060.82	618.84	37.500	72	43	1	1	70	1	72	7.29e-14	53.5
1183.82	1183.82	100.000	82	0	0	1	82	1	82	9.27e-60	169
1332.82	1332.82	100.000	82	0	0	1	82	1	82	3.88e-48	140
1332.82	1417.82	54.878	82	37	0	1	82	1	82	5.36e-14	53.5
1417.82	1417.82	100.000	82	0	0	1	82	1	82	4.90e-32	99.4
1417.82	1332.82	54.878	82	37	0	1	82	1	82	5.36e-14	53.5
1504.82	1504.82	100.000	82	0	0	1	82	1	82	1.80e-39	118
1596.82	1596.82	100.000	82	0	0	1	82	1	82	4.10e-55	157
366.81	366.81	100.000	81	0	0	1	81	1	81	3.54e-48	140
402.81	402.81	100.000	81	0	0	1	81	1	81	8.23e-58	164
402.81	772.66	56.000	50	22	0	29	78	16	65	7.27e-13	50.4
469.81	469.81	100.000	81	0	0	1	81	1	81	5.34e-59	167
469.81	262.80	72.727	77	21	0	1	77	1	77	2.56e-39	117
469.81	330.80	72.727	77	21	0	1	77	1	77	2.56e-39	117
570.81	570.81	100.000	81	0	0	1	81	1	81	5.30e-58	164
673.81	673.81	100.000	47	0	0	1	47	1	47	8.01e-31	96.3
673.81	1396.78	61.111	36	14	0	1	36	1	36	5.22e-11	45.8
673.81	1308.79	58.333	36	15	0	1	36	1	36	6.21e-11	45.8
673.81	1357.79	58.333	36	15	0	1	36	1	36	6.21e-11	45.8
673.81	200.78	58.333	36	15	0	1	36	1	36	8.89e-11	45.4
989.81	989.81	100.000	81	0	0	1	81	1	81	4.31e-39	117
1016.81	1016.81	100.000	67	0	0	15	81	15	81	2.06e-45	133
1092.81	1092.81	100.000	71	0	0	1	71	1	71	2.04e-40	120
1126.81	1126.81	100.000	69	0	0	1	69	1	69	2.10e-36	110
1306.81	1306.81	100.000	81	0	0	1	81	1	81	2.25e-44	130
1306.81	1355.81	97.531	81	2	0	1	81	1	81	1.16e-42	126
1306.81	202.79	86.076	79	10	1	1	79	1	78	4.71e-37	112
1306.81	1398.81	80.282	71	14	0	1	71	1	71	4.06e-32	99.4
1306.81	671.80	58.824	51	21	0	19	69	18	68	8.66e-18	63.2
1306.81	1714.77	40.323	62	31	2	19	79	18	74	2.77e-10	43.9
1306.81	758.75	35.000	60	35	1	19	78	19	74	4.44e-09	40.8
1306.81	436.80	39.655	58	27	2	25	78	23	76	5.08e-07	35.8
1306.81	1266.80	39.655	58	27	2	25	78	23	76	5.08e-07	35.8
1355.81	1355.81	100.000	81	0	0	1	81	1	81	1.07e-30	95.9
1355.81	1306.81	97.531	81	2	0	1	81	1	81	1.73e-30	95.5
1355.81	202.79	86.076	79	10	1	1	79	1	78	1.05e-24	80.9
1355.81	1398.81	80.282	71	14	0	1	71	1	71	6.79e-20	68.6
1355.81	671.80	60.784	51	20	0	19	69	18	68	1.93e-08	39.3
1398.81	1398.81	100.000	81	0	0	1	81	1	81	1.54e-56	160
1398.81	1306.81	81.481	81	15	0	1	81	1	81	1.82e-49	143
1398.81	1355.81	81.481	81	15	0	1	81	1	81	2.15e-49	143
1398.81	202.79	84.810	79	11	1	1	79	1	78	4.05e-49	142
1398.81	671.80	56.061	66	29	0	4	69	3	68	1.13e-22	75.5
1398.81	1714.77	37.333	75	41	2	6	79	5	74	1.36e-12	50.1
1398.81	1143.73	33.333	81	46	1	1	81	1	73	3.00e-11	46.2
1398.81	758.75	31.667	60	37	1	19	78	19	74	2.50e-09	41.6
1398.81	1670.74	41.379	58	32	2	1	57	1	57	2.41e-07	36.6
1701.81	1701.81	100.000	81	0	0	1	81	1	81	4.40e-58	165
1737.81	1737.81	100.000	81	0	0	1	81	1	81	1.20e-58	166
262.80	262.80	100.000	80	0	0	1	80	1	80	4.88e-58	164
262.80	330.80	100.000	80	0	0	1	80	1	80	4.88e-58	164
262.80	469.81	72.727	77	21	0	1	77	1	77	2.52e-39	117
330.80	262.80	100.000	80	0	0	1	80	1	80	4.88e-58	164
330.80	330.80	100.000	80	0	0	1	80	1	80	4.88e-58	164
330.80	469.81	72.727	77	21	0	1	77	1	77	2.52e-39	117
436.80	436.80	100.000	80	0	0	1	80	1	80	2.00e-25	82.4
436.80	1266.80	100.000	80	0	0	1	80	1	80	2.00e-25	82.4
436.80	1488.79	73.750	80	20	1	1	80	1	79	3.83e-18	63.9
436.80	1531.80	68.421	38	12	0	43	80	43	80	1.35e-15	57.8
436.80	26.79	61.250	80	30	1	1	80	1	79	4.61e-15	56.2
436.80	64.79	61.250	80	30	1	1	80	1	79	5.09e-15	56.2
436.80	480.77	55.263	38	13	1	43	80	44	77	1.32e-09	42.4
671.80	671.80	100.000	80	0	0	1	80	1	80	2.05e-45	132
671.80	1355.81	57.576	66	28	0	3	68	4	69	1.75e-18	65.1
671.80	202.79	54.545	66	30	0	3	68	4	69	4.61e-18	63.9
671.80	1398.81	56.061	66	29	0	3	68	4	69	9.53e-18	63.2
671.80	1306.81	56.061	66	29	0	3	68	4	69	1.78e-17	62.4
671.80	758.75	31.667	60	34	1	19	78	20	72	5.27e-07	35.4
1247.80	1247.80	100.000	80	0	0	1	80	1	80	2.91e-49	142
1266.80	436.80	100.000	80	0	0	1	80	1	80	2.00e-25	82.4
1266.80	1266.80	100.000	80	0	0	1	80	1	80	2.00e-25	82.4
1266.80	1488.79	73.750	80	20	1	1	80	1	79	3.83e-18	63.9
1266.80	1531.80	68.421	38	12	0	43	80	43	80	1.35e-15	57.8
1266.80	26.79	61.250	80	30	1	1	80	1	79	4.61e-15	56.2
1266.80	64.79	61.250	80	30	1	1	80	1	79	5.09e-15	56.2
1266.80	480.77	55.263	38	13	1	43	80	44	77	1.32e-09	42.4
