1722.270	1722.270	100.000	270	0	0	1	270	1	270	0.0	539
1722.270	426.248	42.781	187	97	4	76	261	70	247	1.28e-28	104
1722.270	1256.248	42.781	187	97	4	76	261	70	247	1.28e-28	104
1722.270	856.304	27.985	268	153	10	4	242	6	262	2.02e-19	80.5
87.268	87.268	100.000	268	0	0	1	268	1	268	4.28e-179	488
1556.267	1556.267	100.000	267	0	0	1	267	1	267	0.0	492
275.266	275.266	100.000	266	0	0	1	266	1	266	0.0	505
1385.266	1385.266	100.000	266	0	0	1	266	1	266	4.73e-168	460
977.265	977.265	100.000	265	0	0	1	265	1	265	0.0	502
977.265	816.261	50.435	230	109	3	37	265	36	261	9.74e-75	223
977.265	943.271	41.096	219	121	4	31	247	41	253	5.27e-52	166
977.265	828.270	40.000	235	132	5	31	263	40	267	1.29e-51	164
977.265	609.255	33.195	241	129	9	34	264	35	253	8.63e-32	112
977.265	291.253	33.668	199	111	4	33	226	36	218	1.78e-29	106
977.265	1580.268	34.454	238	114	11	35	264	34	237	1.17e-25	96.7
977.265	938.235	33.784	222	121	8	32	251	30	227	1.87e-25	95.5
977.265	1053.235	33.784	222	121	8	32	251	30	227	1.87e-25	95.5
977.265	1662.275	31.905	210	123	7	30	233	38	233	6.98e-25	94.7
977.265	58.258	30.000	210	120	7	35	228	33	231	2.89e-20	82.0
977.265	1438.266	30.732	205	117	8	32	225	44	234	6.48e-20	81.3
977.265	1209.274	32.857	210	119	8	32	233	40	235	3.54e-19	79.3
977.265	109.273	28.821	229	144	6	32	256	56	269	3.74e-19	79.3
977.265	1614.279	29.808	208	128	7	32	234	57	251	9.93e-19	78.2
977.265	1726.235	30.846	201	104	8	34	228	35	206	1.19e-17	74.3
977.265	425.206	30.460	174	97	7	70	228	15	179	5.23e-16	69.3
977.265	153.257	28.302	212	132	6	32	237	50	247	8.16e-16	69.7
977.265	1255.262	30.460	174	97	7	70	228	71	235	1.20e-15	69.3
977.265	16.264	30.729	192	102	7	70	245	76	252	1.99e-14	65.9
977.265	767.260	30.460	174	97	6	70	228	69	233	1.28e-13	63.5
977.265	1084.253	27.650	217	111	10	34	228	35	227	4.40e-11	56.2
977.265	495.263	27.168	173	105	8	70	228	67	232	6.34e-11	55.8
977.265	590.256	27.143	210	123	9	35	228	34	229	6.95e-11	55.5
977.265	710.264	26.009	223	141	6	38	254	56	260	9.66e-11	55.1
977.265	1771.257	24.528	212	128	8	35	237	47	235	1.61e-10	54.3
977.265	532.273	32.143	140	79	4	35	160	46	183	2.51e-10	53.9
977.265	1168.253	24.889	225	147	5	31	250	38	245	3.85e-10	53.1
977.265	1034.292	23.697	211	118	6	32	218	53	244	5.02e-10	53.1
977.265	245.271	26.210	248	141	12	33	255	38	268	1.68e-09	51.6
977.265	347.271	26.210	248	141	12	33	255	38	268	1.68e-09	51.6
977.265	1477.269	31.915	141	80	6	35	161	44	182	3.10e-09	50.8
977.265	398.282	26.667	210	125	8	35	225	49	248	9.34e-08	46.2
977.265	662.288	23.767	223	135	11	36	237	59	267	2.61e-07	45.1
977.265	1540.273	29.412	153	78	5	60	200	71	205	2.89e-07	44.7
1609.265	1609.265	100.000	265	0	0	1	265	1	265	0.0	501
1609.265	735.263	26.721	247	177	2	11	254	10	255	4.14e-12	59.3
1609.265	554.261	23.171	246	178	5	13	251	13	254	1.27e-08	48.9
94.264	94.264	100.000	264	0	0	1	264	1	264	0.0	497
667.263	667.263	100.000	263	0	0	1	263	1	263	1.23e-162	446
667.263	209.248	37.949	195	112	4	73	262	55	245	7.89e-31	110
667.263	1301.246	37.436	195	115	3	69	259	51	242	7.37e-30	107
667.263	1350.246	37.436	195	115	3	69	259	51	242	7.37e-30	107
667.263	1402.244	37.895	190	111	3	73	258	53	239	2.97e-28	103
667.263	61.216	29.545	176	114	6	82	253	46	215	5.77e-07	43.5
735.263	735.263	100.000	263	0	0	1	263	1	263	2.77e-175	478
735.263	1609.265	26.724	232	166	2	25	255	26	254	6.57e-15	67.0
735.263	554.261	25.287	174	117	2	26	192	27	194	6.93e-10	52.4
778.263	778.263	100.000	263	0	0	1	263	1	263	0.0	530
778.263	505.265	65.517	261	86	3	1	258	1	260	3.55e-124	349
778.263	1244.264	63.077	260	93	2	1	258	1	259	3.19e-116	329
778.263	1427.265	63.529	255	90	2	6	258	7	260	1.01e-115	327
778.263	525.268	59.144	257	103	2	3	258	4	259	2.41e-105	301
778.263	1469.264	36.260	262	160	6	1	258	1	259	1.51e-41	138
778.263	53.263	36.330	267	162	6	1	263	1	263	1.63e-38	130
778.263	1156.280	31.873	251	151	4	6	237	4	253	2.96e-38	130
778.263	10.263	37.079	267	160	6	1	263	1	263	6.28e-38	129
778.263	1658.266	33.208	265	163	7	6	259	4	265	2.88e-36	124
778.263	656.262	34.728	239	142	6	1	233	1	231	1.02e-35	123
778.263	971.288	34.171	199	124	3	10	205	20	214	4.79e-33	117
778.263	1586.279	32.773	238	143	7	10	235	10	242	5.12e-30	108
778.263	285.267	28.782	271	165	11	6	258	3	263	8.15e-15	67.0
1008.262	1008.262	100.000	262	0	0	1	262	1	262	2.71e-167	458
554.261	554.261	100.000	261	0	0	1	261	1	261	0.0	536
554.261	735.263	26.087	207	139	3	4	204	3	201	1.26e-14	66.2
554.261	1609.265	22.764	246	179	5	13	254	13	251	7.74e-12	58.2
1645.261	1645.261	100.000	261	0	0	1	261	1	261	0.0	521
130.259	130.259	100.000	259	0	0	1	259	1	259	0.0	536
1374.258	1374.258	100.000	258	0	0	1	258	1	258	1.25e-166	456
1515.258	1515.258	100.000	258	0	0	1	258	1	258	0.0	502
459.257	459.257	100.000	257	0	0	1	257	1	257	0.0	521
459.257	1512.236	48.980	245	112	5	1	244	1	233	9.72e-74	219
484.257	484.257	100.000	257	0	0	1	257	1	257	2.18e-167	457
484.257	1484.230	61.135	229	85	3	28	254	1	227	8.16e-90	260
484.257	432.228	63.596	228	72	3	32	254	4	225	2.48e-89	259
484.257	1262.228	63.596	228	72	3	32	254	4	225	2.48e-89	259
484.257	883.234	46.231	199	104	3	58	255	34	230	1.43e-53	168
484.257	1534.234	44.206	233	120	6	25	252	3	230	4.80e-53	167
484.257	535.235	42.553	235	124	4	28	254	1	232	6.99e-53	166
484.257	1442.243	43.154	241	121	5	28	255	1	238	1.13e-51	163
484.257	390.254	42.857	231	124	4	31	254	21	250	5.05e-48	154
484.257	587.225	41.485	229	121	6	30	252	2	223	5.25e-48	153
484.257	247.237	38.053	226	137	3	32	255	7	231	5.81e-45	146
484.257	345.237	38.053	226	137	3	32	255	7	231	5.81e-45	146
215.256	215.256	100.000	256	0	0	1	256	1	256	5.52e-177	482
215.256	490.210	35.193	233	114	5	25	254	9	207	3.43e-42	138
215.256	1724.247	35.426	223	108	4	31	251	54	242	2.96e-41	137
764.256	764.256	100.000	256	0	0	1	256	1	256	0.0	493
764.256	536.249	49.302	215	105	4	33	246	31	242	5.51e-69	208
764.256	1720.244	34.562	217	132	5	39	252	30	239	8.05e-37	125
764.256	1147.254	33.333	225	132	7	29	246	28	241	8.81e-30	107
764.256	1666.255	31.330	233	141	7	21	245	22	243	5.13e-29	105
764.256	1213.291	34.426	183	110	5	73	250	80	257	4.30e-24	92.8
1220.256	1220.256	100.000	256	0	0	1	256	1	256	4.03e-170	464
1220.256	1140.247	37.313	201	120	6	4	201	2	199	4.77e-37	125
1220.256	544.238	38.636	176	103	3	1	173	1	174	8.31e-34	117
1220.256	1710.235	35.417	192	113	5	4	186	7	196	7.01e-33	114
1220.256	755.244	36.957	184	112	3	5	186	4	185	7.17e-32	112
1220.256	1673.249	38.650	163	97	3	13	174	12	172	7.46e-32	112
1220.256	890.221	36.559	186	111	4	9	192	14	194	1.30e-29	105
1220.256	1448.221	37.143	175	103	5	5	176	12	182	3.46e-28	102
1220.256	383.228	31.892	185	120	4	3	184	11	192	3.58e-24	91.7
1220.256	581.222	33.971	209	125	7	3	201	10	215	1.20e-23	90.1
1220.256	841.251	32.857	140	87	2	11	148	19	153	1.03e-20	82.8
1220.256	956.251	31.884	138	91	2	11	148	19	153	1.09e-20	82.8
1220.256	255.223	30.303	165	110	3	6	168	14	175	1.11e-20	82.4
1220.256	337.223	30.303	165	110	3	6	168	14	175	1.11e-20	82.4
1220.256	803.251	30.147	136	92	2	11	146	19	151	3.09e-18	76.3
1220.256	1626.216	31.884	138	91	2	5	142	12	146	7.95e-18	74.3
1220.256	1395.205	27.152	151	107	2	14	164	26	173	3.15e-15	67.0
1220.256	1528.195	29.697	165	109	5	6	168	7	166	5.56e-15	66.2
1220.256	674.199	28.758	153	101	4	1	148	1	150	8.35e-15	65.9
1220.256	1309.200	25.828	151	109	2	14	164	22	169	1.28e-14	65.1
1220.256	1358.200	25.828	151	109	2	14	164	22	169	2.84e-14	64.3
1220.256	199.200	25.828	151	109	2	14	164	21	168	3.26e-14	63.9
1220.256	117.194	31.481	162	103	5	5	163	16	172	5.08e-14	63.5
1220.256	1026.237	27.717	184	131	1	16	199	4	185	2.48e-13	62.4
1220.256	1176.186	34.146	123	68	5	15	132	7	121	2.61e-12	58.5
1220.256	161.210	28.161	174	116	4	17	186	7	175	2.61e-12	58.9
1220.256	718.186	25.150	167	120	3	19	182	14	178	9.55e-12	57.0
1220.256	477.195	29.167	168	111	6	6	171	7	168	4.17e-11	55.1
1220.256	439.193	31.915	141	88	6	8	145	7	142	1.49e-10	53.5
1220.256	1269.193	31.915	141	88	6	8	145	7	142	1.49e-10	53.5
1220.256	34.195	27.326	172	102	8	8	165	9	171	4.51e-10	52.4
1220.256	67.195	27.326	172	102	8	8	165	9	171	4.87e-10	52.4
1220.256	1762.224	30.147	136	82	4	42	166	44	177	9.54e-10	51.6
1220.256	1491.194	23.563	174	126	3	1	172	1	169	2.74e-09	50.1
1220.256	622.203	24.155	207	143	6	1	199	1	201	1.07e-07	45.4
1220.256	988.199	29.670	91	58	2	85	171	89	177	3.50e-07	43.9
1220.256	1565.240	35.526	76	44	3	33	106	38	110	4.87e-07	43.9
1220.256	928.198	31.461	89	55	3	87	171	90	176	5.30e-07	43.5
1220.256	1063.198	31.461	89	55	3	87	171	90	176	5.30e-07	43.5
1220.256	300.199	29.348	92	58	2	85	171	88	177	7.43e-07	43.1
395.255	395.255	100.000	255	0	0	1	255	1	255	0.0	501
395.255	1479.275	30.800	250	160	7	13	251	27	274	1.37e-26	99.4
395.255	394.247	28.099	242	157	10	1	237	1	230	3.03e-09	50.4
1666.255	1666.255	100.000	255	0	0	1	255	1	255	0.0	513
1666.255	1147.254	44.622	251	129	4	6	252	5	249	1.28e-75	225
1666.255	1213.291	39.011	182	102	4	70	244	74	253	1.73e-38	130
1666.255	764.256	31.020	245	150	7	10	243	9	245	3.96e-31	110
1666.255	1720.244	31.633	196	123	4	54	244	44	233	9.46e-28	101
1666.255	536.249	29.016	193	129	5	58	244	52	242	3.99e-24	92.0
390.254	390.254	100.000	254	0	0	1	254	1	254	0.0	499
390.254	883.234	54.310	232	94	3	25	253	10	232	2.10e-80	236
390.254	535.235	49.787	235	109	5	21	251	4	233	3.30e-71	213
390.254	247.237	47.137	227	115	2	24	250	9	230	5.53e-68	205
390.254	345.237	47.137	227	115	2	24	250	9	230	5.53e-68	205
390.254	1442.243	44.156	231	123	5	25	250	8	237	3.88e-59	182
390.254	587.225	44.872	234	116	7	19	249	1	224	5.29e-58	179
390.254	1484.230	41.410	227	127	5	24	250	7	227	2.75e-52	164
390.254	484.257	42.424	231	125	4	21	250	31	254	4.03e-52	165
390.254	1534.234	43.231	229	118	7	24	248	10	230	1.03e-51	163
390.254	432.228	43.158	190	105	3	61	250	39	225	8.58e-47	150
390.254	1262.228	43.158	190	105	3	61	250	39	225	8.58e-47	150
1147.254	1147.254	100.000	254	0	0	1	254	1	254	3.67e-177	482
1147.254	1666.255	43.913	230	120	3	25	249	27	252	4.23e-69	208
1147.254	1213.291	40.223	179	102	3	69	244	80	256	1.70e-41	139
1147.254	1720.244	36.486	222	111	8	36	242	28	234	2.70e-39	131
1147.254	536.249	35.294	221	121	7	34	242	33	243	4.06e-36	123
1147.254	764.256	33.333	225	132	7	28	241	29	246	7.63e-30	107
1615.254	1615.254	100.000	254	0	0	1	254	1	254	0.0	523
1168.253	1168.253	100.000	253	0	0	1	253	1	253	1.54e-170	465
1168.253	710.264	53.456	217	101	0	37	253	48	264	3.70e-81	239
1168.253	153.257	33.673	196	126	2	42	233	53	248	3.55e-37	126
1168.253	109.273	34.483	203	128	3	42	239	59	261	3.86e-35	121
1168.253	938.235	33.175	211	128	9	40	245	31	233	2.55e-24	92.0
1168.253	1053.235	33.175	211	128	9	40	245	31	233	2.55e-24	92.0
1168.253	609.255	33.155	187	110	6	42	218	36	217	2.67e-21	84.3
1168.253	1438.266	35.000	200	105	10	40	220	45	238	3.08e-21	84.7
1168.253	1580.268	30.476	210	134	7	42	246	34	236	2.70e-20	82.0
1168.253	828.270	28.139	231	145	5	36	246	38	267	9.29e-18	75.1
1168.253	943.271	28.365	208	134	4	36	229	39	245	9.69e-18	75.1
1168.253	291.253	32.086	187	116	4	39	217	35	218	1.52e-16	71.2
1168.253	1209.274	27.895	190	121	4	42	218	43	229	5.56e-15	67.4
1168.253	1662.275	28.272	191	121	4	40	218	41	227	6.13e-15	67.0
1168.253	1771.257	30.769	208	126	6	41	240	46	243	6.22e-15	67.0
1168.253	767.260	27.273	198	120	5	45	220	39	234	3.95e-14	64.7
1168.253	58.258	27.363	201	121	6	41	218	32	230	6.09e-13	61.2
1168.253	1614.279	26.977	215	139	8	40	240	58	268	6.48e-13	61.6
1168.253	590.256	28.497	193	113	6	50	221	43	231	9.69e-13	60.8
1168.253	816.261	26.941	219	134	5	40	237	32	245	2.57e-12	59.7
1168.253	977.265	25.000	220	143	5	38	240	31	245	5.16e-10	52.8
1168.253	1255.262	24.607	191	124	4	50	220	46	236	1.27e-09	51.6
1168.253	16.264	24.731	186	120	5	50	216	51	235	1.66e-09	51.2
1168.253	1296.265	25.521	192	131	5	38	218	46	236	1.99e-09	51.2
1168.253	1345.265	25.521	192	131	5	38	218	46	236	1.99e-09	51.2
1168.253	532.273	26.108	203	115	7	42	216	46	241	2.69e-09	50.8
1168.253	425.206	25.595	168	106	3	72	220	13	180	3.43e-09	49.7
1168.253	495.263	26.786	224	129	11	50	246	42	257	4.69e-09	50.1
1168.253	1084.253	27.638	199	116	8	42	219	36	227	3.29e-08	47.4
1168.253	1406.267	24.870	193	131	6	38	218	48	238	9.12e-08	46.2
1168.253	1726.235	26.984	189	118	9	47	229	44	218	4.42e-07	43.9
1538.253	1538.253	100.000	253	0	0	1	253	1	253	0.0	493
1538.253	1479.275	55.738	61	24	2	1	61	1	58	3.96e-14	64.7
408.252	408.252	100.000	252	0	0	1	252	1	252	1.96e-162	445
408.252	2.191	53.005	183	55	4	101	252	9	191	3.29e-33	114
1372.252	1372.252	100.000	252	0	0	1	252	1	252	0.0	512
1372.252	180.163	69.277	166	48	1	87	252	1	163	8.61e-81	234
803.251	803.251	100.000	251	0	0	1	251	1	251	1.59e-169	462
803.251	956.251	87.649	251	31	0	1	251	1	251	1.55e-145	402
803.251	841.251	87.251	251	32	0	1	251	1	251	1.02e-144	400
803.251	1626.216	48.630	146	75	0	17	162	16	161	2.30e-48	154
803.251	1565.240	36.250	160	99	2	6	162	2	161	5.43e-29	104
803.251	1176.186	32.653	147	98	1	17	162	1	147	4.28e-26	95.5
803.251	755.244	35.036	137	85	2	19	151	10	146	1.02e-24	93.6
803.251	117.194	37.226	137	81	2	24	159	27	159	1.33e-24	92.0
803.251	581.222	32.278	158	105	1	7	162	6	163	2.33e-24	92.0
803.251	199.200	32.143	140	95	0	23	162	22	161	1.18e-23	89.7
803.251	1395.205	31.429	140	96	0	23	162	27	166	1.23e-23	89.7
803.251	928.198	34.667	150	85	3	23	161	14	161	1.34e-23	89.4
803.251	1063.198	34.667	150	85	3	23	161	14	161	1.34e-23	89.4
803.251	1358.200	30.263	152	104	1	13	162	11	162	2.23e-23	89.0
803.251	544.238	32.593	135	87	2	21	151	13	147	3.41e-23	89.4
803.251	255.223	33.553	152	91	2	12	162	22	164	3.77e-23	89.0
803.251	337.223	33.553	152	91	2	12	162	22	164	3.77e-23	89.0
803.251	1309.200	30.714	140	97	0	23	162	23	162	7.64e-23	87.4
803.251	718.186	33.577	137	90	1	27	162	14	150	1.19e-22	86.7
803.251	890.221	32.143	140	93	1	15	152	12	151	2.44e-19	78.6
803.251	300.199	32.450	151	88	3	23	161	14	162	3.06e-19	77.8
803.251	383.228	31.034	145	96	2	21	162	22	165	1.15e-18	76.6
803.251	1220.256	30.147	136	92	2	19	151	11	146	2.71e-18	76.3
803.251	674.199	31.304	115	78	1	38	151	34	148	3.88e-18	74.7
803.251	1448.221	32.000	150	89	2	17	162	23	163	5.40e-18	74.7
803.251	1673.249	30.872	149	99	3	18	163	9	156	8.90e-18	74.7
803.251	1710.235	33.099	142	91	3	16	153	13	154	5.37e-17	72.4
803.251	1528.195	34.884	129	76	3	38	162	31	155	6.65e-17	71.2
803.251	67.195	33.071	127	81	2	38	162	31	155	8.74e-17	70.9
803.251	34.195	33.071	127	81	2	38	162	31	155	1.26e-16	70.5
803.251	622.203	29.078	141	88	3	21	151	15	153	1.71e-16	70.5
803.251	161.210	30.827	133	85	3	22	151	4	132	2.08e-16	70.1
803.251	477.195	32.609	138	85	3	31	162	20	155	2.61e-16	69.7
803.251	1491.194	30.822	146	93	3	21	162	13	154	4.43e-14	63.5
803.251	1140.247	32.710	107	67	3	60	163	51	155	5.36e-14	64.3
803.251	1026.237	32.231	121	81	1	28	147	8	128	1.41e-13	62.8
803.251	988.199	32.468	154	86	5	23	162	14	163	1.46e-13	62.0
803.251	439.193	32.609	138	85	5	31	162	18	153	1.48e-13	62.0
803.251	1269.193	32.609	138	85	5	31	162	18	153	1.48e-13	62.0
803.251	1762.224	28.125	128	79	4	38	152	32	159	3.42e-13	61.6
841.251	841.251	100.000	251	0	0	1	251	1	251	2.49e-168	459
841.251	956.251	98.805	251	3	0	1	251	1	251	3.17e-166	454
841.251	803.251	87.251	251	32	0	1	251	1	251	9.33e-145	400
841.251	1626.216	45.890	146	79	0	17	162	16	161	2.72e-45	146
841.251	1176.186	36.054	147	93	1	17	162	1	147	2.62e-29	103
841.251	1565.240	33.125	160	104	2	6	162	2	161	4.51e-26	97.1
841.251	117.194	36.429	140	88	1	24	162	27	166	5.29e-26	95.5
841.251	755.244	34.899	149	93	2	19	163	10	158	1.51e-24	92.8
841.251	718.186	35.766	137	87	1	27	162	14	150	5.10e-24	90.1
841.251	544.238	32.653	147	95	2	21	163	13	159	2.80e-23	89.4
841.251	1395.205	32.857	140	94	0	23	162	27	166	2.88e-23	88.6
841.251	199.200	32.857	140	94	0	23	162	22	161	3.96e-23	88.2
841.251	1358.200	30.921	152	103	1	13	162	11	162	1.26e-22	86.7
841.251	1309.200	30.921	152	103	1	13	162	11	162	4.38e-22	85.5
841.251	581.222	32.500	160	102	3	7	162	6	163	4.90e-21	83.2
841.251	1220.256	31.884	138	91	2	19	153	11	148	9.79e-21	82.8
841.251	1448.221	32.667	150	88	2	17	162	23	163	2.79e-19	78.2
841.251	890.221	32.192	146	97	1	19	162	16	161	4.46e-19	77.8
841.251	255.223	33.333	144	83	3	12	154	22	153	7.09e-19	77.4
841.251	337.223	33.333	144	83	3	12	154	22	153	7.09e-19	77.4
841.251	161.210	32.061	131	86	2	22	151	4	132	1.29e-18	76.3
841.251	1673.249	31.544	149	98	3	18	163	9	156	2.01e-18	76.6
841.251	383.228	31.724	145	95	2	21	162	22	165	8.36e-18	74.3
841.251	928.198	31.757	148	92	4	23	161	14	161	2.70e-17	72.4
841.251	1063.198	31.757	148	92	4	23	161	14	161	2.70e-17	72.4
841.251	674.199	28.571	126	89	1	38	162	34	159	2.81e-17	72.4
841.251	1528.195	34.109	129	77	3	38	162	31	155	3.61e-17	72.0
841.251	622.203	29.801	151	94	4	21	161	15	163	3.60e-16	69.3
841.251	1140.247	30.201	149	100	3	18	163	8	155	3.98e-16	70.1
841.251	300.199	31.544	149	92	4	23	161	14	162	1.27e-15	67.8
841.251	1026.237	33.088	136	90	1	28	162	8	143	1.93e-15	68.2
841.251	1710.235	31.206	141	93	3	16	152	13	153	3.12e-14	64.7
841.251	1762.224	29.457	129	78	4	38	153	32	160	4.54e-14	63.9
841.251	67.195	32.031	128	81	4	38	162	31	155	1.01e-13	62.4
841.251	477.195	30.435	138	88	3	31	162	20	155	1.41e-13	62.0
841.251	34.195	29.921	127	85	2	38	162	31	155	2.35e-13	61.6
841.251	988.199	31.818	154	87	4	23	162	14	163	4.74e-13	60.8
841.251	439.193	30.714	140	85	5	31	162	18	153	7.84e-11	54.3
841.251	1269.193	30.714	140	85	5	31	162	18	153	7.84e-11	54.3
841.251	1491.194	30.233	129	82	3	38	162	30	154	1.00e-10	53.9
956.251	956.251	100.000	251	0	0	1	251	1	251	7.62e-168	458
956.251	841.251	98.805	251	3	0	1	251	1	251	4.00e-166	454
956.251	803.251	87.649	251	31	0	1	251	1	251	2.20e-145	402
956.251	1626.216	45.890	146	79	0	17	162	16	161	4.19e-45	145
956.251	1176.186	36.054	147	93	1	17	162	1	147	2.88e-29	103
956.251	1565.240	33.125	160	104	2	6	162	2	161	4.06e-26	97.1
956.251	117.194	36.429	140	88	1	24	162	27	166	4.76e-26	95.9
956.251	755.244	34.899	149	93	2	19	163	10	158	1.53e-24	92.8
956.251	718.186	35.766	137	87	1	27	162	14	150	5.67e-24	90.1
956.251	1395.205	32.857	140	94	0	23	162	27	166	2.44e-23	89.0
956.251	544.238	32.653	147	95	2	21	163	13	159	2.53e-23	89.7
956.251	199.200	32.857	140	94	0	23	162	22	161	3.76e-23	88.2
956.251	1358.200	30.921	152	103	1	13	162	11	162	1.26e-22	86.7
956.251	1309.200	30.921	152	103	1	13	162	11	162	3.91e-22	85.5
956.251	581.222	32.500	160	102	3	7	162	6	163	5.11e-21	83.2
956.251	1220.256	31.884	138	91	2	19	153	11	148	9.11e-21	83.2
956.251	1448.221	32.667	150	88	2	17	162	23	163	3.09e-19	78.2
956.251	890.221	31.333	150	101	1	15	162	12	161	5.15e-19	77.4
956.251	255.223	33.333	144	83	3	12	154	22	153	7.93e-19	77.0
956.251	337.223	33.333	144	83	3	12	154	22	153	7.93e-19	77.0
956.251	161.210	32.061	131	86	2	22	151	4	132	1.31e-18	76.3
956.251	1673.249	31.544	149	98	3	18	163	9	156	2.56e-18	76.3
956.251	383.228	31.724	145	95	2	21	162	22	165	9.83e-18	74.3
956.251	674.199	28.571	126	89	1	38	162	34	159	2.67e-17	72.4
956.251	928.198	31.757	148	92	4	23	161	14	161	2.67e-17	72.4
956.251	1063.198	31.757	148	92	4	23	161	14	161	2.67e-17	72.4
956.251	1528.195	34.109	129	77	3	38	162	31	155	3.88e-17	72.0
956.251	622.203	29.801	151	94	4	21	161	15	163	3.56e-16	69.3
956.251	1140.247	30.201	149	100	3	18	163	8	155	3.86e-16	70.1
956.251	300.199	31.544	149	92	4	23	161	14	162	1.38e-15	67.8
956.251	1026.237	33.088	136	90	1	28	162	8	143	1.91e-15	68.2
956.251	1710.235	31.206	141	93	3	16	152	13	153	2.97e-14	64.7
956.251	1762.224	29.457	129	78	4	38	153	32	160	4.87e-14	63.9
956.251	67.195	32.031	128	81	4	38	162	31	155	1.09e-13	62.4
956.251	477.195	30.435	138	88	3	31	162	20	155	1.69e-13	62.0
956.251	34.195	29.921	127	85	2	38	162	31	155	2.75e-13	61.2
956.251	988.199	31.818	154	87	4	23	162	14	163	4.13e-13	60.8
956.251	439.193	30.714	140	85	5	31	162	18	153	8.23e-11	54.3
956.251	1269.193	30.714	140	85	5	31	162	18	153	8.23e-11	54.3
956.251	1491.194	30.233	129	82	3	38	162	30	154	9.46e-11	54.3
1032.251	1032.251	100.000	251	0	0	1	251	1	251	5.81e-143	395
1032.251	712.232	37.173	191	111	5	57	247	46	227	4.17e-25	94.4
1032.251	1170.242	30.409	171	110	4	74	244	65	226	2.29e-17	73.6
1032.251	1618.222	38.889	54	33	0	184	237	164	217	1.93e-07	44.7
1032.251	111.237	29.114	158	93	4	63	215	64	207	5.70e-07	43.5
1088.251	1088.251	100.000	251	0	0	1	251	1	251	0.0	516
1088.251	593.249	40.800	250	145	2	1	250	1	247	8.51e-65	197
1088.251	55.217	38.095	168	92	6	80	242	45	205	2.01e-23	89.4
1088.251	14.226	32.022	178	113	3	73	245	43	217	4.28e-17	72.4
1088.251	659.233	35.028	177	104	6	68	242	50	217	5.11e-17	72.4
1088.251	1252.136	33.333	117	77	1	129	245	12	127	3.68e-14	62.4
1088.251	874.199	30.000	130	80	3	127	250	71	195	2.23e-10	53.1
1088.251	1474.175	27.500	120	78	2	135	250	57	171	3.61e-09	49.3
1088.251	288.197	29.240	171	91	5	86	245	43	194	6.35e-08	46.2
1088.251	500.184	27.692	130	83	3	127	250	56	180	3.30e-07	43.9
95.249	95.249	100.000	249	0	0	1	249	1	249	3.04e-161	441
536.249	536.249	100.000	249	0	0	1	249	1	249	1.82e-160	439
536.249	764.256	48.372	215	107	4	31	242	33	246	8.27e-66	200
536.249	1720.244	39.070	215	123	3	35	246	28	237	3.05e-47	152
536.249	1147.254	34.842	221	122	7	33	243	34	242	6.37e-35	120
536.249	1213.291	37.363	182	97	6	70	242	80	253	1.70e-31	112
536.249	1666.255	28.796	191	128	5	54	242	60	244	2.92e-23	89.7
536.249	293.211	28.671	143	95	3	91	229	70	209	2.63e-09	50.1
536.249	613.214	25.000	132	87	3	89	216	73	196	4.59e-08	46.6
536.249	935.211	28.148	135	90	3	99	229	78	209	5.37e-08	46.2
536.249	1056.211	28.148	135	90	3	99	229	78	209	5.37e-08	46.2
593.249	593.249	100.000	249	0	0	1	249	1	249	1.51e-178	485
593.249	1088.251	40.000	250	147	2	1	247	1	250	1.08e-58	181
593.249	55.217	34.146	164	101	4	80	239	45	205	2.10e-19	78.6
593.249	14.226	33.333	168	107	1	80	242	50	217	1.38e-17	73.9
593.249	1252.136	35.714	112	70	2	132	242	17	127	1.13e-16	69.3
593.249	1474.175	30.088	113	79	0	134	246	58	170	8.09e-13	59.7
593.249	874.199	28.319	113	81	0	134	246	82	194	6.24e-11	54.7
593.249	500.184	27.434	113	82	0	134	246	67	179	1.80e-07	44.7
593.249	659.233	26.380	163	112	3	80	240	62	218	3.11e-07	44.3
1292.249	1292.249	100.000	249	0	0	1	249	1	249	1.71e-175	478
1292.249	1341.249	100.000	249	0	0	1	249	1	249	1.71e-175	478
1292.249	225.219	89.954	219	22	0	31	249	1	219	1.63e-134	373
1292.249	1409.219	83.105	219	37	0	31	249	1	219	2.09e-124	347
1292.249	1659.206	34.302	172	91	7	31	197	1	155	1.37e-13	62.4
1292.249	401.215	29.452	146	98	4	88	231	56	198	6.79e-13	60.5
1292.249	55.217	30.723	166	79	7	93	230	48	205	2.09e-12	59.3
1292.249	1543.220	28.931	159	109	3	31	188	1	156	5.35e-12	58.2
1292.249	1774.176	31.333	150	71	7	55	199	12	134	8.65e-10	51.2
1292.249	874.199	31.098	164	94	8	31	192	1	147	1.07e-08	48.1
1341.249	1292.249	100.000	249	0	0	1	249	1	249	1.71e-175	478
1341.249	1341.249	100.000	249	0	0	1	249	1	249	1.71e-175	478
1341.249	225.219	89.954	219	22	0	31	249	1	219	1.63e-134	373
1341.249	1409.219	83.105	219	37	0	31	249	1	219	2.09e-124	347
1341.249	1659.206	34.302	172	91	7	31	197	1	155	1.37e-13	62.4
1341.249	401.215	29.452	146	98	4	88	231	56	198	6.79e-13	60.5
1341.249	55.217	30.723	166	79	7	93	230	48	205	2.09e-12	59.3
1341.249	1543.220	28.931	159	109	3	31	188	1	156	5.35e-12	58.2
1341.249	1774.176	31.333	150	71	7	55	199	12	134	8.65e-10	51.2
1341.249	874.199	31.098	164	94	8	31	192	1	147	1.07e-08	48.1
1673.249	1673.249	100.000	222	0	0	1	222	1	222	2.26e-151	416
1673.249	1140.247	64.706	221	76	2	1	221	1	219	1.15e-97	280
1673.249	890.221	44.910	167	88	3	7	171	13	177	4.89e-45	145
1673.249	581.222	48.734	158	77	3	12	167	20	175	1.72e-43	141
1673.249	255.223	43.210	162	88	3	11	170	20	179	4.14e-41	135
1673.249	337.223	43.210	162	88	3	11	170	20	179	4.14e-41	135
1673.249	1448.221	42.222	180	92	5	1	170	1	178	2.62e-40	133
1673.249	544.238	42.500	160	90	2	12	169	13	172	9.36e-40	132
1673.249	755.244	40.351	171	100	2	1	169	1	171	1.18e-39	132
1673.249	1710.235	37.209	172	103	3	5	171	8	179	1.51e-33	116
1673.249	383.228	37.647	170	100	4	5	170	13	180	4.41e-32	112
1673.249	1220.256	38.037	163	98	3	11	171	12	173	4.99e-31	110
1673.249	1176.186	38.462	156	89	5	13	165	6	157	1.06e-24	92.0
1673.249	1358.200	34.646	127	79	3	13	138	22	145	1.03e-21	84.3
1673.249	1395.205	29.677	155	95	4	13	161	26	172	1.32e-20	81.6
1673.249	199.200	33.333	129	82	3	13	140	21	146	2.82e-20	80.5
1673.249	1309.200	33.858	127	80	3	13	138	22	145	3.29e-20	80.5
1673.249	841.251	32.237	152	99	3	9	159	18	166	8.48e-20	80.1
1673.249	956.251	32.237	152	99	3	9	159	18	166	8.92e-20	80.1
1673.249	803.251	31.579	152	100	3	9	159	18	166	3.73e-19	78.6
1673.249	161.210	31.013	158	98	6	16	169	7	157	1.08e-15	68.2
1673.249	67.195	29.167	120	78	2	53	169	54	169	1.74e-14	64.7
1673.249	1626.216	30.864	162	108	3	9	169	17	175	2.64e-14	64.3
1673.249	34.195	29.167	120	78	2	53	169	54	169	3.11e-14	63.9
1673.249	1528.195	27.778	162	102	5	13	164	8	164	1.17e-13	62.4
1673.249	674.199	27.731	119	84	2	52	169	56	173	2.68e-13	61.2
1673.249	477.195	30.702	114	72	2	53	163	54	163	2.23e-12	58.9
1673.249	718.186	31.210	157	101	5	8	161	4	156	6.32e-12	57.4
1673.249	622.203	26.627	169	116	5	3	164	6	173	6.44e-12	57.8
1673.249	1491.194	32.456	114	70	2	53	163	53	162	9.98e-12	57.0
1673.249	1762.224	30.000	190	108	9	1	171	1	184	3.73e-11	55.8
1673.249	117.194	29.448	163	98	6	7	161	19	172	8.91e-11	54.3
1673.249	300.199	27.273	154	94	4	21	161	21	169	3.49e-09	49.7
1673.249	928.198	32.584	89	54	3	21	104	21	108	6.81e-08	45.8
1673.249	1063.198	32.584	89	54	3	21	104	21	108	6.81e-08	45.8
1673.249	439.193	24.390	123	68	3	53	163	52	161	2.69e-07	44.3
1673.249	1269.193	24.390	123	68	3	53	163	52	161	2.69e-07	44.3
209.248	209.248	100.000	232	0	0	1	232	1	232	8.21e-144	397
209.248	1402.244	70.690	232	66	1	1	232	1	230	1.29e-99	285
209.248	1301.246	71.552	232	66	0	1	232	1	232	1.06e-97	280
209.248	1350.246	71.552	232	66	0	1	232	1	232	1.06e-97	280
209.248	667.263	38.462	182	103	4	55	232	73	249	2.32e-24	92.8
426.248	426.248	100.000	248	0	0	1	248	1	248	1.47e-145	402
426.248	1256.248	100.000	248	0	0	1	248	1	248	1.47e-145	402
426.248	1722.270	41.711	187	99	3	70	247	76	261	7.27e-28	102
426.248	856.304	34.545	165	84	6	74	214	90	254	1.90e-12	60.1
689.248	689.248	100.000	248	0	0	1	248	1	248	5.01e-173	471
1256.248	426.248	100.000	248	0	0	1	248	1	248	1.47e-145	402
1256.248	1256.248	100.000	248	0	0	1	248	1	248	1.47e-145	402
1256.248	1722.270	41.711	187	99	3	70	247	76	261	7.27e-28	102
1256.248	856.304	34.545	165	84	6	74	214	90	254	1.90e-12	60.1
1383.248	1383.248	100.000	248	0	0	1	248	1	248	1.10e-140	389
394.247	394.247	100.000	221	0	0	1	221	1	221	1.40e-160	439
394.247	395.255	27.897	233	151	10	1	221	1	228	6.80e-08	46.2
394.247	1479.275	28.125	128	83	4	13	134	27	151	4.22e-07	44.3
1140.247	1140.247	100.000	247	0	0	1	247	1	247	4.32e-164	448
1140.247	1673.249	63.675	234	83	2	1	232	1	234	4.82e-92	266
1140.247	890.221	39.320	206	91	5	29	232	37	210	4.40e-40	132
1140.247	544.238	35.514	214	115	6	27	232	29	227	1.43e-37	127
1140.247	1220.256	35.981	214	124	6	30	232	31	242	1.57e-36	124
1140.247	581.222	37.619	210	97	6	25	232	34	211	2.22e-36	123
1140.247	255.223	41.892	148	83	2	29	175	40	185	6.90e-36	122
1140.247	337.223	41.892	148	83	2	29	175	40	185	6.90e-36	122
1140.247	1448.221	43.243	148	80	3	26	171	35	180	8.47e-36	121
1140.247	755.244	42.177	147	82	2	34	179	36	180	2.26e-34	118
1140.247	1710.235	37.037	189	92	5	51	233	59	226	1.31e-31	111
1140.247	383.228	42.254	142	78	3	25	164	36	175	4.94e-31	109
1140.247	1395.205	34.043	94	61	1	69	161	80	173	2.06e-18	75.5
1140.247	1358.200	28.676	136	93	3	27	161	37	169	2.28e-18	75.5
1140.247	199.200	30.631	111	74	2	52	161	60	168	5.27e-18	74.3
1140.247	1309.200	28.676	136	93	3	27	161	37	169	8.69e-18	73.6
1140.247	841.251	31.008	129	86	2	31	158	40	166	2.52e-17	73.6
1140.247	956.251	31.008	129	86	2	31	158	40	166	2.84e-17	73.2
1140.247	1176.186	33.333	138	86	4	30	164	23	157	2.33e-16	69.7
1140.247	161.210	33.871	124	74	4	57	179	49	165	6.93e-16	68.6
1140.247	803.251	33.636	110	68	3	51	158	60	166	1.10e-15	68.9
1140.247	674.199	29.204	113	78	2	51	162	56	167	1.65e-14	64.7
1140.247	1626.216	31.111	135	90	2	31	164	39	171	5.30e-14	63.5
1140.247	1762.224	38.532	109	49	6	77	174	87	188	6.76e-13	60.5
1140.247	1528.195	28.777	139	90	4	31	165	33	166	1.93e-12	58.9
1140.247	1026.237	26.154	195	132	5	28	220	17	201	1.97e-12	59.3
1140.247	67.195	32.759	116	69	4	52	163	54	164	2.11e-12	58.9
1140.247	34.195	32.759	116	69	4	52	163	54	164	4.33e-12	57.8
1140.247	622.203	26.429	140	75	3	75	211	82	196	1.03e-10	54.3
1140.247	718.186	35.238	105	65	2	57	160	54	156	1.03e-10	53.9
1140.247	477.195	33.333	81	51	1	85	162	83	163	5.74e-10	52.0
1140.247	1565.240	27.717	184	110	8	51	213	57	238	1.30e-09	51.2
1140.247	117.194	30.108	93	64	1	69	160	80	172	6.54e-09	48.9
1140.247	300.199	32.911	79	48	2	30	103	30	108	5.18e-08	46.2
1140.247	1491.194	28.070	114	75	2	52	162	53	162	1.28e-07	45.1
1140.247	988.199	27.485	171	113	5	1	161	1	170	1.88e-07	44.7
1140.247	928.198	31.461	89	51	3	30	113	30	113	3.10e-07	43.9
1140.247	1063.198	31.461	89	51	3	30	113	30	113	3.10e-07	43.9
1724.247	1724.247	100.000	247	0	0	1	247	1	247	0.0	514
1724.247	490.210	54.327	208	93	2	39	245	1	207	2.21e-76	225
1724.247	215.256	35.426	223	108	4	54	242	31	251	2.68e-41	137
