1748.74	1748.74	100.000	74	0	0	1	74	1	74	2.95e-53	151
171.73	171.73	100.000	49	0	0	25	73	25	73	1.55e-13	51.2
1217.73	1217.73	100.000	73	0	0	1	73	1	73	1.41e-33	102
1217.73	1143.73	43.284	67	38	0	2	68	3	69	3.91e-08	37.4
1217.73	1670.74	51.786	56	27	0	11	66	12	67	1.62e-07	35.8
1698.73	1698.73	100.000	73	0	0	1	73	1	73	1.07e-49	142
82.72	82.72	100.000	72	0	0	1	72	1	72	1.08e-50	144
367.72	367.72	100.000	72	0	0	1	72	1	72	1.93e-50	144
574.72	574.72	100.000	72	0	0	1	72	1	72	1.73e-49	142
1005.72	1005.72	100.000	59	0	0	1	59	1	59	4.82e-31	95.5
1107.72	1107.72	100.000	72	0	0	1	72	1	72	5.93e-52	148
1741.72	1741.72	100.000	72	0	0	1	72	1	72	2.76e-51	146
1749.72	1749.72	100.000	72	0	0	1	72	1	72	3.22e-51	146
1767.72	1767.72	100.000	72	0	0	1	72	1	72	2.09e-19	65.9
491.71	491.71	100.000	71	0	0	1	71	1	71	1.09e-48	139
737.71	737.71	100.000	71	0	0	1	71	1	71	2.33e-51	146
1013.71	1013.71	100.000	71	0	0	1	71	1	71	9.23e-50	142
1224.71	1224.71	100.000	71	0	0	1	71	1	71	6.51e-37	110
1041.70	1041.70	100.000	70	0	0	1	70	1	70	6.45e-48	137
1574.70	1574.70	100.000	70	0	0	1	70	1	70	2.27e-23	75.9
1591.70	1591.70	100.000	70	0	0	1	70	1	70	2.78e-47	136
228.69	228.69	100.000	69	0	0	1	69	1	69	1.19e-47	137
238.69	238.69	100.000	69	0	0	1	69	1	69	1.21e-48	139
238.69	354.69	100.000	69	0	0	1	69	1	69	1.21e-48	139
354.69	238.69	100.000	69	0	0	1	69	1	69	1.21e-48	139
354.69	354.69	100.000	69	0	0	1	69	1	69	1.21e-48	139
1211.69	1211.69	100.000	69	0	0	1	69	1	69	9.79e-47	134
1509.69	1509.69	100.000	69	0	0	1	69	1	69	2.17e-47	136
1687.69	1687.69	100.000	69	0	0	1	69	1	69	1.64e-33	101
571.68	571.68	100.000	68	0	0	1	68	1	68	3.25e-47	135
649.68	649.68	100.000	68	0	0	1	68	1	68	1.76e-44	129
433.67	433.67	100.000	51	0	0	1	51	1	51	6.00e-35	104
433.67	1263.67	100.000	51	0	0	1	51	1	51	6.00e-35	104
433.67	483.67	82.353	51	9	0	1	51	1	51	4.64e-29	90.1
433.67	1485.66	80.392	51	9	1	1	51	1	50	1.06e-26	84.0
483.67	483.67	100.000	67	0	0	1	67	1	67	1.20e-45	131
483.67	433.67	82.090	67	12	0	1	67	1	67	6.63e-38	112
483.67	1263.67	82.090	67	12	0	1	67	1	67	6.63e-38	112
483.67	1485.66	76.119	67	15	1	1	67	1	66	3.05e-32	98.2
627.67	627.67	100.000	67	0	0	1	67	1	67	1.57e-47	136
1125.67	1125.67	100.000	67	0	0	1	67	1	67	9.77e-48	137
1263.67	433.67	100.000	51	0	0	1	51	1	51	6.00e-35	104
1263.67	1263.67	100.000	51	0	0	1	51	1	51	6.00e-35	104
1263.67	483.67	82.353	51	9	0	1	51	1	51	4.64e-29	90.1
1263.67	1485.66	80.392	51	9	1	1	51	1	50	1.06e-26	84.0
1473.67	1473.67	100.000	67	0	0	1	67	1	67	2.79e-46	133
1473.67	594.66	56.716	67	28	1	1	67	1	66	1.38e-23	76.3
1473.67	527.66	50.746	67	32	1	1	67	1	66	1.70e-19	65.9
239.66	239.66	100.000	66	0	0	1	66	1	66	8.40e-44	127
239.66	353.66	100.000	66	0	0	1	66	1	66	8.40e-44	127
239.66	873.65	81.818	66	11	1	1	66	1	65	1.53e-34	103
239.66	1240.68	45.000	60	30	1	1	60	1	57	2.37e-11	45.1
239.66	1089.63	45.455	44	24	0	10	53	4	47	1.86e-10	42.7
239.66	771.67	44.444	63	31	2	1	63	1	59	4.15e-09	39.7
239.66	501.68	44.898	49	24	1	1	49	1	46	3.16e-08	37.4
353.66	239.66	100.000	66	0	0	1	66	1	66	8.40e-44	127
353.66	353.66	100.000	66	0	0	1	66	1	66	8.40e-44	127
353.66	873.65	81.818	66	11	1	1	66	1	65	1.53e-34	103
353.66	1240.68	45.000	60	30	1	1	60	1	57	2.37e-11	45.1
353.66	1089.63	45.455	44	24	0	10	53	4	47	1.86e-10	42.7
353.66	771.67	44.444	63	31	2	1	63	1	59	4.15e-09	39.7
353.66	501.68	44.898	49	24	1	1	49	1	46	3.16e-08	37.4
527.66	527.66	100.000	53	0	0	14	66	14	66	1.62e-35	106
527.66	594.66	75.000	52	13	0	15	66	15	66	3.26e-24	77.8
527.66	1473.67	50.000	52	26	0	15	66	16	67	4.16e-15	54.7
594.66	594.66	100.000	66	0	0	1	66	1	66	7.38e-46	132
594.66	527.66	77.273	66	15	0	1	66	1	66	1.90e-33	100
594.66	1473.67	56.716	67	28	1	1	66	1	67	1.36e-23	76.3
746.66	746.66	100.000	66	0	0	1	66	1	66	2.50e-47	135
1165.66	1165.66	100.000	66	0	0	1	66	1	66	8.70e-46	132
1485.66	1485.66	100.000	50	0	0	1	50	1	50	2.72e-34	103
1485.66	433.67	80.392	51	9	1	1	50	1	51	7.25e-27	84.3
1485.66	1263.67	80.392	51	9	1	1	50	1	51	7.25e-27	84.3
1485.66	483.67	80.392	51	9	1	1	50	1	51	1.90e-26	83.2
131.65	131.65	100.000	65	0	0	1	65	1	65	2.54e-45	130
452.65	452.65	100.000	65	0	0	1	65	1	65	3.30e-46	133
452.65	1282.65	100.000	65	0	0	1	65	1	65	3.30e-46	133
572.65	572.65	100.000	65	0	0	1	65	1	65	7.85e-46	132
873.65	873.65	100.000	65	0	0	1	65	1	65	2.66e-45	130
873.65	239.66	81.818	66	11	1	1	65	1	66	1.51e-34	103
873.65	353.66	81.818	66	11	1	1	65	1	66	1.51e-34	103
873.65	1089.63	50.000	44	22	0	10	53	4	47	1.22e-11	45.8
873.65	1240.68	46.479	71	29	3	1	65	1	68	1.39e-11	45.8
873.65	501.68	40.909	66	31	2	1	61	1	63	2.48e-08	37.4
873.65	771.67	34.328	67	37	2	1	62	1	65	3.12e-08	37.4
897.65	897.65	100.000	65	0	0	1	65	1	65	1.13e-27	86.3
1010.65	1010.65	100.000	65	0	0	1	65	1	65	2.58e-42	123
1114.65	1114.65	100.000	65	0	0	1	65	1	65	4.52e-33	100
1231.65	1231.65	100.000	52	0	0	14	65	14	65	1.59e-34	103
1237.65	1237.65	100.000	50	0	0	16	65	16	65	2.08e-32	98.2
1248.65	1248.65	100.000	65	0	0	1	65	1	65	6.87e-44	127
