1769.247	1769.247	100.000	247	0	0	1	247	1	247	1.41e-152	419
1769.247	1618.222	47.368	152	68	4	98	240	73	221	2.08e-32	113
1769.247	111.237	32.000	125	83	1	108	230	101	225	1.41e-14	65.5
1769.247	981.205	30.952	126	69	5	117	236	86	199	4.79e-08	46.6
1769.247	810.225	29.630	135	82	5	102	228	77	206	1.90e-07	44.7
1769.247	156.239	26.111	180	104	8	78	239	56	224	2.18e-07	44.7
1769.247	23.216	27.612	134	85	4	108	235	76	203	4.36e-07	43.9
1301.246	1301.246	100.000	232	0	0	1	232	1	232	7.43e-129	359
1301.246	1350.246	100.000	232	0	0	1	232	1	232	7.43e-129	359
1301.246	1402.244	81.466	232	41	1	1	232	1	230	4.97e-110	311
1301.246	209.248	74.269	171	44	0	62	232	62	232	3.42e-91	264
1301.246	667.263	40.476	168	93	3	68	232	86	249	9.65e-28	101
1350.246	1301.246	100.000	232	0	0	1	232	1	232	7.43e-129	359
1350.246	1350.246	100.000	232	0	0	1	232	1	232	7.43e-129	359
1350.246	1402.244	81.466	232	41	1	1	232	1	230	4.97e-110	311
1350.246	209.248	74.269	171	44	0	62	232	62	232	3.42e-91	264
1350.246	667.263	40.476	168	93	3	68	232	86	249	9.65e-28	101
755.244	755.244	100.000	244	0	0	1	244	1	244	5.28e-149	410
755.244	544.238	59.821	224	77	4	24	244	25	238	4.76e-87	253
755.244	1710.235	39.286	224	115	2	24	244	30	235	3.59e-47	151
755.244	581.222	36.530	219	108	4	24	242	32	219	6.49e-40	132
755.244	890.221	35.909	220	111	5	24	243	30	219	3.15e-37	125
755.244	1140.247	35.610	205	120	4	36	234	34	232	3.81e-36	123
755.244	255.223	33.333	216	114	4	24	239	33	218	3.42e-34	117
755.244	337.223	33.333	216	114	4	24	239	33	218	3.42e-34	117
755.244	1673.249	40.714	140	81	2	25	164	25	162	6.40e-33	115
755.244	383.228	31.905	210	115	4	28	236	38	220	5.82e-31	109
755.244	1448.221	33.028	218	112	4	25	240	33	218	1.91e-30	107
755.244	1220.256	43.220	118	66	1	36	152	35	152	2.91e-29	105
755.244	841.251	36.508	126	78	1	36	161	43	166	3.47e-24	92.0
755.244	956.251	36.508	126	78	1	36	161	43	166	3.62e-24	92.0
755.244	803.251	34.127	126	81	1	36	161	43	166	7.17e-24	91.3
755.244	1626.216	36.154	130	81	1	34	163	40	167	9.79e-24	90.1
755.244	1358.200	32.773	119	78	1	42	160	49	165	1.41e-22	86.7
755.244	674.199	30.075	133	90	2	28	160	33	162	2.15e-22	85.9
755.244	477.195	37.410	139	77	5	29	164	31	162	2.33e-22	85.9
755.244	1309.200	32.773	119	78	1	42	160	49	165	3.55e-22	85.5
755.244	1395.205	33.858	127	82	1	34	160	45	169	6.49e-22	84.7
755.244	199.200	31.933	119	79	1	42	160	48	164	4.00e-21	82.8
755.244	67.195	35.075	134	77	5	35	164	35	162	9.26e-21	81.6
755.244	1026.237	37.584	149	79	3	72	206	58	206	2.09e-20	81.6
755.244	34.195	34.328	134	78	5	35	164	35	162	3.95e-20	79.7
755.244	1565.240	29.851	134	90	2	36	167	40	171	9.88e-20	79.7
755.244	1176.186	32.624	141	90	3	24	163	17	153	5.02e-19	76.6
755.244	1491.194	33.333	132	82	3	35	164	34	161	8.62e-19	76.3
755.244	439.193	34.091	132	81	3	35	164	33	160	1.46e-18	75.5
755.244	1269.193	34.091	132	81	3	35	164	33	160	1.46e-18	75.5
755.244	1528.195	34.074	135	77	5	35	164	35	162	2.33e-18	75.1
755.244	117.194	31.298	131	87	2	34	163	44	172	5.42e-16	68.6
755.244	622.203	29.054	148	97	5	28	169	31	176	3.96e-14	63.5
755.244	928.198	31.915	141	85	5	28	160	28	165	9.20e-14	62.8
755.244	1063.198	31.915	141	85	5	28	160	28	165	9.20e-14	62.8
755.244	718.186	30.935	139	91	3	26	163	22	156	1.16e-13	62.0
755.244	988.199	32.090	134	83	4	35	160	33	166	3.51e-12	58.2
755.244	300.199	30.769	130	80	4	40	160	38	166	4.49e-12	57.8
755.244	1762.224	33.333	93	57	2	81	169	89	180	1.19e-11	57.0
755.244	161.210	35.065	77	50	0	87	163	73	149	8.89e-11	54.3
922.244	922.244	100.000	244	0	0	1	244	1	244	0.0	497
922.244	1069.244	100.000	244	0	0	1	244	1	244	0.0	497
1069.244	922.244	100.000	244	0	0	1	244	1	244	0.0	497
1069.244	1069.244	100.000	244	0	0	1	244	1	244	0.0	497
1402.244	1402.244	100.000	244	0	0	1	244	1	244	1.07e-179	488
1402.244	1301.246	84.146	246	37	1	1	244	1	246	3.57e-136	378
1402.244	1350.246	84.146	246	37	1	1	244	1	246	3.57e-136	378
1402.244	209.248	71.488	242	67	1	1	240	1	242	8.38e-115	324
1402.244	667.263	34.310	239	137	4	17	239	24	258	1.87e-28	103
1402.244	764.256	24.268	239	154	9	1	222	1	229	1.72e-08	48.1
1402.244	981.205	27.749	191	104	7	42	221	32	199	9.94e-08	45.4
1720.244	1720.244	100.000	244	0	0	1	244	1	244	5.04e-165	451
1720.244	536.249	41.395	215	118	3	28	237	35	246	2.70e-51	162
1720.244	1147.254	36.486	222	111	8	28	234	36	242	2.82e-39	131
1720.244	764.256	35.377	212	127	5	30	234	39	247	8.26e-37	125
1720.244	1213.291	39.344	183	95	5	66	237	80	257	3.42e-36	124
1720.244	1666.255	31.633	196	123	4	44	233	54	244	8.87e-28	101
1720.244	613.214	31.638	177	102	7	44	209	30	198	3.48e-10	52.8
1720.244	293.211	35.000	80	51	1	90	169	78	156	6.03e-07	43.1
1442.243	1442.243	100.000	243	0	0	1	243	1	243	1.48e-151	416
1442.243	247.237	51.531	196	93	2	44	239	39	232	5.47e-60	184
1442.243	345.237	51.531	196	93	2	44	239	39	232	5.47e-60	184
1442.243	883.234	48.560	243	113	6	1	241	1	233	7.99e-58	178
1442.243	390.254	45.596	193	102	3	46	237	60	250	1.16e-51	163
1442.243	1484.230	44.726	237	121	5	1	237	1	227	3.02e-50	159
1442.243	535.235	47.396	192	99	2	46	237	43	232	4.97e-49	156
1442.243	484.257	42.739	241	122	5	1	238	28	255	4.32e-48	154
1442.243	432.228	45.876	194	95	4	47	237	39	225	1.74e-45	147
1442.243	1262.228	45.876	194	95	4	47	237	39	225	1.74e-45	147
1442.243	1534.234	44.211	190	102	4	47	235	44	230	1.06e-42	139
1442.243	587.225	42.632	190	105	4	47	235	37	223	1.96e-41	136
1454.243	1454.243	100.000	243	0	0	1	243	1	243	0.0	502
1603.243	1603.243	100.000	243	0	0	1	243	1	243	3.49e-137	380
858.242	858.242	100.000	242	0	0	1	242	1	242	0.0	491
858.242	787.239	81.667	240	42	1	1	240	1	238	1.25e-134	374
858.242	132.224	30.131	229	128	9	4	231	23	220	1.22e-16	70.9
1170.242	1170.242	100.000	242	0	0	1	242	1	242	1.39e-154	424
1170.242	712.232	43.005	193	102	2	34	226	40	224	8.54e-47	150
1170.242	1032.251	32.749	171	106	5	65	226	74	244	3.97e-21	83.6
1170.242	613.214	36.170	141	87	2	84	221	66	206	9.87e-20	79.3
1170.242	981.205	30.270	185	101	5	35	216	37	196	2.30e-15	67.0
1170.242	935.211	34.783	138	81	3	94	223	71	207	2.43e-14	64.3
1170.242	1056.211	34.783	138	81	3	94	223	71	207	2.43e-14	64.3
1170.242	293.211	31.852	135	83	3	97	223	74	207	3.50e-10	52.8
1170.242	156.239	30.233	129	78	4	99	215	89	217	4.44e-10	52.8
1170.242	1573.215	34.483	87	53	2	124	209	118	201	1.95e-09	50.4
1118.241	1118.241	100.000	241	0	0	1	241	1	241	3.70e-169	461
1652.241	1652.241	100.000	241	0	0	1	241	1	241	1.34e-132	368
792.240	792.240	100.000	240	0	0	1	240	1	240	7.69e-179	485
792.240	854.240	96.250	240	9	0	1	240	1	240	2.13e-171	466
854.240	854.240	100.000	240	0	0	1	240	1	240	3.90e-179	486
854.240	792.240	96.250	240	9	0	1	240	1	240	2.13e-171	466
1565.240	1565.240	100.000	240	0	0	1	240	1	240	1.47e-171	467
1565.240	1626.216	41.615	161	90	3	23	183	26	182	1.35e-35	120
1565.240	803.251	35.938	192	120	2	2	193	6	194	7.77e-31	109
1565.240	841.251	33.161	193	126	2	2	194	6	195	3.16e-28	102
1565.240	956.251	33.161	193	126	2	2	194	6	195	3.26e-28	102
1565.240	1448.221	29.268	164	113	2	5	167	8	169	6.69e-21	82.4
1565.240	755.244	29.870	154	103	3	21	171	16	167	1.04e-20	82.4
1565.240	1176.186	33.974	156	99	3	21	175	9	161	2.45e-20	80.1
1565.240	383.228	31.138	167	112	2	2	167	7	171	3.71e-19	77.8
1565.240	255.223	31.138	167	109	3	2	167	9	170	1.21e-18	76.3
1565.240	337.223	31.138	167	109	3	2	167	9	170	1.21e-18	76.3
1565.240	544.238	28.662	157	101	4	21	171	17	168	1.87e-18	76.3
1565.240	1358.200	27.907	172	119	3	3	172	5	173	1.65e-17	72.8
1565.240	1309.200	27.907	172	119	3	3	172	5	173	1.98e-17	72.8
1565.240	674.199	29.814	161	105	3	10	164	4	162	7.10e-17	71.2
1565.240	890.221	27.108	166	118	2	3	167	4	167	7.56e-17	71.6
1565.240	199.200	26.786	168	115	2	11	172	7	172	1.18e-16	70.5
1565.240	1395.205	30.159	126	86	1	47	172	54	177	7.33e-16	68.6
1565.240	161.210	30.573	157	99	5	15	168	1	150	3.13e-15	66.6
1565.240	581.222	27.703	148	104	2	21	167	24	169	1.65e-14	65.1
1565.240	1710.235	30.380	158	103	4	16	171	21	173	5.08e-14	63.9
1565.240	117.194	31.250	128	86	1	56	183	63	188	1.14e-13	62.0
1565.240	718.186	27.564	156	109	3	19	173	10	162	1.60e-13	61.6
1565.240	622.203	29.333	150	90	6	31	168	26	171	2.20e-13	61.6
1565.240	928.198	35.000	160	84	8	20	168	19	169	1.42e-12	59.3
1565.240	1063.198	35.000	160	84	8	20	168	19	169	1.42e-12	59.3
1565.240	1528.195	31.250	128	78	4	44	167	40	161	1.69e-12	58.9
1565.240	67.195	31.579	171	95	7	19	178	8	167	1.36e-11	56.2
1565.240	34.195	31.579	171	95	7	19	178	8	167	1.43e-11	56.2
1565.240	1140.247	26.484	219	138	8	22	238	16	213	1.19e-10	54.3
1565.240	1762.224	34.677	124	66	5	40	150	37	158	3.55e-10	52.8
1565.240	477.195	32.031	128	77	4	44	167	40	161	5.08e-10	52.0
1565.240	439.193	33.088	136	85	3	34	167	28	159	5.74e-10	51.6
1565.240	1269.193	33.088	136	85	3	34	167	28	159	5.74e-10	51.6
1565.240	300.199	40.594	101	40	7	20	110	19	109	6.03e-10	51.6
1565.240	1491.194	33.333	135	80	4	37	167	32	160	6.59e-10	51.6
1565.240	988.199	39.241	79	38	3	40	110	34	110	1.20e-09	50.8
1565.240	1026.237	27.826	115	81	1	56	170	40	152	2.17e-09	50.4
1565.240	1220.256	35.526	76	44	3	38	110	33	106	6.02e-07	43.5
1781.240	1781.240	100.000	240	0	0	1	240	1	240	7.53e-154	422
1781.240	1545.228	29.648	199	127	5	20	217	16	202	1.90e-17	73.2
150.239	150.239	100.000	239	0	0	1	239	1	239	1.76e-164	449
156.239	156.239	100.000	239	0	0	1	239	1	239	4.96e-145	400
156.239	981.205	36.522	115	71	1	112	226	92	204	4.76e-16	68.9
156.239	712.232	32.258	124	72	4	116	237	116	229	3.26e-12	58.5
156.239	1170.242	31.132	106	69	3	112	217	114	215	2.37e-09	50.4
156.239	1032.251	27.273	110	76	1	126	235	142	247	9.89e-09	48.9
156.239	111.237	35.714	70	41	2	130	195	134	203	7.05e-07	43.1
787.239	787.239	100.000	226	0	0	1	226	1	226	9.38e-155	424
787.239	858.242	81.579	228	40	1	1	226	1	228	6.05e-125	349
787.239	132.224	29.167	192	108	5	36	226	53	217	9.05e-17	71.2
544.238	544.238	100.000	238	0	0	1	238	1	238	8.30e-159	434
544.238	755.244	62.295	244	83	3	3	238	2	244	5.57e-91	263
544.238	1710.235	37.674	215	124	3	25	238	30	235	1.39e-42	139
544.238	581.222	36.058	208	110	3	25	232	32	216	4.08e-39	130
544.238	255.223	37.576	165	100	2	25	188	33	195	7.28e-36	121
544.238	337.223	37.576	165	100	2	25	188	33	195	7.28e-36	121
544.238	1140.247	34.597	211	127	5	26	227	24	232	1.19e-35	122
544.238	1673.249	39.073	151	90	2	26	176	25	173	1.06e-32	114
544.238	890.221	32.536	209	117	3	25	232	30	215	8.44e-32	111
544.238	383.228	32.353	204	114	4	29	229	38	220	1.34e-31	110
544.238	1448.221	37.584	149	91	1	26	174	33	179	1.31e-30	108
544.238	1220.256	38.462	143	87	1	33	174	31	173	7.42e-30	107
544.238	1358.200	29.577	142	98	1	35	176	41	180	1.09e-24	92.0
544.238	1309.200	29.577	142	98	1	35	176	41	180	3.12e-24	90.9
544.238	199.200	28.873	142	99	1	35	176	40	179	1.37e-23	89.0
544.238	1528.195	40.299	134	70	6	36	165	35	162	1.56e-22	86.3
544.238	956.251	33.333	126	82	1	37	162	43	166	1.57e-22	87.4
544.238	841.251	33.333	126	82	1	37	162	43	166	1.65e-22	87.4
544.238	803.251	31.746	126	84	1	37	162	43	166	1.69e-22	87.4
544.238	1395.205	29.851	134	92	1	43	176	53	184	3.96e-22	85.1
544.238	1626.216	32.308	130	86	1	35	164	40	167	7.79e-21	82.0
544.238	477.195	34.965	143	85	5	25	165	26	162	5.07e-20	79.3
544.238	674.199	25.000	140	104	1	36	175	38	176	4.16e-19	77.0
544.238	67.195	33.333	132	82	4	36	165	35	162	1.08e-18	75.9
544.238	34.195	32.576	132	83	4	36	165	35	162	4.94e-18	73.9
544.238	117.194	29.560	159	95	3	35	185	44	193	1.68e-17	72.8
544.238	439.193	33.858	127	78	4	41	165	38	160	2.72e-17	72.0
544.238	1269.193	33.858	127	78	4	41	165	38	160	2.72e-17	72.0
544.238	1565.240	27.612	134	93	2	37	168	40	171	4.72e-17	72.4
544.238	1026.237	34.459	148	88	4	33	176	19	161	6.84e-17	71.6
544.238	1491.194	31.061	132	85	4	36	165	34	161	8.26e-17	70.9
544.238	1176.186	29.371	143	96	3	25	166	17	155	2.68e-15	66.6
544.238	622.203	27.389	157	102	5	28	176	30	182	1.43e-14	64.7
544.238	718.186	28.916	166	112	4	27	191	22	182	3.28e-14	63.5
544.238	1762.224	30.612	98	63	2	79	172	86	182	3.38e-12	58.5
544.238	161.210	30.000	130	84	3	41	168	29	153	7.30e-11	54.7
544.238	988.199	36.364	77	43	3	33	103	30	106	2.13e-09	50.1
544.238	928.198	26.087	161	109	5	37	189	34	192	3.03e-08	47.0
544.238	1063.198	26.087	161	109	5	37	189	34	192	3.03e-08	47.0
544.238	300.199	32.895	76	46	2	33	103	30	105	4.23e-08	46.6
111.237	111.237	100.000	237	0	0	1	237	1	237	3.66e-144	397
111.237	1769.247	31.496	127	85	1	101	227	108	232	9.77e-15	65.9
111.237	613.214	28.502	207	117	8	30	231	24	204	1.49e-13	62.0
111.237	712.232	33.083	133	79	5	99	231	95	217	3.32e-12	58.5
111.237	1573.215	28.351	194	122	7	36	228	30	207	1.47e-10	53.5
111.237	1618.222	30.935	139	84	3	101	231	83	217	4.20e-10	52.4
111.237	981.205	28.906	128	83	5	108	235	84	203	5.60e-10	52.0
111.237	61.216	27.193	114	76	2	99	207	74	185	2.62e-07	44.3
111.237	156.239	34.722	72	43	2	134	205	130	197	8.90e-07	42.7
247.237	247.237	100.000	237	0	0	1	237	1	237	2.80e-161	441
247.237	345.237	100.000	237	0	0	1	237	1	237	2.80e-161	441
247.237	1442.243	50.980	204	98	2	31	232	36	239	5.46e-70	209
247.237	883.234	47.525	202	105	1	31	232	31	231	2.32e-66	200
247.237	390.254	47.137	227	115	2	9	230	24	250	4.16e-64	195
247.237	535.235	47.845	232	118	3	3	232	4	234	1.88e-63	192
247.237	587.225	43.860	228	119	7	4	228	2	223	6.59e-53	165
247.237	1534.234	41.949	236	123	9	1	228	1	230	2.13e-51	162
247.237	1484.230	44.000	200	108	3	31	230	32	227	2.65e-49	156
247.237	484.257	38.053	226	137	3	7	231	32	255	4.61e-45	146
247.237	432.228	39.267	191	114	2	42	232	39	227	3.30e-42	138
247.237	1262.228	39.267	191	114	2	42	232	39	227	3.30e-42	138
345.237	247.237	100.000	237	0	0	1	237	1	237	2.80e-161	441
345.237	345.237	100.000	237	0	0	1	237	1	237	2.80e-161	441
345.237	1442.243	50.980	204	98	2	31	232	36	239	5.46e-70	209
345.237	883.234	47.525	202	105	1	31	232	31	231	2.32e-66	200
345.237	390.254	47.137	227	115	2	9	230	24	250	4.16e-64	195
345.237	535.235	47.845	232	118	3	3	232	4	234	1.88e-63	192
345.237	587.225	43.860	228	119	7	4	228	2	223	6.59e-53	165
345.237	1534.234	41.949	236	123	9	1	228	1	230	2.13e-51	162
345.237	1484.230	44.000	200	108	3	31	230	32	227	2.65e-49	156
345.237	484.257	38.053	226	137	3	7	231	32	255	4.61e-45	146
345.237	432.228	39.267	191	114	2	42	232	39	227	3.30e-42	138
345.237	1262.228	39.267	191	114	2	42	232	39	227	3.30e-42	138
1026.237	1026.237	100.000	237	0	0	1	237	1	237	6.67e-159	434
1026.237	1176.186	46.497	157	81	1	8	161	12	168	3.39e-44	142
1026.237	117.194	43.624	149	84	0	2	150	25	173	5.12e-41	134
1026.237	718.186	41.765	170	90	3	13	179	17	180	2.05e-40	132
1026.237	1358.200	33.846	130	77	3	18	143	38	162	2.61e-20	80.5
1026.237	755.244	43.269	104	59	0	58	161	72	175	3.16e-20	80.9
1026.237	1309.200	33.846	130	77	3	18	143	38	162	7.81e-20	79.0
1026.237	199.200	30.822	146	92	3	2	143	21	161	1.59e-19	78.2
1026.237	1395.205	33.846	130	77	3	18	143	42	166	3.49e-18	74.7
1026.237	544.238	33.908	174	97	5	2	161	7	176	1.22e-17	73.9
1026.237	161.210	34.328	134	84	2	18	150	20	150	3.65e-16	69.3
1026.237	841.251	32.857	140	93	1	8	147	28	166	5.70e-16	69.3
1026.237	956.251	32.857	140	93	1	8	147	28	166	6.49e-16	69.3
1026.237	581.222	28.571	168	110	2	4	162	16	182	6.70e-16	68.9
1026.237	1528.195	32.558	172	105	6	4	170	17	182	2.01e-15	67.0
1026.237	674.199	29.167	144	99	3	4	146	21	162	1.29e-14	64.7
1026.237	803.251	32.231	121	81	1	8	128	28	147	1.86e-13	62.4
1026.237	1626.216	30.612	147	101	1	4	150	23	168	1.92e-13	62.0
1026.237	928.198	29.932	147	86	6	17	152	28	168	4.22e-13	60.5
1026.237	1063.198	29.932	147	86	6	17	152	28	168	4.22e-13	60.5
1026.237	1220.256	28.302	159	112	1	4	160	16	174	5.31e-13	61.2
1026.237	255.223	28.750	160	104	2	4	154	17	175	6.60e-13	60.5
1026.237	337.223	28.750	160	104	2	4	154	17	175	6.60e-13	60.5
1026.237	890.221	29.677	155	99	2	4	149	14	167	1.08e-12	59.7
1026.237	67.195	32.903	155	85	7	4	149	17	161	1.20e-12	59.3
1026.237	477.195	32.450	151	91	5	4	149	17	161	1.69e-12	58.9
1026.237	1140.247	29.193	161	102	4	7	157	10	168	1.87e-12	59.7
1026.237	34.195	32.903	155	85	7	4	149	17	161	3.77e-12	57.8
1026.237	1710.235	29.268	164	94	4	2	149	12	169	4.41e-12	58.2
1026.237	1448.221	28.302	159	104	2	5	154	17	174	1.22e-11	57.0
1026.237	1491.194	31.126	151	93	5	4	149	16	160	1.68e-10	53.1
1026.237	622.203	27.465	142	87	5	12	140	23	161	6.78e-10	51.6
1026.237	300.199	29.252	147	89	4	17	151	28	171	8.04e-10	51.2
1026.237	1565.240	27.826	115	81	1	40	152	56	170	1.88e-09	50.8
1026.237	439.193	27.742	155	93	6	4	149	15	159	5.39e-09	48.9
1026.237	1269.193	27.742	155	93	6	4	149	15	159	5.39e-09	48.9
1026.237	1762.224	28.571	154	95	6	16	156	30	181	9.58e-09	48.5
1026.237	383.228	25.828	151	111	1	19	169	42	191	2.10e-08	47.8
1026.237	988.199	32.061	131	71	6	13	130	25	150	5.42e-08	46.2
1512.236	1512.236	100.000	236	0	0	1	236	1	236	2.05e-166	453
1512.236	459.257	48.980	245	112	5	1	233	1	244	8.75e-71	212
1514.236	1514.236	100.000	236	0	0	1	236	1	236	1.41e-168	459
535.235	535.235	100.000	235	0	0	1	235	1	235	2.02e-157	431
535.235	390.254	50.213	235	108	5	4	233	21	251	4.26e-69	207
535.235	247.237	48.276	232	117	3	4	234	3	232	1.07e-66	201
535.235	345.237	48.276	232	117	3	4	234	3	232	1.07e-66	201
535.235	587.225	43.860	228	120	5	5	230	2	223	6.02e-57	176
535.235	432.228	49.479	192	95	2	44	235	39	228	6.95e-57	176
535.235	1262.228	49.479	192	95	2	44	235	39	228	6.95e-57	176
535.235	1442.243	48.187	193	96	3	43	232	46	237	5.76e-56	174
535.235	883.234	45.536	224	118	4	11	233	10	230	4.07e-55	171
535.235	484.257	46.781	233	117	4	1	232	28	254	5.93e-55	171
535.235	1484.230	47.845	232	116	4	1	232	1	227	1.46e-54	169
535.235	1534.234	44.206	233	124	4	1	230	1	230	4.04e-54	169
814.235	814.235	100.000	235	0	0	1	235	1	235	3.32e-167	455
1205.235	1205.235	100.000	235	0	0	1	235	1	235	6.11e-177	480
1205.235	1251.223	36.522	230	132	6	1	224	1	222	6.17e-40	132
1205.235	528.222	37.097	186	107	4	25	204	22	203	7.12e-35	119
1205.235	1435.224	31.980	197	125	4	25	215	23	216	1.37e-26	97.4
1205.235	418.118	39.815	108	63	2	117	224	12	117	2.12e-20	78.2
1205.235	417.105	37.000	100	57	3	1	100	1	94	1.58e-12	57.0
1710.235	1710.235	100.000	235	0	0	1	235	1	235	3.55e-147	405
1710.235	755.244	44.571	175	92	1	3	177	2	171	3.95e-50	159
1710.235	544.238	41.765	170	99	0	8	177	3	172	2.83e-45	146
1710.235	255.223	39.227	181	105	2	1	178	1	179	1.77e-39	130
1710.235	337.223	39.227	181	105	2	1	178	1	179	1.77e-39	130
1710.235	581.222	38.889	180	106	2	1	178	1	178	5.78e-39	129
1710.235	383.228	36.842	171	106	1	8	178	12	180	2.94e-35	120
1710.235	1448.221	37.222	180	109	2	1	178	1	178	1.22e-34	118
1710.235	890.221	37.572	173	106	1	1	173	1	171	5.00e-34	116
1710.235	1673.249	37.427	171	102	3	8	178	5	170	3.16e-33	115
1710.235	1220.256	36.686	169	100	4	7	173	4	167	1.76e-32	113
1710.235	1140.247	38.889	162	97	2	17	178	10	169	1.99e-32	113
1710.235	1626.216	32.544	169	108	3	10	177	12	175	5.57e-25	93.2
1710.235	1395.205	30.400	125	85	1	49	173	54	176	7.50e-19	76.6
1710.235	117.194	32.484	157	97	4	24	177	30	180	3.05e-17	72.0
1710.235	803.251	33.099	142	91	3	13	154	16	153	1.17e-16	71.2
1710.235	674.199	23.164	177	132	3	1	177	1	173	1.71e-16	70.1
1710.235	199.200	27.168	173	115	3	5	177	14	175	6.32e-16	68.6
1710.235	1358.200	26.875	160	113	2	18	177	21	176	8.15e-16	68.2
1710.235	718.186	31.169	154	97	4	23	173	13	160	1.03e-15	67.4
1710.235	1309.200	26.875	160	113	2	18	177	21	176	4.15e-15	66.2
1710.235	477.195	29.600	125	82	2	48	170	42	162	3.09e-14	63.5
1710.235	1528.195	30.075	133	85	4	48	177	42	169	5.36e-14	63.2
1710.235	841.251	31.206	141	93	3	13	153	16	152	6.68e-14	63.5
1710.235	956.251	29.787	141	95	2	13	153	16	152	6.75e-14	63.5
1710.235	1176.186	27.607	163	105	4	20	177	7	161	8.58e-14	62.4
1710.235	1491.194	27.481	131	89	2	42	170	35	161	1.18e-13	62.0
1710.235	1565.240	30.058	173	112	5	6	173	3	171	1.64e-13	62.4
1710.235	439.193	28.800	125	83	2	48	170	40	160	1.99e-13	61.2
1710.235	1269.193	28.800	125	83	2	48	170	40	160	1.99e-13	61.2
1710.235	67.195	27.407	135	90	3	42	173	36	165	2.41e-13	61.2
1710.235	34.195	27.407	135	90	3	42	173	36	165	4.01e-13	60.5
1710.235	622.203	28.467	137	90	3	48	177	43	178	6.63e-12	57.4
1710.235	1762.224	37.383	107	53	5	81	178	82	183	1.18e-11	57.0
1710.235	1026.237	29.268	164	94	4	12	169	2	149	1.42e-11	57.0
1710.235	161.210	27.517	149	99	5	23	169	8	149	2.15e-09	50.4
1710.235	300.199	27.619	105	69	2	15	114	9	111	1.26e-08	47.8
1710.235	928.198	30.851	94	58	2	26	114	20	111	2.11e-08	47.4
1710.235	1063.198	30.851	94	58	2	26	114	20	111	2.11e-08	47.4
1710.235	988.199	32.911	79	47	2	42	114	34	112	6.74e-08	45.8
883.234	883.234	100.000	234	0	0	1	234	1	234	2.47e-149	410
883.234	390.254	52.402	229	103	3	10	232	25	253	3.60e-69	207
883.234	247.237	43.103	232	131	1	1	231	1	232	3.45e-60	184
883.234	345.237	43.103	232	131	1	1	231	1	232	3.45e-60	184
883.234	1442.243	47.325	243	116	6	1	233	1	241	1.03e-56	176
883.234	1484.230	45.887	231	121	4	1	230	1	228	1.13e-53	167
883.234	535.235	41.964	224	126	4	10	230	11	233	1.56e-49	157
883.234	484.257	44.397	232	123	6	1	230	28	255	6.51e-48	153
883.234	587.225	42.411	224	122	5	8	228	5	224	3.02e-44	143
883.234	1534.234	43.231	229	123	6	3	227	5	230	8.57e-44	142
883.234	432.228	45.503	189	100	3	42	229	39	225	3.82e-42	137
883.234	1262.228	45.503	189	100	3	42	229	39	225	3.82e-42	137
1534.234	1534.234	100.000	234	0	0	1	234	1	234	3.36e-149	410
1534.234	587.225	46.939	196	103	1	36	230	28	223	3.17e-57	176
1534.234	432.228	45.213	188	99	3	44	230	39	223	5.11e-54	168
1534.234	1262.228	45.213	188	99	3	44	230	39	223	5.11e-54	168
1534.234	1484.230	46.465	198	101	4	34	230	32	225	3.42e-53	166
1534.234	484.257	45.500	200	101	5	34	230	58	252	2.86e-51	162
1534.234	247.237	45.588	204	98	8	34	230	31	228	9.05e-51	160
1534.234	345.237	45.588	204	98	8	34	230	31	228	9.05e-51	160
1534.234	1442.243	43.564	202	104	5	38	230	35	235	6.03e-49	155
1534.234	535.235	44.737	190	99	4	44	230	44	230	1.05e-48	155
1534.234	390.254	46.354	192	94	6	44	230	61	248	4.44e-48	154
1534.234	883.234	40.404	198	113	4	35	230	33	227	1.52e-43	141
1534.234	1618.222	28.387	155	64	5	78	211	81	209	1.11e-07	45.4
20.233	20.233	100.000	233	0	0	1	233	1	233	4.36e-167	455
659.233	659.233	100.000	205	0	0	29	233	29	233	1.54e-155	426
659.233	55.217	49.510	204	93	3	30	227	16	215	1.00e-65	197
659.233	14.226	38.095	210	112	6	29	226	20	223	7.50e-37	124
659.233	1474.175	37.895	190	89	7	35	220	2	166	2.62e-27	97.8
659.233	874.199	34.694	196	99	7	29	220	20	190	2.50e-26	96.3
659.233	288.197	32.995	197	108	6	30	217	10	191	1.08e-20	81.3
659.233	1252.136	35.115	131	80	2	99	226	5	133	2.29e-19	75.9
659.233	500.184	34.694	196	99	7	29	220	5	175	3.26e-19	77.0
659.233	1583.193	31.863	204	92	7	29	226	24	186	6.15e-19	76.3
659.233	1088.251	35.028	177	104	6	50	217	68	242	4.79e-17	72.4
659.233	1659.206	32.020	203	109	6	33	230	26	204	7.14e-17	71.2
659.233	225.219	29.048	210	115	7	29	226	22	209	7.95e-12	57.4
659.233	593.249	27.607	163	110	4	62	218	80	240	1.27e-09	51.2
659.233	1292.249	28.641	206	103	8	29	217	52	230	5.94e-09	49.3
659.233	1341.249	28.641	206	103	8	29	217	52	230	5.94e-09	49.3
659.233	1409.219	28.505	214	113	9	29	230	22	207	9.70e-08	45.4
659.233	1543.220	27.273	209	100	10	30	217	22	199	1.28e-07	45.1
712.232	712.232	100.000	219	0	0	1	219	1	219	2.11e-112	317
712.232	1170.242	47.297	148	78	0	71	218	73	220	2.18e-39	131
712.232	1573.215	37.500	112	66	3	106	214	97	207	5.52e-17	71.6
712.232	613.214	36.207	116	71	2	106	218	90	205	8.33e-17	70.9
712.232	1032.251	36.538	156	89	5	72	218	84	238	7.61e-16	68.9
712.232	935.211	37.168	113	63	3	106	210	85	197	1.27e-14	65.1
712.232	1056.211	37.168	113	63	3	106	210	85	197	1.27e-14	65.1
712.232	293.211	38.739	111	56	4	106	204	85	195	1.25e-13	62.4
712.232	156.239	33.654	104	61	3	116	213	116	217	3.66e-12	58.5
712.232	111.237	34.146	123	69	6	106	217	110	231	5.45e-12	58.2
712.232	981.205	29.730	111	74	2	106	213	86	195	3.28e-09	49.7
712.232	23.216	28.696	115	71	3	106	209	85	199	3.35e-08	47.0
712.232	1618.222	40.351	57	34	0	157	213	157	213	6.58e-07	43.1
1459.232	1459.232	100.000	232	0	0	1	232	1	232	1.12e-153	421
1459.232	450.227	75.676	222	54	0	1	222	1	222	9.27e-104	295
1459.232	1280.227	75.676	222	54	0	1	222	1	222	9.27e-104	295
1291.230	1291.230	100.000	230	0	0	1	230	1	230	6.05e-175	474
1317.230	1317.230	100.000	230	0	0	1	230	1	230	5.17e-170	462
1317.230	1366.230	100.000	230	0	0	1	230	1	230	5.17e-170	462
1317.230	1637.230	73.160	231	60	2	1	230	1	230	1.42e-121	340
1317.230	188.227	71.053	228	61	3	1	227	1	224	2.75e-112	316
1317.230	447.200	32.877	146	86	4	90	230	62	200	1.77e-14	64.3
1317.230	1277.200	32.877	146	86	4	90	230	62	200	1.77e-14	64.3
1317.230	747.200	31.507	146	88	5	90	230	62	200	9.20e-14	62.4
1366.230	1317.230	100.000	230	0	0	1	230	1	230	5.17e-170	462
1366.230	1366.230	100.000	230	0	0	1	230	1	230	5.17e-170	462
1366.230	1637.230	73.160	231	60	2	1	230	1	230	1.42e-121	340
1366.230	188.227	71.053	228	61	3	1	227	1	224	2.75e-112	316
1366.230	447.200	32.877	146	86	4	90	230	62	200	1.77e-14	64.3
1366.230	1277.200	32.877	146	86	4	90	230	62	200	1.77e-14	64.3
1366.230	747.200	31.507	146	88	5	90	230	62	200	9.20e-14	62.4
1484.230	1484.230	100.000	230	0	0	1	230	1	230	5.20e-133	369
1484.230	432.228	62.234	188	71	0	43	230	41	228	1.01e-74	221
1484.230	1262.228	62.234	188	71	0	43	230	41	228	1.01e-74	221
1484.230	484.257	58.079	229	92	2	1	227	28	254	9.53e-74	219
1484.230	883.234	46.320	231	120	4	1	228	1	230	5.20e-46	147
1484.230	535.235	46.842	190	99	2	43	230	46	235	9.20e-45	144
1484.230	1534.234	43.612	227	124	3	2	225	5	230	2.69e-44	143
1484.230	1442.243	38.750	240	131	5	1	227	1	237	4.49e-44	143
1484.230	390.254	44.149	188	102	3	43	227	63	250	6.66e-43	140
1484.230	247.237	44.693	179	98	1	50	227	52	230	1.06e-39	131
1484.230	345.237	44.693	179	98	1	50	227	52	230	1.06e-39	131
1484.230	587.225	41.398	186	105	4	43	225	39	223	1.31e-36	123
1637.230	1637.230	100.000	230	0	0	1	230	1	230	4.29e-170	462
1637.230	188.227	81.938	227	38	1	1	227	1	224	2.48e-137	379
1637.230	1317.230	73.160	231	60	2	1	230	1	230	1.42e-121	340
1637.230	1366.230	73.160	231	60	2	1	230	1	230	1.42e-121	340
1637.230	447.200	33.529	170	95	7	67	230	43	200	1.20e-15	67.4
1637.230	1277.200	33.529	170	95	7	67	230	43	200	1.20e-15	67.4
1637.230	747.200	33.333	147	84	6	90	230	62	200	1.32e-14	64.7
1637.230	1119.177	32.653	147	76	6	93	230	45	177	2.80e-09	49.3
134.229	134.229	100.000	229	0	0	1	229	1	229	3.76e-147	404
813.229	813.229	100.000	229	0	0	1	229	1	229	1.51e-170	463
383.228	383.228	100.000	228	0	0	1	228	1	228	8.46e-171	464
383.228	255.223	59.821	224	83	4	1	223	1	218	6.29e-89	256
383.228	337.223	59.821	224	83	4	1	223	1	218	6.29e-89	256
383.228	581.222	53.947	228	96	3	1	227	1	220	1.01e-83	243
383.228	890.221	56.731	208	86	2	19	226	15	218	1.42e-80	235
383.228	1448.221	50.661	227	102	4	1	225	1	219	8.37e-72	213
383.228	544.238	31.330	233	130	3	19	227	10	236	3.24e-37	125
383.228	755.244	38.095	189	109	4	22	204	12	198	1.50e-35	121
383.228	1710.235	36.842	171	106	1	12	180	8	178	2.65e-35	120
383.228	1140.247	42.169	166	91	4	12	175	2	164	5.20e-35	119
383.228	1673.249	37.647	170	100	4	13	180	5	170	3.48e-32	112
383.228	1395.205	30.612	147	100	1	25	171	28	172	1.79e-24	91.3
383.228	1220.256	31.892	185	120	4	11	192	3	184	2.65e-24	92.0
383.228	161.210	35.948	153	91	4	27	177	8	155	2.94e-23	88.2
383.228	674.199	29.167	168	115	3	18	184	14	178	8.90e-23	86.7
383.228	1309.200	28.188	149	105	1	23	171	22	168	1.44e-21	83.6
383.228	1358.200	28.188	149	105	1	23	171	22	168	1.45e-21	83.6
383.228	199.200	28.750	160	110	2	42	201	38	193	5.57e-21	82.0
383.228	1626.216	28.916	166	105	2	23	179	14	175	9.09e-21	81.6
383.228	1565.240	31.138	167	112	2	7	171	2	167	2.62e-19	78.2
383.228	803.251	31.081	148	98	2	22	168	21	165	3.01e-19	78.2
383.228	1176.186	32.692	156	102	3	21	175	4	157	2.06e-18	74.7
383.228	956.251	31.757	148	97	2	22	168	21	165	2.52e-18	75.9
383.228	841.251	31.757	148	97	2	22	168	21	165	2.68e-18	75.5
383.228	117.194	33.103	145	94	2	28	171	30	172	3.67e-18	74.3
383.228	622.203	30.070	143	90	3	43	176	34	175	8.21e-16	68.2
383.228	1528.195	26.923	182	122	4	18	191	3	181	1.27e-14	64.7
383.228	718.186	29.480	173	118	3	21	191	7	177	3.50e-14	63.2
383.228	477.195	29.299	157	98	5	24	171	9	161	3.75e-12	57.8
383.228	67.195	26.531	196	131	5	18	204	3	194	4.06e-12	57.8
383.228	1491.194	28.125	160	104	5	20	171	4	160	1.41e-11	56.2
383.228	34.195	26.020	196	132	5	18	204	3	194	2.43e-11	55.5
383.228	300.199	39.744	78	40	2	42	112	30	107	1.03e-10	53.9
383.228	1762.224	30.392	102	66	2	87	184	87	187	2.49e-09	50.1
383.228	439.193	24.000	150	105	4	29	171	12	159	5.05e-09	48.9
383.228	1269.193	24.000	150	105	4	29	171	12	159	5.05e-09	48.9
383.228	928.198	37.662	77	41	2	43	112	31	107	6.64e-09	48.5
383.228	1063.198	37.662	77	41	2	43	112	31	107	6.64e-09	48.5
383.228	1026.237	25.806	186	130	3	42	222	19	201	1.80e-08	47.8
383.228	988.199	34.177	79	44	2	42	112	30	108	3.17e-08	46.6
432.228	432.228	100.000	228	0	0	1	228	1	228	3.02e-147	404
432.228	1262.228	100.000	228	0	0	1	228	1	228	3.02e-147	404
432.228	484.257	64.474	228	70	3	4	225	32	254	1.95e-91	264
432.228	1484.230	59.130	230	92	2	1	228	1	230	2.56e-87	253
432.228	535.235	49.479	192	95	2	39	228	44	235	1.10e-56	175
432.228	1534.234	44.737	190	101	3	37	223	42	230	1.20e-54	170
432.228	883.234	46.632	193	100	3	35	225	38	229	2.80e-51	161
432.228	1442.243	41.949	236	120	6	4	225	5	237	1.33e-49	157
432.228	390.254	43.229	192	106	3	37	225	59	250	1.94e-47	152
432.228	247.237	39.175	194	116	2	36	227	39	232	1.48e-42	139
432.228	345.237	39.175	194	116	2	36	227	39	232	1.48e-42	139
432.228	587.225	43.590	195	103	5	35	223	30	223	5.56e-42	137
432.228	1618.222	28.125	160	90	6	69	221	79	220	8.40e-08	45.8
1262.228	432.228	100.000	228	0	0	1	228	1	228	3.02e-147	404
1262.228	1262.228	100.000	228	0	0	1	228	1	228	3.02e-147	404
1262.228	484.257	64.474	228	70	3	4	225	32	254	1.95e-91	264
1262.228	1484.230	59.130	230	92	2	1	228	1	230	2.56e-87	253
1262.228	535.235	49.479	192	95	2	39	228	44	235	1.10e-56	175
1262.228	1534.234	44.737	190	101	3	37	223	42	230	1.20e-54	170
1262.228	883.234	46.632	193	100	3	35	225	38	229	2.80e-51	161
1262.228	1442.243	41.949	236	120	6	4	225	5	237	1.33e-49	157
1262.228	390.254	43.229	192	106	3	37	225	59	250	1.94e-47	152
1262.228	247.237	39.175	194	116	2	36	227	39	232	1.48e-42	139
1262.228	345.237	39.175	194	116	2	36	227	39	232	1.48e-42	139
1262.228	587.225	43.590	195	103	5	35	223	30	223	5.56e-42	137
1262.228	1618.222	28.125	160	90	6	69	221	79	220	8.40e-08	45.8
1545.228	1545.228	100.000	228	0	0	1	228	1	228	3.22e-172	468
1545.228	1781.240	30.653	199	125	5	16	202	20	217	5.67e-26	95.9
