1775.91	1775.91	100.000	91	0	0	1	91	1	91	5.24e-64	181
11.90	11.90	100.000	90	0	0	1	90	1	90	5.05e-63	178
412.90	412.90	100.000	90	0	0	1	90	1	90	1.43e-52	152
412.90	1578.94	34.831	89	57	1	3	90	6	94	2.89e-07	37.7
1028.90	1028.90	100.000	90	0	0	1	90	1	90	3.98e-62	176
1028.90	716.89	39.744	78	46	1	10	86	11	88	2.67e-11	47.8
1028.90	27.97	38.554	83	40	4	13	89	16	93	4.09e-07	37.4
1028.90	253.102	31.746	63	43	0	16	78	15	77	9.19e-07	36.2
1028.90	339.102	31.746	63	43	0	16	78	15	77	9.19e-07	36.2
1153.90	1153.90	100.000	90	0	0	1	90	1	90	1.07e-62	177
1464.90	1464.90	100.000	90	0	0	1	90	1	90	1.04e-65	185
115.89	115.89	100.000	89	0	0	1	89	1	89	5.31e-25	82.8
407.89	407.89	100.000	89	0	0	1	89	1	89	2.44e-65	184
716.89	716.89	100.000	89	0	0	1	89	1	89	5.85e-30	95.1
987.89	987.89	100.000	89	0	0	1	89	1	89	2.83e-48	141
987.89	299.67	57.447	47	18	1	1	47	1	45	6.89e-13	51.2
987.89	929.67	57.447	47	18	1	1	47	1	45	1.77e-12	50.4
987.89	1062.67	57.447	47	18	1	1	47	1	45	1.77e-12	50.4
987.89	621.92	51.282	39	18	1	6	43	7	45	1.48e-07	38.1
987.89	200.78	50.000	38	18	1	1	38	1	37	5.78e-07	36.6
1648.89	1648.89	100.000	89	0	0	1	89	1	89	6.00e-62	176
1782.89	1782.89	100.000	89	0	0	1	89	1	89	5.62e-62	176
1782.89	1546.94	39.785	93	49	2	1	86	1	93	9.13e-19	67.0
250.88	250.88	100.000	88	0	0	1	88	1	88	9.99e-62	175
250.88	342.88	100.000	88	0	0	1	88	1	88	9.99e-62	175
342.88	250.88	100.000	88	0	0	1	88	1	88	9.99e-62	175
342.88	342.88	100.000	88	0	0	1	88	1	88	9.99e-62	175
713.88	713.88	100.000	88	0	0	1	88	1	88	1.31e-58	167
811.88	811.88	100.000	88	0	0	1	88	1	88	6.70e-60	171
811.88	833.88	85.227	88	13	0	1	88	1	88	3.35e-49	143
811.88	948.88	85.227	88	13	0	1	88	1	88	3.35e-49	143
811.88	1617.89	29.412	85	59	1	4	87	2	86	6.05e-12	49.3
811.88	1575.99	36.585	82	51	1	2	82	5	86	4.54e-11	47.4
811.88	664.89	24.706	85	63	1	4	87	2	86	9.12e-11	46.6
811.88	612.87	38.983	59	35	1	1	58	1	59	3.61e-07	37.0
833.88	833.88	100.000	88	0	0	1	88	1	88	7.82e-60	170
833.88	948.88	100.000	88	0	0	1	88	1	88	7.82e-60	170
833.88	811.88	85.227	88	13	0	1	88	1	88	3.35e-49	143
833.88	1617.89	29.412	85	59	1	4	87	2	86	3.88e-12	50.1
833.88	664.89	27.059	85	61	1	4	87	2	86	1.59e-11	48.5
833.88	1575.99	34.146	82	53	1	2	82	5	86	2.87e-09	42.7
948.88	833.88	100.000	88	0	0	1	88	1	88	7.82e-60	170
948.88	948.88	100.000	88	0	0	1	88	1	88	7.82e-60	170
948.88	811.88	85.227	88	13	0	1	88	1	88	3.35e-49	143
948.88	1617.89	29.412	85	59	1	4	87	2	86	3.88e-12	50.1
948.88	664.89	27.059	85	61	1	4	87	2	86	1.59e-11	48.5
948.88	1575.99	34.146	82	53	1	2	82	5	86	2.87e-09	42.7
1174.88	1174.88	100.000	88	0	0	1	88	1	88	6.73e-59	168
1174.88	716.89	41.573	89	51	1	1	88	1	89	2.98e-15	57.8
1174.88	672.94	31.765	85	52	2	7	87	10	92	9.91e-10	43.9
1174.88	298.94	33.735	83	50	2	9	86	10	92	8.67e-07	36.2
1180.88	1180.88	100.000	67	0	0	22	88	22	88	5.83e-47	138
519.87	519.87	100.000	87	0	0	1	87	1	87	1.08e-62	177
612.87	612.87	100.000	87	0	0	1	87	1	87	1.30e-60	172
612.87	811.88	38.983	59	35	1	1	59	1	58	3.57e-07	37.0
651.87	651.87	100.000	87	0	0	1	87	1	87	1.00e-59	170
1379.87	1379.87	100.000	87	0	0	1	87	1	87	4.14e-64	181
1418.87	1418.87	100.000	87	0	0	1	87	1	87	2.60e-62	176
1418.87	1331.85	91.667	84	7	0	1	84	1	84	1.04e-56	162
1520.87	1520.87	100.000	87	0	0	1	87	1	87	8.40e-48	140
114.86	114.86	100.000	86	0	0	1	86	1	86	3.20e-33	103
249.86	249.86	100.000	86	0	0	1	86	1	86	3.25e-28	90.5
249.86	343.86	100.000	86	0	0	1	86	1	86	3.25e-28	90.5
249.86	388.85	61.111	36	14	0	1	36	1	36	6.50e-12	49.3
343.86	249.86	100.000	86	0	0	1	86	1	86	3.25e-28	90.5
343.86	343.86	100.000	86	0	0	1	86	1	86	3.25e-28	90.5
343.86	388.85	61.111	36	14	0	1	36	1	36	6.50e-12	49.3
379.86	379.86	100.000	86	0	0	1	86	1	86	3.35e-60	171
379.86	894.81	64.103	78	28	0	9	86	4	81	5.43e-36	110
551.86	551.86	100.000	86	0	0	1	86	1	86	1.70e-63	179
614.86	614.86	100.000	86	0	0	1	86	1	86	2.80e-47	138
789.86	789.86	100.000	86	0	0	1	86	1	86	3.57e-46	135
789.86	857.86	87.209	86	11	0	1	86	1	86	6.18e-39	117
857.86	857.86	100.000	86	0	0	1	86	1	86	1.01e-61	175
857.86	789.86	87.209	86	11	0	1	86	1	86	2.95e-43	128
1006.86	1006.86	100.000	86	0	0	1	86	1	86	6.55e-63	178
1371.86	1371.86	100.000	86	0	0	1	86	1	86	3.28e-36	110
1371.86	1641.86	84.884	86	13	0	1	86	1	86	2.28e-31	98.6
1371.86	182.85	79.070	86	17	1	1	86	1	85	9.97e-25	81.6
1443.86	1443.86	100.000	86	0	0	1	86	1	86	1.53e-20	71.2
1641.86	1641.86	100.000	86	0	0	1	86	1	86	4.60e-33	102
1641.86	1371.86	84.884	86	13	0	1	86	1	86	1.71e-30	96.3
1641.86	182.85	77.907	86	18	1	1	86	1	85	8.88e-22	74.3
122.85	122.85	100.000	85	0	0	1	85	1	85	1.36e-59	169
122.85	1004.80	36.986	73	36	2	6	76	12	76	2.00e-08	40.0
122.85	1647.102	33.333	78	40	2	9	82	2	71	3.66e-07	37.4
141.85	141.85	100.000	85	0	0	1	85	1	85	1.15e-60	172
159.85	159.85	100.000	76	0	0	1	76	1	76	2.05e-25	83.6
182.85	182.85	100.000	85	0	0	1	85	1	85	6.37e-33	102
182.85	1641.86	77.907	86	18	1	1	85	1	86	2.31e-24	80.9
182.85	1371.86	79.070	86	17	1	1	85	1	86	6.23e-23	77.0
274.85	274.85	100.000	85	0	0	1	85	1	85	2.51e-59	169
388.85	388.85	100.000	85	0	0	1	85	1	85	2.99e-44	130
388.85	249.86	55.814	86	37	1	1	85	1	86	1.31e-22	76.3
388.85	343.86	55.814	86	37	1	1	85	1	86	1.31e-22	76.3
388.85	1443.86	39.506	81	47	1	7	85	6	86	5.14e-08	39.3
485.85	485.85	100.000	85	0	0	1	85	1	85	1.10e-59	169
485.85	1483.84	42.105	95	34	3	1	85	1	84	1.50e-19	68.6
705.85	705.85	100.000	85	0	0	1	85	1	85	2.30e-62	176
1007.85	1007.85	100.000	85	0	0	1	85	1	85	2.89e-49	143
1331.85	1331.85	100.000	85	0	0	1	85	1	85	8.17e-61	172
1331.85	1418.87	91.667	84	7	0	1	84	1	84	1.01e-56	162
1440.85	1440.85	100.000	85	0	0	1	85	1	85	3.23e-59	168
1635.85	1635.85	100.000	85	0	0	1	85	1	85	3.76e-60	171
1635.85	684.63	51.111	45	22	0	11	55	12	56	1.55e-10	45.1
