31.678	31.678	100.000	678	0	0	1	678	1	678	0.0	1326
1562.677	1562.677	100.000	677	0	0	1	677	1	677	0.0	1218
1562.677	800.633	36.039	308	187	3	376	676	320	624	2.83e-47	172
1562.677	800.633	33.333	93	62	0	95	187	100	192	8.40e-09	53.9
1562.677	844.628	35.410	305	185	4	376	674	315	613	5.59e-45	166
1562.677	844.628	32.258	93	63	0	95	187	100	192	6.14e-09	54.3
1562.677	959.628	35.099	302	190	3	376	674	315	613	3.91e-44	163
1562.677	959.628	32.258	93	63	0	95	187	100	192	5.00e-09	54.7
1562.677	1629.662	32.770	296	197	1	363	658	363	656	5.00e-42	157
1562.677	1629.662	34.507	142	93	0	43	184	46	187	3.14e-15	74.7
1562.677	195.500	30.584	291	188	7	364	649	205	486	3.22e-22	96.3
1562.677	442.616	30.225	311	192	9	358	653	298	598	4.79e-22	96.3
1562.677	1272.616	30.225	311	192	9	358	653	298	598	4.79e-22	96.3
1562.677	1392.656	30.822	292	186	8	364	649	361	642	1.79e-20	91.3
1562.677	1525.539	28.720	289	180	9	372	645	238	515	4.51e-19	86.7
1562.677	924.529	28.763	299	178	10	369	653	220	497	5.93e-19	86.3
1562.677	1067.529	28.763	299	178	10	369	653	220	497	5.93e-19	86.3
1562.677	164.481	26.441	295	197	8	366	650	175	459	1.74e-18	84.3
1562.677	1312.568	29.032	279	184	7	376	649	285	554	4.98e-18	83.2
1562.677	474.541	28.025	314	200	9	372	669	237	540	6.12e-18	82.8
1562.677	1361.568	29.032	279	184	7	376	649	285	554	1.19e-17	82.0
1562.677	626.499	29.492	295	183	8	370	650	199	482	1.36e-17	81.6
1562.677	721.593	31.000	300	180	11	370	655	286	572	1.66e-17	81.6
1562.677	992.565	27.759	299	192	10	365	650	263	550	5.23e-17	80.1
1562.677	1494.560	29.592	294	182	9	372	650	256	539	2.79e-16	77.8
1562.677	120.511	30.729	192	112	6	475	653	313	496	3.87e-16	77.0
1562.677	37.544	28.912	294	184	9	372	650	240	523	7.40e-16	76.3
1562.677	70.544	27.653	311	200	9	355	650	222	522	2.05e-15	75.1
1562.677	547.708	25.763	295	199	9	367	650	397	682	8.48e-15	73.2
1562.677	677.570	26.027	292	202	6	364	650	276	558	2.23e-14	71.6
1562.677	1179.605	25.402	311	193	11	362	660	293	576	3.94e-14	70.9
1562.677	380.670	26.812	276	181	7	386	650	371	636	5.37e-13	67.4
1562.677	578.612	26.449	276	182	7	386	650	316	581	6.52e-13	67.0
1562.677	893.659	27.698	278	176	8	386	650	361	626	5.94e-12	64.3
1562.677	1759.553	31.500	200	115	5	478	664	348	538	6.12e-12	63.9
1562.677	303.595	26.506	249	161	7	369	605	219	457	6.37e-12	63.9
1562.677	258.674	27.636	275	178	8	386	649	375	639	1.31e-11	63.2
1562.677	334.674	27.636	275	178	8	386	649	375	639	1.31e-11	63.2
1562.677	752.608	25.763	295	199	10	367	650	296	581	7.01e-11	60.5
1562.677	1451.706	25.271	277	182	9	386	649	406	670	3.35e-10	58.5
1206.673	1206.673	100.000	673	0	0	1	673	1	673	0.0	1360
1206.673	289.1401	33.166	199	115	6	483	672	567	756	2.57e-16	78.6
1206.673	289.1401	24.713	174	121	3	7	176	16	183	6.20e-08	51.6
1206.673	592.1210	27.049	244	143	10	454	672	316	549	6.55e-14	70.9
1206.673	660.1236	29.524	210	120	11	483	672	369	570	9.12e-13	67.0
1206.673	400.1149	29.185	233	117	10	483	672	288	515	3.68e-11	62.0
1206.673	15.1094	28.241	216	115	12	477	672	259	454	7.39e-11	60.8
1206.673	107.1213	29.108	213	114	11	481	670	371	569	1.01e-10	60.5
1206.673	1773.1040	29.032	155	98	5	484	628	193	345	1.90e-10	59.7
1206.673	769.1037	27.451	204	118	11	484	672	207	395	2.88e-10	58.9
1206.673	1728.1216	28.444	225	118	7	485	672	353	571	3.13e-10	58.9
1206.673	826.1177	24.927	341	214	9	365	672	134	465	3.88e-10	58.5
1206.673	498.890	34.337	166	83	9	483	636	47	198	1.02e-09	57.0
1206.673	56.1217	29.907	214	114	13	484	672	379	581	1.34e-09	57.0
1206.673	224.1275	26.842	190	128	5	490	670	401	588	2.16e-09	56.2
1206.673	1660.1578	31.496	127	77	5	551	672	610	731	2.68e-09	55.8
1206.673	1294.1385	28.646	192	124	7	490	670	509	698	4.16e-09	55.5
1206.673	1343.1385	28.646	192	124	7	490	670	509	698	4.16e-09	55.5
1206.673	529.1200	22.059	204	130	9	484	672	371	560	8.86e-08	50.8
1206.673	243.1230	25.463	216	125	12	482	672	377	581	1.04e-07	50.8
1206.673	349.1230	25.463	216	125	12	482	672	377	581	1.04e-07	50.8
1206.673	975.1414	26.606	218	113	11	490	670	526	733	1.70e-07	50.1
1206.673	1036.1426	26.606	218	114	9	481	671	571	769	4.84e-07	48.5
723.666	723.666	100.000	666	0	0	1	666	1	666	0.0	1160
723.666	917.662	28.033	239	151	7	194	423	124	350	5.69e-09	54.7
723.666	1073.662	28.033	239	151	7	194	423	124	350	5.69e-09	54.7
917.662	917.662	100.000	662	0	0	1	662	1	662	0.0	1361
917.662	1073.662	100.000	662	0	0	1	662	1	662	0.0	1361
917.662	723.666	27.869	427	255	17	124	526	194	591	3.00e-22	97.1
1073.662	917.662	100.000	662	0	0	1	662	1	662	0.0	1361
1073.662	1073.662	100.000	662	0	0	1	662	1	662	0.0	1361
1073.662	723.666	27.869	427	255	17	124	526	194	591	3.00e-22	97.1
1629.662	1629.662	100.000	662	0	0	1	662	1	662	0.0	1172
1629.662	800.633	38.356	292	169	4	364	650	308	593	3.97e-56	197
1629.662	800.633	35.345	116	70	2	78	192	79	190	5.74e-10	57.8
1629.662	959.628	38.542	288	166	4	368	650	307	588	2.65e-55	195
1629.662	959.628	36.207	116	69	2	78	192	79	190	9.18e-11	60.1
1629.662	844.628	37.847	288	168	4	368	650	307	588	7.74e-55	193
1629.662	844.628	36.207	116	69	2	78	192	79	190	7.86e-11	60.5
1629.662	1361.568	35.145	276	169	4	376	647	285	554	5.29e-49	176
1629.662	195.500	35.563	284	172	5	376	655	217	493	7.47e-49	174
1629.662	1312.568	34.783	276	170	4	376	647	285	554	1.48e-47	172
1629.662	1562.677	32.770	296	197	1	363	656	363	658	5.25e-46	169
1629.662	1562.677	37.168	113	68	1	78	187	72	184	5.67e-16	77.0
1629.662	1392.656	33.696	276	173	4	376	647	373	642	1.16e-45	168
1629.662	626.499	34.483	290	173	5	372	650	201	484	1.11e-43	159
1629.662	626.499	30.534	131	83	2	79	205	50	176	2.05e-08	52.4
1629.662	992.565	35.789	285	165	7	376	649	274	551	3.15e-40	150
1629.662	677.570	32.746	284	179	6	372	650	284	560	3.34e-40	150
1629.662	721.593	34.007	297	162	8	372	648	288	570	8.01e-40	150
1629.662	721.593	28.800	125	82	4	82	202	37	158	8.97e-07	47.4
1629.662	1179.605	33.210	271	162	7	373	633	304	565	2.56e-39	149
1629.662	1179.605	30.631	111	67	3	79	186	41	144	8.22e-07	47.4
1629.662	474.541	34.432	273	161	6	372	632	237	503	1.42e-38	145
1629.662	1525.539	33.455	275	165	6	372	634	238	506	1.53e-38	145
1629.662	1525.539	30.435	115	72	3	77	186	70	181	6.69e-07	47.8
1629.662	924.529	34.328	268	159	6	376	633	227	487	5.80e-38	144
1629.662	1067.529	34.328	268	159	6	376	633	227	487	5.80e-38	144
1629.662	1759.553	32.210	267	164	5	377	633	250	509	1.51e-36	140
1629.662	442.616	33.455	275	165	6	372	634	312	580	2.33e-35	137
1629.662	1272.616	33.455	275	165	6	372	634	312	580	2.33e-35	137
1629.662	164.481	29.492	295	189	7	376	659	185	471	7.83e-34	130
1629.662	1494.560	34.182	275	163	7	372	634	256	524	2.48e-33	130
1629.662	547.708	30.605	281	180	5	362	633	392	666	4.33e-32	127
1629.662	70.544	32.727	275	167	6	372	634	239	507	6.35e-31	123
1629.662	752.608	31.667	300	187	8	362	650	291	583	1.44e-30	122
1629.662	303.595	31.387	274	164	6	372	635	222	481	1.74e-30	122
1629.662	37.544	32.364	275	168	6	372	634	240	508	3.08e-30	120
1629.662	120.511	32.423	293	178	6	376	657	217	500	8.47e-29	116
1629.662	893.659	30.640	297	185	9	366	650	341	628	1.14e-27	114
1629.662	380.670	29.293	297	187	10	367	650	352	638	1.36e-26	110
1629.662	1676.662	30.405	296	173	12	373	650	348	628	2.71e-26	109
1629.662	578.612	29.934	304	186	7	362	650	292	583	2.36e-25	106
1629.662	1451.706	29.851	268	172	6	375	633	395	655	5.01e-25	105
1629.662	258.674	30.435	276	178	5	366	633	355	624	1.19e-24	104
1629.662	334.674	30.435	276	178	5	366	633	355	624	1.19e-24	104
1629.662	1137.573	28.105	306	187	12	362	650	246	535	1.93e-24	103
1629.662	1223.647	24.679	312	219	8	332	633	294	599	8.43e-18	82.8
1629.662	1707.659	22.143	280	195	6	367	633	340	609	4.91e-16	77.0
1629.662	1023.756	28.475	295	189	8	369	648	428	715	7.78e-13	67.0
910.659	910.659	100.000	659	0	0	1	659	1	659	0.0	1248
910.659	1079.659	100.000	659	0	0	1	659	1	659	0.0	1248
1079.659	910.659	100.000	659	0	0	1	659	1	659	0.0	1248
1079.659	1079.659	100.000	659	0	0	1	659	1	659	0.0	1248
1598.659	1598.659	100.000	659	0	0	1	659	1	659	0.0	1286
1598.659	1608.529	28.205	351	218	11	106	440	50	382	1.07e-20	91.7
1598.659	1608.529	40.816	98	47	3	545	641	426	513	1.79e-14	72.0
1392.656	1392.656	100.000	639	0	0	18	656	18	656	0.0	993
1392.656	1312.568	77.005	561	115	2	98	656	20	568	0.0	693
1392.656	1361.568	77.005	561	115	2	98	656	20	568	0.0	692
1392.656	195.500	82.800	500	86	0	157	656	1	500	0.0	683
1392.656	677.570	52.119	472	222	3	177	647	94	562	1.64e-136	407
1392.656	924.529	31.151	443	273	6	226	645	72	505	2.41e-38	145
1392.656	1067.529	31.151	443	273	6	226	645	72	505	2.41e-38	145
1392.656	442.616	29.817	436	266	7	168	574	99	523	4.04e-37	142
1392.656	1272.616	29.817	436	266	7	168	574	99	523	4.04e-37	142
1392.656	1525.539	28.968	504	305	9	178	645	37	523	6.73e-37	140
1392.656	164.481	32.639	432	259	9	225	642	45	458	1.37e-36	139
1392.656	1629.662	33.696	276	173	4	373	642	376	647	4.72e-36	139
1392.656	626.499	31.034	464	308	4	191	647	28	486	6.03e-35	134
1392.656	303.595	31.661	319	191	4	276	574	122	433	2.65e-34	134
1392.656	721.593	32.526	289	181	6	367	644	286	571	1.41e-33	131
1392.656	1494.560	30.047	426	271	6	240	645	123	541	2.25e-33	130
1392.656	474.541	28.506	435	273	6	225	631	83	507	4.20e-33	129
1392.656	70.544	30.000	440	277	9	232	645	90	524	6.00e-31	123
1392.656	992.565	29.351	385	246	5	276	642	173	549	4.92e-30	120
1392.656	37.544	30.201	447	280	8	226	645	84	525	1.80e-29	118
1392.656	1759.553	28.462	390	259	7	276	651	150	533	8.04e-26	107
1392.656	1179.605	27.491	291	192	8	367	645	301	584	7.11e-25	105
1392.656	380.670	34.682	173	113	0	390	562	378	550	3.85e-24	102
1392.656	752.608	32.394	213	141	2	366	575	298	510	7.82e-24	101
1392.656	547.708	30.047	213	146	1	366	575	399	611	1.08e-23	101
1392.656	1451.706	38.144	194	112	5	388	574	407	599	6.23e-23	99.4
1392.656	1137.573	29.897	291	189	7	366	645	249	535	6.98e-22	95.5
1392.656	1676.662	29.276	304	184	9	366	648	342	635	2.39e-20	90.9
1392.656	578.612	32.184	261	172	4	390	645	323	583	9.61e-20	89.0
1392.656	258.674	33.333	189	120	2	390	574	382	568	3.01e-19	87.4
1392.656	334.674	33.333	189	120	2	390	574	382	568	3.01e-19	87.4
1392.656	893.659	33.854	192	121	3	389	574	363	554	4.30e-19	87.0
1392.656	1223.647	30.035	283	183	9	374	645	339	617	1.02e-18	85.5
1392.656	959.628	29.329	283	185	5	371	645	313	588	2.89e-18	84.3
1392.656	844.628	28.975	283	186	5	371	645	313	588	3.66e-18	84.0
1392.656	800.633	29.329	283	185	5	371	645	318	593	6.39e-18	83.2
1392.656	1707.659	29.108	213	148	1	366	575	342	554	1.85e-17	81.6
1392.656	1562.677	29.858	211	138	5	361	562	364	573	8.88e-17	79.7
1392.656	1023.756	25.446	224	140	6	368	575	430	642	2.14e-11	62.4
1392.656	120.511	25.562	356	195	9	244	560	77	401	2.08e-09	55.8
1198.652	1198.652	100.000	652	0	0	1	652	1	652	0.0	1321
1200.641	1200.641	100.000	641	0	0	1	641	1	641	0.0	1280
1200.641	1751.498	34.463	177	98	5	6	166	7	181	2.64e-18	84.0
1200.641	130.259	31.884	138	47	5	7	120	31	145	1.50e-09	54.7
1200.641	1199.415	31.609	174	94	7	8	166	6	169	3.12e-09	54.7
351.636	351.636	100.000	636	0	0	1	636	1	636	0.0	1236
351.636	241.618	100.000	618	0	0	19	636	1	618	0.0	1200
351.636	831.366	32.642	386	231	13	5	384	1	363	1.24e-42	153
351.636	946.366	32.292	384	235	12	5	384	1	363	4.38e-42	152
351.636	1537.348	32.970	367	218	14	24	384	1	345	9.24e-37	136
351.636	1538.253	31.050	219	123	11	426	630	36	240	1.52e-09	54.7
351.636	945.404	33.728	169	100	8	435	597	196	358	1.03e-07	50.1
800.633	800.633	100.000	633	0	0	1	633	1	633	0.0	1115
800.633	844.628	93.049	633	39	1	1	633	1	628	0.0	1060
800.633	959.628	93.681	633	35	1	1	633	1	628	0.0	1058
800.633	1629.662	38.356	292	169	4	308	593	364	650	6.96e-56	196
800.633	1562.677	36.039	308	187	3	320	624	376	676	5.16e-52	186
800.633	626.499	32.069	290	181	5	315	593	200	484	1.41e-29	118
800.633	547.708	28.720	289	189	7	321	598	407	689	6.80e-29	117
800.633	1179.605	29.333	300	188	8	317	602	304	593	1.59e-27	113
800.633	195.500	29.329	283	185	5	318	593	215	489	3.38e-27	111
800.633	1312.568	28.521	284	188	5	317	593	282	557	3.38e-25	105
800.633	1361.568	28.521	284	188	5	317	593	282	557	3.44e-25	105
800.633	677.570	30.035	283	187	6	316	593	284	560	3.44e-25	105
800.633	164.481	26.736	288	194	5	314	591	179	459	4.81e-25	104
800.633	1392.656	29.329	283	185	5	318	593	371	645	1.46e-24	103
800.633	752.608	27.719	285	191	6	321	595	306	585	2.35e-22	97.1
800.633	1525.539	28.417	278	176	7	315	577	237	506	5.09e-22	95.5
800.633	474.541	29.297	256	161	6	315	555	236	486	7.65e-22	95.1
800.633	442.616	28.571	294	192	7	315	595	311	599	9.41e-21	92.0
800.633	1272.616	28.571	294	192	7	315	595	311	599	9.41e-21	92.0
800.633	120.511	30.216	278	169	9	316	580	213	478	1.08e-20	91.3
800.633	380.670	27.425	299	191	8	333	614	374	663	1.20e-20	91.7
800.633	893.659	29.866	298	179	10	335	613	366	652	1.73e-20	91.3
800.633	924.529	28.076	317	181	12	315	614	222	508	5.96e-20	89.0
800.633	1067.529	28.076	317	181	12	315	614	222	508	5.96e-20	89.0
800.633	721.593	29.355	310	189	13	313	604	285	582	4.58e-19	86.7
800.633	578.612	28.477	302	194	9	306	593	290	583	5.07e-19	86.3
800.633	1707.659	30.742	283	181	6	321	593	350	627	5.35e-19	86.7
800.633	1676.662	30.515	272	165	10	350	607	378	639	6.29e-19	86.3
800.633	992.565	29.210	291	183	7	315	591	269	550	2.00e-18	84.3
800.633	258.674	29.588	267	167	8	350	607	398	652	1.57e-17	82.0
800.633	334.674	29.588	267	167	8	350	607	398	652	1.57e-17	82.0
800.633	1137.573	30.147	272	166	10	350	607	285	546	2.21e-17	81.3
800.633	37.544	27.397	292	194	7	315	593	239	525	9.29e-17	79.0
800.633	1451.706	26.159	302	191	10	333	614	409	698	3.84e-16	77.4
800.633	1494.560	26.545	275	185	6	315	577	255	524	3.98e-16	77.0
800.633	70.544	26.712	292	196	7	315	593	238	524	8.37e-16	75.9
800.633	1223.647	28.707	317	191	13	312	609	330	630	1.97e-15	75.1
800.633	303.595	27.823	248	150	9	315	545	221	456	4.07e-14	70.9
800.633	1023.756	27.114	343	220	11	310	633	425	756	4.64e-14	70.9
800.633	1759.553	24.850	334	220	9	278	593	207	527	7.36e-14	69.7
1196.629	1196.629	100.000	629	0	0	1	629	1	629	0.0	1309
844.628	844.628	100.000	628	0	0	1	628	1	628	0.0	1132
844.628	959.628	97.452	628	16	0	1	628	1	628	0.0	1107
844.628	800.633	93.207	633	38	1	1	628	1	633	0.0	1073
844.628	1629.662	37.847	288	168	4	307	588	368	650	9.79e-55	193
844.628	1629.662	31.683	101	68	1	77	177	76	175	5.02e-07	48.1
844.628	1562.677	35.410	305	185	4	315	613	376	674	1.06e-49	179
844.628	626.499	32.069	290	181	5	310	588	200	484	1.03e-29	118
844.628	195.500	30.662	287	176	9	313	588	215	489	1.59e-27	112
844.628	547.708	27.682	289	192	7	316	593	407	689	2.77e-27	112
844.628	1179.605	29.000	300	189	8	312	597	304	593	4.70e-26	108
844.628	1361.568	28.169	284	189	5	312	588	282	557	1.99e-25	106
844.628	1312.568	28.169	284	189	5	312	588	282	557	4.33e-25	105
844.628	677.570	29.682	283	188	6	311	588	284	560	4.44e-25	105
844.628	1392.656	28.975	283	186	5	313	588	371	645	1.99e-24	103
844.628	164.481	25.952	289	195	6	309	586	179	459	4.49e-23	98.6
844.628	752.608	27.208	283	191	6	316	588	306	583	6.36e-22	95.5
844.628	1525.539	27.703	296	190	8	310	589	237	524	1.79e-21	94.0
844.628	474.541	28.980	245	158	5	310	543	236	475	2.08e-21	93.6
844.628	578.612	30.422	332	204	10	301	618	290	608	7.75e-21	92.0
844.628	120.511	29.795	292	178	10	312	588	214	493	2.19e-20	90.1
844.628	442.616	28.231	294	193	7	310	590	311	599	5.63e-20	89.4
844.628	1272.616	28.231	294	193	7	310	590	311	599	5.63e-20	89.4
844.628	380.670	27.090	299	192	8	328	609	374	663	7.58e-20	89.4
844.628	893.659	29.630	270	172	8	330	588	366	628	9.09e-20	89.0
844.628	924.529	28.956	297	180	11	310	588	222	505	4.63e-19	86.3
844.628	1067.529	28.956	297	180	11	310	588	222	505	4.63e-19	86.3
844.628	992.565	29.210	291	183	7	310	586	269	550	3.24e-18	83.6
844.628	721.593	29.582	311	187	14	308	599	285	582	4.20e-18	83.6
844.628	1676.662	28.889	270	172	9	345	602	378	639	6.45e-18	83.2
844.628	37.544	28.082	292	192	7	310	588	239	525	6.64e-18	82.8
844.628	258.674	30.040	253	160	7	345	588	398	642	1.72e-17	81.6
844.628	334.674	30.040	253	160	7	345	588	398	642	1.72e-17	81.6
844.628	1707.659	29.682	283	184	6	316	588	350	627	2.06e-17	81.3
844.628	1494.560	27.636	275	182	6	310	572	255	524	2.15e-17	81.3
844.628	70.544	27.397	292	194	7	310	588	238	524	7.82e-17	79.3
844.628	1137.573	29.044	272	169	10	345	602	285	546	3.00e-15	74.3
844.628	1451.706	25.828	302	192	10	328	609	409	698	1.58e-14	72.4
844.628	1223.647	28.980	245	155	8	375	608	398	634	7.17e-14	70.1
844.628	303.595	27.823	248	150	9	310	540	221	456	7.50e-14	70.1
844.628	1759.553	24.107	336	220	9	273	588	207	527	7.22e-13	66.6
844.628	1023.756	27.457	346	215	13	305	628	425	756	9.69e-13	66.6
959.628	959.628	100.000	628	0	0	1	628	1	628	0.0	1129
959.628	844.628	97.452	628	16	0	1	628	1	628	0.0	1106
959.628	800.633	93.839	633	34	1	1	628	1	633	0.0	1072
959.628	1629.662	38.542	288	166	4	307	588	368	650	3.60e-55	194
959.628	1629.662	31.683	101	68	1	77	177	76	175	6.84e-07	47.8
959.628	1562.677	35.410	305	185	4	315	613	376	674	6.25e-49	177
959.628	626.499	32.069	290	181	5	310	588	200	484	1.03e-29	118
959.628	195.500	31.010	287	175	9	313	588	215	489	2.51e-27	111
959.628	547.708	27.682	289	192	7	316	593	407	689	1.84e-26	110
959.628	1179.605	29.000	300	189	8	312	597	304	593	8.69e-26	107
959.628	677.570	30.035	283	187	6	311	588	284	560	1.48e-25	106
959.628	1361.568	28.521	284	188	5	312	588	282	557	4.03e-25	105
959.628	1312.568	28.521	284	188	5	312	588	282	557	6.29e-25	104
959.628	1392.656	29.329	283	185	5	313	588	371	645	4.08e-24	102
959.628	164.481	26.298	289	194	7	309	586	179	459	1.57e-22	96.7
959.628	1525.539	28.041	296	189	8	310	589	237	524	6.13e-22	95.1
959.628	474.541	28.980	245	158	5	310	543	236	475	2.89e-21	93.2
959.628	752.608	27.208	283	191	6	316	588	306	583	4.61e-21	92.8
959.628	120.511	29.693	293	179	10	311	588	213	493	1.35e-20	90.9
959.628	442.616	28.231	294	193	7	310	590	311	599	3.93e-20	90.1
959.628	1272.616	28.231	294	193	7	310	590	311	599	3.93e-20	90.1
959.628	578.612	29.518	332	207	10	301	618	290	608	5.35e-19	86.3
959.628	380.670	26.756	299	193	8	328	609	374	663	7.59e-19	85.9
959.628	893.659	29.259	270	173	8	330	588	366	628	8.13e-19	85.9
959.628	924.529	28.620	297	181	11	310	588	222	505	2.06e-18	84.3
959.628	1067.529	28.620	297	181	11	310	588	222	505	2.06e-18	84.3
959.628	1676.662	28.519	270	173	9	345	602	378	639	8.09e-18	82.8
959.628	1707.659	30.035	283	183	6	316	588	350	627	1.24e-17	82.0
959.628	992.565	28.866	291	184	7	310	586	269	550	2.12e-17	81.3
959.628	721.593	28.939	311	189	14	308	599	285	582	2.45e-17	80.9
959.628	37.544	27.740	292	193	7	310	588	239	525	4.42e-17	80.1
959.628	1494.560	27.273	275	183	6	310	572	255	524	1.16e-16	79.0
959.628	258.674	29.644	253	161	7	345	588	398	642	1.43e-16	79.0
959.628	334.674	29.644	253	161	7	345	588	398	642	1.43e-16	79.0
959.628	70.544	27.055	292	195	7	310	588	238	524	4.83e-16	76.6
959.628	1137.573	29.044	272	169	10	345	602	285	546	2.27e-15	74.7
959.628	1759.553	24.702	336	218	9	273	588	207	527	3.09e-14	71.2
959.628	1451.706	25.497	302	193	10	328	609	409	698	1.36e-13	69.3
959.628	303.595	27.132	258	157	10	310	548	221	466	3.94e-13	67.8
959.628	1223.647	27.414	321	198	13	307	608	330	634	5.35e-13	67.4
959.628	1023.756	26.301	346	219	12	305	628	425	756	6.75e-13	67.0
227.621	227.621	100.000	600	0	0	22	621	22	621	0.0	1184
227.621	512.1150	24.115	452	288	17	24	452	628	1047	1.43e-22	98.2
227.621	1288.1144	25.083	303	198	8	151	439	712	999	3.74e-14	71.2
227.621	1337.1149	25.083	303	198	8	151	439	717	1004	4.77e-14	70.9
227.621	1413.1173	24.116	311	207	8	143	439	710	1005	6.71e-14	70.5
1082.621	1082.621	100.000	621	0	0	1	621	1	621	0.0	1063
879.619	879.619	100.000	619	0	0	1	619	1	619	0.0	1243
241.618	351.636	100.000	618	0	0	1	618	19	636	0.0	1200
241.618	241.618	100.000	618	0	0	1	618	1	618	0.0	1199
241.618	831.366	32.970	367	218	12	5	366	20	363	3.51e-41	149
241.618	946.366	32.603	365	222	11	5	366	20	363	1.55e-40	147
241.618	1537.348	32.970	367	218	14	6	366	1	345	7.11e-37	136
241.618	1538.253	31.050	219	123	11	408	612	36	240	1.44e-09	54.7
241.618	945.404	33.728	169	100	8	417	579	196	358	8.28e-08	50.1
442.616	442.616	100.000	616	0	0	1	616	1	616	0.0	913
442.616	1272.616	100.000	616	0	0	1	616	1	616	0.0	913
442.616	70.544	71.617	532	150	1	85	615	11	542	0.0	648
442.616	37.544	71.455	536	143	3	85	614	11	542	0.0	643
442.616	1494.560	70.980	541	146	2	76	616	31	560	0.0	631
442.616	474.541	66.727	553	145	4	84	616	8	541	0.0	613
442.616	1525.539	69.380	516	154	3	99	612	25	538	0.0	610
442.616	626.499	37.199	457	256	6	159	609	65	496	1.99e-69	229
442.616	1759.553	37.281	456	271	6	160	613	103	545	1.74e-63	214
442.616	992.565	33.186	452	287	5	159	608	125	563	5.06e-61	208
442.616	924.529	35.080	439	272	6	159	594	74	502	1.17e-58	201
442.616	1067.529	35.080	439	272	6	159	594	74	502	1.17e-58	201
442.616	303.595	35.949	395	239	6	159	549	74	458	8.59e-54	189
442.616	1179.605	34.951	309	191	5	301	606	292	593	2.60e-37	142
442.616	1179.605	40.000	95	54	2	159	253	53	144	4.22e-12	64.3
442.616	164.481	29.464	448	264	9	161	595	51	459	3.95e-34	131
442.616	195.500	29.782	413	270	5	170	582	83	475	2.88e-31	123
442.616	1361.568	30.266	413	268	5	170	582	151	543	1.16e-29	119
442.616	1392.656	29.577	497	327	9	99	594	168	642	1.38e-29	119
442.616	1312.568	29.782	413	270	5	170	582	151	543	8.23e-29	116
442.616	721.593	33.115	305	192	8	307	605	282	580	1.92e-28	115
442.616	721.593	41.905	105	59	1	159	263	51	153	5.01e-16	76.6
442.616	120.511	29.258	458	304	11	160	610	62	506	1.52e-26	109
442.616	677.570	34.138	290	176	9	311	597	283	560	2.08e-26	109
442.616	1629.662	33.455	275	165	6	312	580	372	634	3.33e-21	93.6
442.616	1562.677	30.097	309	191	9	300	598	360	653	1.85e-19	87.8
442.616	752.608	27.063	303	210	4	308	606	297	592	4.05e-19	86.7
442.616	547.708	27.358	318	213	5	300	606	383	693	6.09e-18	83.2
442.616	1023.756	30.288	208	140	4	402	606	521	726	1.38e-17	82.0
442.616	1023.756	31.000	100	67	1	160	259	55	152	5.54e-09	54.3
442.616	578.612	29.766	299	201	4	301	595	288	581	1.67e-17	81.6
442.616	258.674	29.592	294	189	4	308	594	357	639	3.82e-17	80.5
442.616	258.674	41.667	96	54	1	159	254	64	157	1.39e-11	62.8
442.616	334.674	29.592	294	189	4	308	594	357	639	3.82e-17	80.5
442.616	334.674	41.667	96	54	1	159	254	64	157	1.39e-11	62.8
442.616	1223.647	28.188	298	184	8	311	594	333	614	2.84e-16	77.8
442.616	1137.573	28.014	282	181	8	311	582	251	520	5.04e-16	76.6
442.616	893.659	29.893	281	182	3	308	577	343	619	1.13e-15	75.9
442.616	893.659	36.000	100	62	1	159	258	65	162	8.14e-10	57.0
442.616	380.670	28.289	304	210	4	308	609	353	650	1.41e-14	72.4
442.616	380.670	32.292	96	63	1	159	254	68	161	1.15e-08	53.5
442.616	1707.659	26.812	276	197	3	308	582	341	612	1.64e-13	68.9
442.616	1451.706	25.763	295	199	5	308	594	388	670	2.69e-13	68.2
442.616	1451.706	39.796	98	53	3	159	254	64	157	1.61e-10	59.3
442.616	1676.662	27.090	299	196	8	311	599	344	630	7.42e-13	67.0
442.616	800.633	28.571	294	192	7	311	599	315	595	1.48e-12	65.9
442.616	959.628	28.231	294	193	7	311	599	310	590	4.15e-12	64.3
442.616	844.628	28.231	294	193	7	311	599	310	590	7.87e-12	63.5
1272.616	442.616	100.000	616	0	0	1	616	1	616	0.0	913
1272.616	1272.616	100.000	616	0	0	1	616	1	616	0.0	913
1272.616	70.544	71.617	532	150	1	85	615	11	542	0.0	648
1272.616	37.544	71.455	536	143	3	85	614	11	542	0.0	643
1272.616	1494.560	70.980	541	146	2	76	616	31	560	0.0	631
1272.616	474.541	66.727	553	145	4	84	616	8	541	0.0	613
1272.616	1525.539	69.380	516	154	3	99	612	25	538	0.0	610
1272.616	626.499	37.199	457	256	6	159	609	65	496	1.99e-69	229
1272.616	1759.553	37.281	456	271	6	160	613	103	545	1.74e-63	214
1272.616	992.565	33.186	452	287	5	159	608	125	563	5.06e-61	208
1272.616	924.529	35.080	439	272	6	159	594	74	502	1.17e-58	201
1272.616	1067.529	35.080	439	272	6	159	594	74	502	1.17e-58	201
1272.616	303.595	35.949	395	239	6	159	549	74	458	8.59e-54	189
1272.616	1179.605	34.951	309	191	5	301	606	292	593	2.60e-37	142
1272.616	1179.605	40.000	95	54	2	159	253	53	144	4.22e-12	64.3
1272.616	164.481	29.464	448	264	9	161	595	51	459	3.95e-34	131
1272.616	195.500	29.782	413	270	5	170	582	83	475	2.88e-31	123
1272.616	1361.568	30.266	413	268	5	170	582	151	543	1.16e-29	119
1272.616	1392.656	29.577	497	327	9	99	594	168	642	1.38e-29	119
1272.616	1312.568	29.782	413	270	5	170	582	151	543	8.23e-29	116
1272.616	721.593	33.115	305	192	8	307	605	282	580	1.92e-28	115
1272.616	721.593	41.905	105	59	1	159	263	51	153	5.01e-16	76.6
1272.616	120.511	29.258	458	304	11	160	610	62	506	1.52e-26	109
1272.616	677.570	34.138	290	176	9	311	597	283	560	2.08e-26	109
1272.616	1629.662	33.455	275	165	6	312	580	372	634	3.33e-21	93.6
1272.616	1562.677	30.097	309	191	9	300	598	360	653	1.85e-19	87.8
1272.616	752.608	27.063	303	210	4	308	606	297	592	4.05e-19	86.7
1272.616	547.708	27.358	318	213	5	300	606	383	693	6.09e-18	83.2
1272.616	1023.756	30.288	208	140	4	402	606	521	726	1.38e-17	82.0
1272.616	1023.756	31.000	100	67	1	160	259	55	152	5.54e-09	54.3
1272.616	578.612	29.766	299	201	4	301	595	288	581	1.67e-17	81.6
1272.616	258.674	29.592	294	189	4	308	594	357	639	3.82e-17	80.5
1272.616	258.674	41.667	96	54	1	159	254	64	157	1.39e-11	62.8
1272.616	334.674	29.592	294	189	4	308	594	357	639	3.82e-17	80.5
1272.616	334.674	41.667	96	54	1	159	254	64	157	1.39e-11	62.8
1272.616	1223.647	28.188	298	184	8	311	594	333	614	2.84e-16	77.8
1272.616	1137.573	28.014	282	181	8	311	582	251	520	5.04e-16	76.6
1272.616	893.659	29.893	281	182	3	308	577	343	619	1.13e-15	75.9
1272.616	893.659	36.000	100	62	1	159	258	65	162	8.14e-10	57.0
1272.616	380.670	28.289	304	210	4	308	609	353	650	1.41e-14	72.4
1272.616	380.670	32.292	96	63	1	159	254	68	161	1.15e-08	53.5
1272.616	1707.659	26.812	276	197	3	308	582	341	612	1.64e-13	68.9
1272.616	1451.706	25.763	295	199	5	308	594	388	670	2.69e-13	68.2
1272.616	1451.706	39.796	98	53	3	159	254	64	157	1.61e-10	59.3
1272.616	1676.662	27.090	299	196	8	311	599	344	630	7.42e-13	67.0
1272.616	800.633	28.571	294	192	7	311	599	315	595	1.48e-12	65.9
1272.616	959.628	28.231	294	193	7	311	599	310	590	4.15e-12	64.3
1272.616	844.628	28.231	294	193	7	311	599	310	590	7.87e-12	63.5
1179.605	1179.605	100.000	605	0	0	1	605	1	605	0.0	974
1179.605	721.593	55.667	300	125	4	309	603	294	590	1.23e-95	301
1179.605	721.593	52.096	167	79	1	5	171	5	170	1.79e-34	134
1179.605	164.481	38.516	283	169	3	309	588	187	467	6.17e-57	195
1179.605	164.481	44.915	118	56	2	48	165	45	153	1.85e-19	87.0
1179.605	1525.539	38.596	285	163	7	309	585	244	524	4.98e-48	172
1179.605	1525.539	36.735	98	60	1	53	148	88	185	6.12e-13	67.0
1179.605	1023.756	40.411	292	169	3	312	598	440	731	6.85e-48	174
1179.605	1023.756	34.028	144	95	0	8	151	10	153	1.59e-12	65.9
1179.605	474.541	37.132	272	160	6	309	572	243	511	5.53e-45	163
1179.605	474.541	36.842	95	57	2	53	144	86	180	5.35e-10	57.4
1179.605	1494.560	35.517	290	181	4	309	593	262	550	9.36e-45	163
1179.605	1494.560	37.815	119	66	3	50	165	108	221	1.73e-13	68.6
1179.605	442.616	35.274	292	179	5	309	593	318	606	3.67e-42	156
1179.605	442.616	40.000	95	54	2	53	144	159	253	3.40e-12	64.7
1179.605	1272.616	35.274	292	179	5	309	593	318	606	3.67e-42	156
1179.605	1272.616	40.000	95	54	2	53	144	159	253	3.40e-12	64.7
1179.605	992.565	36.823	277	168	5	309	581	276	549	3.72e-39	147
1179.605	924.529	37.857	280	167	5	309	584	229	505	8.56e-39	145
1179.605	924.529	36.036	111	68	2	53	163	75	182	6.72e-11	60.5
1179.605	1067.529	37.857	280	167	5	309	584	229	505	8.56e-39	145
1179.605	1067.529	36.036	111	68	2	53	163	75	182	6.72e-11	60.5
1179.605	70.544	35.172	290	182	5	309	593	245	533	6.13e-38	143
1179.605	70.544	37.234	94	57	1	53	144	87	180	6.14e-11	60.5
1179.605	37.544	34.828	290	183	5	309	593	246	534	1.65e-37	142
1179.605	37.544	36.170	94	58	1	53	144	87	180	1.78e-10	58.9
1179.605	120.511	37.455	275	167	3	309	581	219	490	3.55e-37	140
1179.605	120.511	38.824	85	52	0	64	148	73	157	9.06e-12	63.2
1179.605	1759.553	33.103	290	187	4	309	594	251	537	1.30e-36	139
1179.605	1759.553	38.168	131	79	1	50	178	100	230	1.80e-14	71.6
1179.605	547.708	36.170	282	169	6	309	584	408	684	9.11e-36	138
1179.605	547.708	36.047	86	55	0	59	144	69	154	2.13e-09	55.8
1179.605	626.499	37.358	265	159	5	309	568	207	469	6.85e-35	134
1179.605	626.499	36.634	101	63	1	47	147	61	160	9.33e-12	62.8
1179.605	1629.662	33.459	266	158	7	309	565	378	633	6.64e-33	129
1179.605	1312.568	30.851	282	178	6	309	584	287	557	3.98e-31	123
1179.605	1312.568	29.545	88	62	0	56	143	144	231	1.06e-07	50.1
1179.605	303.595	36.842	228	143	1	309	535	228	455	7.59e-31	122
1179.605	303.595	36.937	111	67	2	53	163	75	182	1.86e-11	62.4
1179.605	752.608	35.943	281	171	5	309	584	307	583	2.06e-30	121
1179.605	752.608	30.556	144	97	2	6	148	17	158	5.34e-09	54.3
1179.605	1361.568	30.142	282	180	6	309	584	287	557	1.36e-29	119
1179.605	1361.568	29.545	88	62	0	56	143	144	231	1.10e-07	50.1
1179.605	195.500	30.035	283	179	7	309	584	219	489	5.48e-29	116
1179.605	195.500	28.409	88	63	0	56	143	76	163	4.83e-10	57.4
1179.605	1392.656	29.787	282	181	6	309	584	375	645	8.18e-29	117
1179.605	677.570	32.721	272	166	7	319	584	300	560	4.69e-26	108
1179.605	1707.659	32.028	281	182	4	309	584	351	627	1.66e-25	106
1179.605	1707.659	35.366	82	53	0	63	144	75	156	4.88e-09	54.7
1179.605	380.670	30.970	268	175	5	322	584	376	638	3.75e-25	105
1179.605	380.670	35.922	103	65	1	55	156	71	173	6.20e-13	67.0
1179.605	1676.662	30.496	282	184	7	310	584	352	628	4.50e-24	102
1179.605	1137.573	31.502	273	175	7	319	584	268	535	8.04e-24	101
1179.605	1223.647	30.634	284	181	10	310	584	341	617	2.22e-22	97.1
1179.605	800.633	29.492	295	184	8	309	593	322	602	7.27e-22	95.5
1179.605	844.628	29.153	295	185	8	309	593	317	597	1.02e-20	91.7
1179.605	893.659	30.855	269	174	7	322	584	366	628	1.25e-20	91.7
1179.605	893.659	34.337	166	104	3	5	169	19	180	2.23e-13	68.6
1179.605	959.628	29.153	295	185	8	309	593	317	597	1.34e-20	91.3
1179.605	258.674	33.493	209	121	6	385	584	443	642	1.15e-19	88.6
1179.605	258.674	33.803	142	93	1	7	148	20	160	3.39e-12	64.7
1179.605	334.674	33.493	209	121	6	385	584	443	642	1.15e-19	88.6
1179.605	334.674	33.803	142	93	1	7	148	20	160	3.39e-12	64.7
1179.605	1451.706	31.716	268	173	6	322	584	411	673	3.55e-19	87.0
1179.605	1451.706	31.250	144	98	1	5	148	18	160	2.25e-13	68.6
1179.605	578.612	31.343	268	174	6	322	584	321	583	2.95e-15	74.3
1179.605	578.612	31.098	164	107	5	5	164	17	178	2.40e-14	71.6
1179.605	1562.677	26.190	294	178	11	310	576	379	660	2.22e-11	62.0
32.601	32.601	100.000	601	0	0	1	601	1	601	0.0	1142
175.600	175.600	100.000	585	0	0	1	585	1	585	0.0	1031
303.595	303.595	100.000	595	0	0	1	595	1	595	0.0	999
303.595	924.529	92.593	459	33	1	1	458	1	459	0.0	665
303.595	1067.529	92.593	459	33	1	1	458	1	459	0.0	665
303.595	992.565	62.413	431	159	2	28	458	79	506	4.86e-159	463
303.595	626.499	48.248	371	174	5	88	455	79	434	3.76e-86	273
303.595	1759.553	43.617	376	196	6	88	458	116	480	4.05e-78	253
303.595	1525.539	36.559	372	230	5	89	455	102	472	6.10e-60	204
303.595	1494.560	34.759	374	230	6	89	456	126	491	6.40e-56	194
303.595	70.544	35.092	379	230	6	88	455	100	473	1.40e-55	192
303.595	37.544	34.667	375	238	4	88	455	100	474	3.24e-55	191
303.595	442.616	35.526	380	231	6	89	458	174	549	4.78e-55	192
303.595	1272.616	35.526	380	231	6	89	458	174	549	4.78e-55	192
303.595	474.541	33.245	376	237	6	89	455	101	471	2.99e-50	178
303.595	164.481	34.783	368	223	3	88	455	63	413	3.66e-48	171
303.595	1361.568	32.895	380	226	6	89	460	155	513	7.26e-43	157
303.595	195.500	31.733	375	239	4	88	460	86	445	4.82e-42	154
303.595	1312.568	32.982	379	227	6	89	460	155	513	4.95e-42	155
303.595	1392.656	32.659	346	206	4	122	460	276	601	6.48e-39	147
303.595	677.570	30.890	382	229	6	89	460	160	516	6.34e-33	129
303.595	120.511	32.353	374	237	9	90	455	77	442	1.10e-32	127
303.595	1179.605	36.864	236	148	1	220	455	301	535	1.28e-31	125
303.595	1179.605	37.113	97	58	2	89	182	67	163	2.13e-09	55.5
303.595	721.593	39.331	239	139	3	220	455	286	521	2.54e-27	112
303.595	1629.662	32.781	302	165	10	167	455	325	601	1.09e-26	110
303.595	1707.659	35.270	241	151	2	219	458	342	578	1.21e-26	110
303.595	752.608	33.594	256	157	2	210	455	279	531	5.05e-26	108
303.595	547.708	34.387	253	160	2	206	455	383	632	6.64e-26	108
303.595	893.659	34.310	239	140	3	220	452	346	573	3.40e-24	102
303.595	1451.706	38.430	242	120	6	224	452	395	620	5.32e-24	102
303.595	258.674	37.555	229	138	3	224	452	364	587	1.25e-22	97.8
303.595	334.674	37.555	229	138	3	224	452	364	587	1.25e-22	97.8
303.595	578.612	34.061	229	146	3	224	452	305	528	8.10e-22	95.1
303.595	1137.573	26.735	389	226	9	117	459	112	487	5.04e-21	92.4
303.595	1676.662	31.449	283	173	9	190	460	306	579	2.98e-19	87.0
303.595	380.670	32.618	233	153	1	220	452	355	583	4.32e-19	86.7
303.595	1023.756	31.760	233	157	2	226	457	435	666	9.33e-18	82.4
303.595	1223.647	31.148	244	157	6	220	458	333	570	8.15e-15	72.8
303.595	800.633	25.726	241	164	4	221	456	315	545	8.06e-11	60.1
303.595	844.628	25.726	241	164	4	221	456	310	540	8.67e-11	60.1
303.595	959.628	25.311	241	165	4	221	456	310	540	5.46e-10	57.4
318.594	318.594	100.000	582	0	0	1	582	1	582	0.0	1100
721.593	721.593	100.000	593	0	0	1	593	1	593	0.0	920
721.593	1179.605	55.911	313	130	4	281	590	296	603	4.25e-102	317
721.593	1179.605	52.096	167	79	1	5	170	5	171	2.07e-26	109
721.593	164.481	39.863	291	167	4	283	571	176	460	8.34e-53	183
721.593	1023.756	39.677	310	177	7	283	586	426	731	1.17e-46	171
721.593	1525.539	35.690	297	181	7	282	573	233	524	5.91e-43	157
721.593	1525.539	40.000	115	66	2	50	162	86	199	6.90e-08	50.8
721.593	195.500	34.828	290	173	7	286	571	211	488	4.52e-42	154
721.593	1312.568	33.564	289	178	6	286	571	279	556	2.78e-40	150
721.593	992.565	38.621	290	170	5	286	572	268	552	3.62e-40	150
721.593	1361.568	33.218	289	179	6	286	571	279	556	1.28e-39	148
721.593	626.499	38.047	297	173	7	286	578	199	488	2.50e-39	146
721.593	626.499	34.000	150	98	1	5	154	19	167	2.76e-09	55.1
721.593	120.511	36.491	285	177	2	286	570	211	491	3.98e-39	146
721.593	120.511	34.821	112	73	0	66	177	76	187	6.59e-07	47.4
721.593	1392.656	32.526	289	181	6	286	571	367	644	1.97e-38	145
721.593	924.529	39.236	288	161	5	286	570	221	497	3.61e-38	143
721.593	1067.529	39.236	288	161	5	286	570	221	497	3.61e-38	143
721.593	1629.662	34.007	297	162	8	288	570	372	648	1.63e-36	140
721.593	474.541	35.125	279	171	6	288	560	237	511	5.78e-36	137
721.593	1759.553	33.981	309	197	4	278	584	236	539	1.77e-35	136
721.593	442.616	33.115	305	192	8	282	580	307	605	5.55e-35	135
721.593	442.616	40.909	110	63	1	46	153	154	263	6.41e-07	47.8
721.593	1272.616	33.115	305	192	8	282	580	307	605	5.55e-35	135
721.593	1272.616	40.909	110	63	1	46	153	154	263	6.41e-07	47.8
721.593	1494.560	33.557	298	189	6	288	580	256	549	8.30e-34	131
721.593	1494.560	39.200	125	74	1	40	162	100	224	1.01e-07	50.1
721.593	70.544	32.692	312	201	6	274	580	225	532	9.73e-34	130
721.593	677.570	33.564	289	178	6	286	571	282	559	1.32e-33	130
721.593	37.544	32.792	308	198	6	278	580	230	533	2.13e-33	130
721.593	547.708	34.932	292	178	7	286	572	400	684	4.06e-33	130
721.593	303.595	39.331	239	139	3	286	521	220	455	9.90e-29	116
721.593	752.608	34.564	298	181	8	286	576	299	589	1.83e-27	112
721.593	380.670	28.428	299	189	9	284	571	353	637	6.76e-20	89.0
721.593	380.670	34.426	183	114	2	5	182	22	203	1.17e-09	56.6
721.593	1676.662	29.966	297	185	10	286	571	343	627	3.20e-19	87.0
721.593	1137.573	31.250	304	172	14	286	571	250	534	6.17e-19	85.9
721.593	1223.647	29.836	305	177	11	285	571	331	616	1.31e-18	85.1
721.593	1707.659	30.333	300	189	9	281	571	338	626	6.39e-18	82.8
721.593	800.633	30.000	310	187	13	285	582	313	604	8.86e-18	82.4
721.593	1562.677	31.000	300	180	11	286	572	370	655	1.49e-17	81.6
721.593	844.628	29.114	316	182	13	285	582	308	599	4.54e-17	80.1
721.593	959.628	29.032	310	190	13	285	582	308	599	2.86e-16	77.4
721.593	893.659	29.712	313	192	10	275	571	327	627	4.02e-16	77.0
721.593	893.659	39.860	143	86	0	5	147	19	161	5.46e-11	60.8
721.593	258.674	30.164	305	180	13	284	571	353	641	5.85e-16	76.6
721.593	258.674	40.426	141	84	0	7	147	20	160	4.16e-11	61.2
721.593	334.674	30.164	305	180	13	284	571	353	641	5.85e-16	76.6
721.593	334.674	40.426	141	84	0	7	147	20	160	4.16e-11	61.2
721.593	1451.706	27.609	297	198	7	284	571	384	672	6.85e-16	76.6
721.593	1451.706	37.063	143	90	0	5	147	18	160	3.30e-12	64.7
721.593	578.612	29.534	193	123	7	384	571	398	582	3.48e-13	67.8
721.593	578.612	34.965	143	93	0	5	147	17	159	3.48e-11	61.2
1203.582	1203.582	100.000	582	0	0	1	582	1	582	0.0	1125
698.581	698.581	100.000	581	0	0	1	581	1	581	0.0	989
677.570	677.570	100.000	570	0	0	1	570	1	570	0.0	954
677.570	195.500	52.321	474	222	3	93	563	20	492	6.41e-136	400
677.570	1312.568	48.450	516	250	5	62	562	45	559	4.15e-132	393
677.570	1361.568	48.256	516	251	5	62	562	45	559	1.22e-131	392
677.570	1392.656	52.119	472	222	3	94	562	177	647	5.11e-131	393
677.570	1494.560	35.395	291	177	6	283	563	255	544	8.02e-37	140
677.570	924.529	34.828	290	179	5	279	560	218	505	2.35e-35	135
677.570	1067.529	34.828	290	179	5	279	560	218	505	2.35e-35	135
677.570	626.499	32.389	494	309	8	85	562	2	486	1.70e-33	129
677.570	474.541	35.036	274	166	6	283	546	236	507	8.44e-33	127
677.570	1629.662	32.746	284	179	6	284	560	372	650	2.45e-32	127
677.570	721.593	33.564	289	178	6	282	559	286	571	4.86e-32	126
677.570	164.481	32.877	292	186	6	274	558	171	459	2.04e-31	123
677.570	992.565	32.215	298	190	6	279	566	265	560	2.06e-31	124
677.570	442.616	34.138	290	176	9	283	560	311	597	2.47e-31	124
677.570	1272.616	34.138	290	176	9	283	560	311	597	2.47e-31	124
677.570	1759.553	30.104	289	192	5	285	565	246	532	2.64e-30	120
677.570	70.544	35.069	288	176	6	283	560	238	524	3.69e-30	120
677.570	37.544	34.641	306	184	7	270	560	221	525	6.07e-30	119
677.570	547.708	31.849	292	179	8	281	559	399	683	1.04e-29	119
677.570	1525.539	30.515	485	305	9	88	546	30	508	1.38e-29	118
677.570	303.595	34.286	245	153	3	279	516	217	460	9.58e-29	116
677.570	1676.662	30.000	300	202	7	277	569	338	636	2.52e-27	112
677.570	752.608	32.292	288	183	6	282	560	299	583	6.63e-26	107
677.570	1137.573	27.907	301	207	7	277	569	245	543	6.82e-25	104
677.570	1179.605	31.359	287	180	7	285	560	304	584	3.48e-24	102
677.570	893.659	33.333	285	183	6	282	560	345	628	1.28e-22	97.4
677.570	1707.659	30.000	290	189	7	281	560	342	627	2.11e-21	93.6
677.570	380.670	30.526	285	191	6	282	560	355	638	3.72e-21	92.8
677.570	578.612	32.014	278	182	6	289	560	307	583	4.68e-21	92.4
677.570	258.674	33.094	278	179	5	289	560	366	642	7.31e-21	92.0
677.570	334.674	33.094	278	179	5	289	560	366	642	7.31e-21	92.0
677.570	1223.647	28.425	292	200	7	277	560	327	617	3.49e-20	89.7
677.570	959.628	30.035	283	187	6	284	560	311	588	9.20e-20	88.6
677.570	1451.706	32.453	265	170	8	303	560	411	673	1.54e-19	87.8
677.570	844.628	29.682	283	188	6	284	560	311	588	2.28e-19	87.4
677.570	800.633	30.035	283	187	6	284	560	316	593	3.26e-19	86.7
677.570	1023.756	30.241	291	185	7	283	559	430	716	4.18e-19	86.7
677.570	120.511	27.830	212	130	6	363	558	292	496	1.85e-16	77.8
677.570	1562.677	26.027	292	202	6	276	558	364	650	3.42e-11	61.2
1312.568	1312.568	100.000	568	0	0	1	568	1	568	0.0	976
1312.568	1361.568	97.535	568	14	0	1	568	1	568	0.0	951
1312.568	195.500	90.800	500	46	0	69	568	1	500	0.0	830
1312.568	1392.656	77.798	554	109	2	27	568	105	656	0.0	728
1312.568	677.570	48.450	516	250	5	45	559	62	562	3.23e-144	424
1312.568	924.529	33.333	384	240	5	189	557	123	505	1.23e-51	181
1312.568	1067.529	33.333	384	240	5	189	557	123	505	1.23e-51	181
1312.568	626.499	32.009	428	279	4	139	559	64	486	1.97e-48	171
1312.568	164.481	33.958	427	256	10	139	554	47	458	1.38e-47	169
1312.568	303.595	32.626	377	239	4	155	517	89	464	1.79e-44	162
1312.568	1525.539	28.717	491	323	9	90	557	37	523	1.22e-43	159
1312.568	1629.662	34.783	276	170	4	285	554	376	647	1.43e-43	160
1312.568	992.565	31.675	382	240	5	189	550	174	554	1.21e-42	156
1312.568	70.544	28.543	494	313	10	94	557	41	524	7.04e-41	151
1312.568	721.593	33.564	289	178	6	279	556	286	571	1.39e-39	148
1312.568	1759.553	29.330	433	296	5	140	563	102	533	1.55e-39	147
1312.568	37.544	29.032	496	309	10	94	557	41	525	1.71e-39	147
1312.568	442.616	27.689	502	330	10	80	554	99	594	9.20e-39	146
1312.568	1272.616	27.689	502	330	10	80	554	99	594	9.20e-39	146
1312.568	1494.560	31.116	421	273	7	152	557	123	541	6.07e-38	143
1312.568	474.541	27.439	492	298	10	90	543	37	507	5.83e-35	134
1312.568	1179.605	31.034	290	183	6	279	557	301	584	4.26e-32	126
1312.568	1179.605	29.545	88	62	0	144	231	56	143	7.62e-07	47.4
1312.568	752.608	32.404	287	187	5	277	557	298	583	2.35e-30	121
1312.568	547.708	31.359	287	190	4	277	557	399	684	3.72e-30	120
1312.568	1451.706	34.221	263	168	4	300	557	411	673	1.55e-27	112
1312.568	258.674	31.183	279	183	4	286	557	366	642	4.18e-25	105
1312.568	334.674	31.183	279	183	4	286	557	366	642	4.18e-25	105
1312.568	578.612	30.325	277	188	3	286	557	307	583	8.81e-25	103
1312.568	380.670	30.769	286	190	5	286	566	362	644	5.08e-24	102
1312.568	120.511	28.883	412	258	10	156	543	77	477	1.92e-23	99.4
1312.568	1137.573	28.521	284	186	8	286	557	257	535	4.86e-22	95.5
1312.568	893.659	33.476	233	152	3	279	509	346	577	7.45e-22	95.1
1312.568	1223.647	29.492	295	193	8	274	557	327	617	9.24e-22	94.7
1312.568	800.633	28.521	284	188	5	282	557	317	593	4.52e-21	92.4
1312.568	844.628	28.169	284	189	5	282	557	312	588	5.20e-21	92.4
1312.568	1676.662	27.778	306	194	11	274	560	338	635	6.67e-21	92.0
1312.568	959.628	28.521	284	188	5	282	557	312	588	7.53e-21	92.0
1312.568	1707.659	27.972	286	200	3	278	557	342	627	9.69e-21	91.7
1312.568	1562.677	29.032	279	184	7	285	554	376	649	7.50e-18	82.4
1312.568	1023.756	25.080	311	202	9	280	564	430	735	1.96e-13	68.6
1361.568	1361.568	100.000	568	0	0	1	568	1	568	0.0	971
1361.568	1312.568	97.535	568	14	0	1	568	1	568	0.0	946
1361.568	195.500	91.400	500	43	0	69	568	1	500	0.0	830
1361.568	1392.656	77.798	554	109	2	27	568	105	656	0.0	718
1361.568	677.570	48.256	516	251	5	45	559	62	562	2.34e-142	419
1361.568	924.529	33.333	384	240	5	189	557	123	505	3.45e-52	182
1361.568	1067.529	33.333	384	240	5	189	557	123	505	3.45e-52	182
1361.568	626.499	32.326	430	275	5	139	559	64	486	3.59e-47	168
1361.568	164.481	33.958	427	256	10	139	554	47	458	4.17e-47	167
1361.568	303.595	32.540	378	238	4	155	517	89	464	3.64e-45	164
1361.568	1629.662	35.145	276	169	4	285	554	376	647	7.62e-45	164
1361.568	1525.539	29.376	497	312	10	90	557	37	523	1.00e-44	162
1361.568	992.565	31.414	382	241	5	189	550	174	554	1.93e-42	156
1361.568	70.544	31.280	422	252	8	151	543	97	509	2.58e-41	152
1361.568	37.544	31.368	424	250	8	151	543	97	510	5.36e-40	149
1361.568	1759.553	29.330	433	296	5	140	563	102	533	7.75e-40	148
1361.568	721.593	33.218	289	179	6	279	556	286	571	6.13e-39	146
1361.568	442.616	28.571	490	318	9	80	543	99	582	1.16e-38	145
1361.568	1272.616	28.571	490	318	9	80	543	99	582	1.16e-38	145
1361.568	474.541	28.540	459	279	10	139	563	85	528	1.70e-37	141
1361.568	1494.560	30.879	421	274	7	152	557	123	541	2.77e-37	141
1361.568	1179.605	30.345	290	185	6	279	557	301	584	1.91e-30	121
1361.568	1179.605	29.545	88	62	0	144	231	56	143	7.82e-07	47.4
1361.568	752.608	32.374	278	182	4	286	557	306	583	2.67e-30	120
1361.568	547.708	30.877	285	190	4	279	557	401	684	4.88e-29	117
1361.568	1451.706	34.981	263	166	4	300	557	411	673	2.26e-28	115
1361.568	258.674	31.769	277	184	4	286	557	366	642	8.34e-26	107
1361.568	334.674	31.769	277	184	4	286	557	366	642	8.34e-26	107
1361.568	578.612	30.325	277	188	3	286	557	307	583	2.05e-25	105
1361.568	380.670	31.119	286	189	5	286	566	362	644	1.72e-24	103
1361.568	893.659	30.796	289	185	5	279	553	346	633	2.73e-23	99.8
1361.568	1137.573	28.772	285	184	9	286	557	257	535	5.39e-23	98.6
1361.568	120.511	28.117	409	265	7	156	543	77	477	5.40e-23	98.2
1361.568	1223.647	30.000	290	188	8	279	557	332	617	6.27e-22	95.5
1361.568	844.628	28.169	284	189	5	282	557	312	588	3.29e-21	93.2
1361.568	959.628	28.521	284	188	5	282	557	312	588	5.11e-21	92.4
1361.568	800.633	28.521	284	188	5	282	557	317	593	5.89e-21	92.4
1361.568	1676.662	30.100	299	188	11	278	560	342	635	1.02e-20	91.7
1361.568	1707.659	28.322	286	199	3	278	557	342	627	3.32e-20	90.1
1361.568	1562.677	29.032	279	184	7	285	554	376	649	1.90e-17	81.3
1361.568	1023.756	24.759	311	203	9	280	564	430	735	3.71e-13	67.8
1184.567	1184.567	100.000	567	0	0	1	567	1	567	0.0	1027
992.565	992.565	100.000	565	0	0	1	565	1	565	0.0	976
992.565	924.529	61.943	494	184	3	71	560	20	513	0.0	544
992.565	1067.529	61.943	494	184	3	71	560	20	513	0.0	544
992.565	303.595	58.246	479	180	4	75	545	24	490	5.31e-164	476
992.565	626.499	44.667	450	239	3	115	563	55	495	6.50e-110	333
992.565	1759.553	40.952	420	236	5	136	550	113	525	6.96e-93	291
992.565	1525.539	37.558	434	258	6	141	563	103	534	8.54e-78	251
992.565	1494.560	34.651	430	270	5	141	563	127	552	2.16e-71	234
992.565	474.541	33.030	439	271	6	141	563	102	533	3.35e-69	228
992.565	442.616	33.036	448	261	6	141	563	175	608	2.06e-68	228
992.565	1272.616	33.036	448	261	6	141	563	175	608	2.06e-68	228
992.565	70.544	33.180	434	279	4	141	563	102	535	2.83e-64	215
992.565	37.544	33.793	435	276	4	141	563	102	536	4.94e-62	209
992.565	164.481	32.151	423	272	3	136	558	60	467	5.77e-58	197
992.565	195.500	32.000	425	248	6	141	554	88	482	7.57e-49	172
992.565	721.593	38.621	290	170	5	268	552	286	572	5.70e-47	169
992.565	1179.605	36.842	285	173	5	268	549	301	581	1.56e-45	165
992.565	1312.568	31.980	394	247	5	162	554	177	550	3.01e-44	161
992.565	1361.568	31.726	394	248	5	162	554	177	550	3.13e-44	161
992.565	1629.662	35.789	285	165	7	274	551	376	649	4.16e-41	153
992.565	1392.656	29.351	385	246	5	173	549	276	642	3.94e-40	150
992.565	677.570	29.371	429	281	8	136	560	156	566	7.75e-40	148
992.565	120.511	30.824	425	278	10	141	554	77	496	1.21e-38	144
992.565	547.708	33.224	304	190	5	267	564	399	695	6.08e-33	129
992.565	893.659	32.333	300	189	4	268	561	346	637	2.33e-30	121
992.565	1137.573	26.195	481	292	12	136	563	76	546	4.83e-30	120
992.565	752.608	32.226	301	192	4	267	561	298	592	1.06e-28	116
992.565	1451.706	31.683	303	187	4	268	561	391	682	8.61e-28	113
992.565	1223.647	31.366	322	192	9	262	563	316	628	1.36e-27	112
992.565	1707.659	31.561	301	194	5	267	563	342	634	1.48e-27	112
992.565	380.670	28.620	297	205	2	268	561	355	647	4.43e-27	111
992.565	578.612	32.095	296	192	6	272	564	305	594	5.96e-27	110
992.565	258.674	32.107	299	183	4	272	561	364	651	6.14e-26	107
992.565	334.674	32.107	299	183	4	272	561	364	651	6.14e-26	107
992.565	1676.662	29.032	310	199	7	265	563	340	639	1.29e-25	106
992.565	1023.756	31.690	284	188	4	274	552	435	717	1.47e-24	103
992.565	800.633	27.946	297	190	6	269	551	315	601	9.74e-19	85.1
992.565	844.628	29.167	288	187	6	269	550	310	586	4.00e-18	83.2
992.565	1562.677	27.759	299	192	10	263	550	365	650	9.71e-18	82.0
992.565	959.628	28.819	288	188	6	269	550	310	586	2.41e-17	80.9
108.561	108.561	100.000	529	0	0	33	561	33	561	0.0	882
108.561	1167.528	39.364	503	280	14	69	557	33	524	2.81e-62	209
108.561	709.535	37.525	501	288	9	66	555	27	513	4.44e-60	204
108.561	152.502	41.017	295	168	2	257	550	195	484	4.52e-47	167
108.561	939.533	31.027	477	274	10	105	543	49	508	1.64e-35	135
108.561	496.516	32.186	494	278	16	82	545	32	498	3.20e-35	134
108.561	1581.543	34.221	488	269	15	91	545	49	517	4.57e-35	134
108.561	17.797	36.986	292	173	2	276	556	505	796	5.78e-34	132
108.561	1772.538	36.697	327	164	11	257	559	225	532	4.51e-33	128
108.561	591.506	33.102	432	252	11	129	543	71	482	8.54e-33	127
108.561	1613.554	37.818	275	153	3	289	550	265	534	1.20e-32	127
108.561	1052.463	32.099	405	245	7	163	543	40	438	2.95e-31	122
108.561	57.514	32.886	447	262	14	118	545	69	496	6.96e-30	119
108.561	661.535	39.394	264	147	5	289	543	252	511	8.67e-30	119
108.561	1437.556	38.514	296	163	6	267	550	244	532	1.89e-29	117
108.561	1254.526	37.313	268	163	4	292	557	252	516	4.40e-28	113
108.561	1208.538	27.968	497	310	15	92	551	48	533	1.17e-27	112
108.561	244.526	38.462	286	149	7	289	560	252	524	6.94e-27	110
108.561	348.526	38.462	286	149	7	289	560	252	524	6.94e-27	110
108.561	424.310	38.249	217	129	4	292	506	37	250	8.16e-26	103
108.561	876.501	32.069	290	176	7	264	550	225	496	1.10e-22	97.1
108.561	768.524	35.570	298	164	9	271	556	237	518	2.04e-22	96.3
108.561	1541.523	35.816	282	150	8	288	557	254	516	2.30e-22	96.3
108.561	608.284	35.833	240	141	4	320	548	23	260	2.79e-22	92.8
108.561	976.523	36.029	272	153	6	290	550	249	510	2.14e-21	93.2
108.561	1476.518	30.505	495	258	18	105	550	56	513	3.81e-21	92.4
108.561	1035.557	32.698	315	188	7	257	550	222	533	5.87e-21	92.0
108.561	817.256	34.167	240	147	4	319	550	7	243	1.22e-20	87.4
108.561	827.538	36.552	290	170	6	269	548	237	522	2.71e-20	89.7
108.561	399.504	31.724	290	176	8	264	550	228	498	3.38e-20	89.4
108.561	1727.537	32.734	278	170	5	289	550	245	521	3.69e-20	89.4
108.561	1661.544	28.074	431	262	13	115	507	61	481	2.73e-18	83.6
108.561	942.538	35.172	290	174	6	269	548	237	522	7.10e-18	82.0
108.561	290.535	29.612	412	256	13	118	511	78	473	1.84e-17	80.9
108.561	531.528	35.192	287	159	7	281	553	245	518	4.04e-17	79.7
108.561	1085.516	28.926	484	292	15	95	550	43	502	6.03e-12	63.5
108.561	1407.559	28.527	319	189	8	257	549	240	545	4.58e-08	51.2
108.561	1295.552	30.851	282	154	12	257	511	233	500	8.64e-08	50.1
108.561	1344.552	30.851	282	154	12	257	511	233	500	8.64e-08	50.1
173.560	173.560	100.000	560	0	0	1	560	1	560	0.0	841
173.560	1382.473	32.808	317	169	7	201	517	178	450	4.55e-39	144
173.560	678.354	35.052	291	153	6	233	519	76	334	1.58e-38	140
1494.560	1494.560	100.000	543	0	0	18	560	18	560	0.0	884
1494.560	70.544	75.984	508	112	2	61	559	36	542	0.0	667
1494.560	37.544	74.753	507	119	1	61	558	36	542	0.0	661
1494.560	474.541	74.704	506	122	2	61	560	36	541	0.0	649
1494.560	442.616	70.980	541	146	2	31	560	76	616	0.0	642
1494.560	1272.616	70.980	541	146	2	31	560	76	616	0.0	642
1494.560	1525.539	71.173	503	138	2	61	556	36	538	0.0	630
1494.560	626.499	37.445	454	259	7	107	553	61	496	1.23e-67	223
1494.560	992.565	33.408	449	284	5	110	552	124	563	2.67e-65	218
1494.560	924.529	32.604	457	279	6	108	549	71	513	1.43e-63	213
1494.560	1067.529	32.604	457	279	6	108	549	71	513	1.43e-63	213
1494.560	1759.553	36.607	448	277	5	112	557	103	545	5.87e-63	212
1494.560	303.595	34.439	392	243	6	108	491	71	456	1.35e-55	193
1494.560	1179.605	35.593	295	184	4	257	550	304	593	6.94e-39	146
1494.560	1179.605	37.815	119	66	3	108	221	50	165	1.35e-13	68.9
1494.560	195.500	30.068	439	270	8	123	549	84	497	1.46e-37	140
1494.560	164.481	29.587	436	285	9	113	546	51	466	1.75e-37	140
1494.560	677.570	32.494	437	276	10	110	544	144	563	8.36e-34	130
1494.560	1312.568	31.116	421	273	7	123	541	152	557	1.24e-32	127
1494.560	1361.568	30.879	421	274	7	123	541	152	557	3.27e-32	126
1494.560	1392.656	30.986	426	267	7	123	541	240	645	8.80e-31	122
1494.560	721.593	33.557	298	189	6	256	549	288	580	1.46e-30	121
1494.560	721.593	41.739	115	65	1	110	224	50	162	2.52e-16	77.4
1494.560	120.511	29.581	453	291	11	113	551	63	501	4.77e-30	119
1494.560	1629.662	32.258	279	163	8	256	524	372	634	6.24e-23	98.6
1494.560	1137.573	26.355	406	261	11	148	541	156	535	3.18e-21	92.8
1494.560	752.608	28.713	303	205	4	252	550	297	592	1.13e-20	91.3
1494.560	547.708	28.713	303	205	4	252	550	398	693	3.87e-19	86.7
1494.560	1023.756	31.156	199	132	4	345	540	520	716	4.16e-19	86.7
1494.560	1023.756	28.814	118	80	2	112	229	55	168	6.12e-07	47.8
1494.560	1223.647	32.367	207	131	5	338	541	417	617	2.72e-18	84.0
1494.560	578.612	29.268	205	139	3	338	541	384	583	1.04e-16	78.6
1494.560	1676.662	31.308	214	130	7	335	541	425	628	1.49e-15	75.1
1494.560	258.674	28.758	306	200	4	252	550	357	651	1.96e-15	74.7
1494.560	258.674	35.000	100	63	1	110	209	63	160	4.01e-08	51.6
1494.560	334.674	28.758	306	200	4	252	550	357	651	1.96e-15	74.7
1494.560	334.674	35.000	100	63	1	110	209	63	160	4.01e-08	51.6
1494.560	1707.659	25.084	299	219	3	252	549	341	635	2.86e-15	74.3
1494.560	893.659	28.866	291	201	3	252	541	343	628	1.99e-14	71.6
1494.560	893.659	33.913	115	73	2	110	224	64	175	2.12e-08	52.4
1494.560	380.670	27.393	303	214	3	252	553	353	650	2.78e-14	71.2
1494.560	1562.677	29.592	294	182	9	256	539	372	650	8.67e-14	69.7
1494.560	1451.706	26.293	232	152	5	334	558	470	689	1.34e-13	68.9
1494.560	1451.706	34.188	117	74	2	107	222	60	174	1.85e-08	52.4
1494.560	844.628	31.183	186	113	4	342	524	399	572	2.45e-11	61.6
1494.560	959.628	30.645	186	114	4	342	524	399	572	1.58e-10	58.9
1494.560	800.633	29.570	186	116	4	342	524	404	577	7.40e-10	57.0
1407.559	1407.559	100.000	559	0	0	1	559	1	559	0.0	959
1407.559	1295.552	76.744	559	123	3	1	559	1	552	0.0	738
1407.559	1344.552	76.744	559	123	3	1	559	1	552	0.0	738
1407.559	222.264	86.220	254	35	0	306	559	11	264	1.71e-122	357
1407.559	223.289	70.182	275	78	4	1	275	1	271	2.56e-120	352
1407.559	1476.518	34.205	497	267	13	78	548	53	515	6.07e-50	176
1407.559	399.504	33.658	514	281	15	53	551	35	503	1.73e-48	171
1407.559	1085.516	35.967	481	276	13	79	551	51	507	9.88e-47	167
1407.559	244.526	44.505	364	180	9	205	558	173	524	3.17e-45	163
1407.559	348.526	44.505	364	180	9	205	558	173	524	3.17e-45	163
1407.559	976.523	32.246	521	289	15	54	554	42	518	1.14e-44	161
1407.559	1541.523	35.880	432	245	8	133	558	116	521	1.71e-43	158
1407.559	531.528	44.518	301	160	4	262	559	232	528	6.36e-43	156
1407.559	57.514	33.472	481	266	15	79	539	48	494	1.19e-41	152
1407.559	591.506	35.520	442	226	14	118	539	80	482	1.64e-36	138
1407.559	496.516	33.264	478	273	16	79	539	48	496	2.42e-35	134
1407.559	1581.543	33.939	495	272	18	71	540	52	516	4.22e-34	131
1407.559	768.524	29.422	571	321	22	12	554	2	518	1.25e-32	127
1407.559	1208.538	30.845	509	284	17	71	543	50	526	7.39e-32	125
1407.559	1035.557	30.545	514	304	14	64	555	60	542	3.46e-30	120
1407.559	876.501	33.884	484	252	17	78	540	54	490	8.36e-29	115
1407.559	827.538	31.855	496	289	17	71	551	68	529	8.59e-29	115
1407.559	290.535	31.174	494	252	20	56	519	50	485	1.94e-28	114
1407.559	1661.544	30.220	364	233	8	205	555	178	533	1.97e-28	114
1407.559	1254.526	30.572	507	274	17	79	550	50	513	7.20e-28	112
1407.559	942.538	31.653	496	290	17	71	551	68	529	3.04e-27	111
1407.559	661.535	36.592	358	188	9	203	539	172	511	9.84e-26	106
1407.559	1727.537	31.041	509	279	19	71	545	50	520	1.48e-25	105
1407.559	939.533	31.445	512	268	21	72	539	36	508	1.79e-25	105
1407.559	1772.538	33.067	375	209	13	196	556	180	526	1.33e-24	103
1407.559	424.310	38.868	265	141	8	256	512	9	260	4.18e-24	98.6
1407.559	1052.463	34.530	362	195	14	205	539	92	438	1.56e-23	99.4
1407.559	152.502	30.818	477	252	19	77	531	49	469	1.84e-23	99.4
1407.559	709.535	32.424	330	183	8	227	541	199	503	2.53e-23	99.0
1407.559	1613.554	28.709	519	301	21	65	544	44	532	3.61e-23	99.0
1407.559	817.256	35.019	257	157	3	310	559	3	256	2.76e-21	89.4
1407.559	608.284	37.354	257	141	8	310	554	18	266	2.55e-20	87.0
1407.559	17.797	37.358	265	132	9	285	522	509	766	5.46e-20	89.4
1407.559	1437.556	34.036	332	185	12	226	540	212	526	2.42e-19	87.0
1407.559	1167.528	31.686	344	204	10	225	558	204	526	3.44e-18	83.2
1407.559	108.561	31.287	342	194	10	218	545	235	549	2.37e-16	77.4
1035.557	1035.557	100.000	557	0	0	1	557	1	557	0.0	1034
1035.557	591.506	37.222	540	272	15	12	534	1	490	1.37e-88	278
1035.557	496.516	37.017	543	275	15	16	534	5	504	1.33e-73	239
1035.557	57.514	39.486	428	228	10	121	544	113	513	3.46e-72	235
1035.557	1085.516	44.548	431	208	12	123	544	105	513	3.65e-69	227
1035.557	768.524	36.563	547	279	20	16	534	8	514	4.50e-68	225
1035.557	1254.526	35.081	553	278	14	15	534	6	510	4.74e-65	217
1035.557	661.535	38.278	418	233	6	132	542	128	527	1.54e-64	216
1035.557	1052.463	36.740	411	230	10	127	526	47	438	2.44e-54	186
1035.557	939.533	36.740	411	230	10	127	526	117	508	9.36e-54	186
1035.557	424.310	42.157	306	142	7	234	525	13	297	4.49e-52	176
1035.557	942.538	35.193	466	262	9	91	544	98	535	1.22e-49	175
1035.557	827.538	37.302	378	216	6	168	544	178	535	2.20e-48	172
1035.557	1476.518	32.796	558	297	17	15	536	1	516	4.35e-47	168
1035.557	1208.538	35.733	375	216	10	180	539	171	535	3.72e-45	163
1035.557	1581.543	38.095	336	188	11	215	539	202	528	3.49e-44	160
1035.557	17.797	40.580	276	158	3	252	526	513	783	1.42e-43	161
1035.557	244.526	36.554	383	210	10	173	544	163	523	4.93e-43	157
1035.557	348.526	36.554	383	210	10	173	544	163	523	4.93e-43	157
1035.557	608.284	41.111	270	147	7	266	532	1	261	5.07e-41	145
1035.557	1541.523	36.316	380	204	11	169	538	163	514	2.55e-40	149
1035.557	1661.544	34.389	442	242	18	123	542	118	533	1.29e-39	147
1035.557	531.528	36.131	429	240	11	126	542	118	524	1.73e-39	147
1035.557	1727.537	33.411	431	247	14	119	531	111	519	2.43e-38	144
1035.557	1295.552	36.571	350	189	8	209	544	220	550	2.06e-37	141
1035.557	1344.552	36.571	350	189	8	209	544	220	550	2.06e-37	141
1035.557	976.523	33.183	443	255	14	114	541	102	518	4.27e-36	137
1035.557	108.561	34.783	322	186	7	215	533	250	550	2.72e-35	135
1035.557	1437.556	32.360	445	255	16	123	553	135	547	5.04e-35	134
1035.557	399.504	33.333	423	227	14	128	538	124	503	8.82e-34	130
1035.557	1613.554	36.420	324	164	12	215	513	212	518	9.70e-34	130
1035.557	817.256	38.911	257	146	4	284	538	1	248	2.11e-33	124
1035.557	1772.538	30.655	473	262	15	92	534	84	520	2.27e-32	126
1035.557	222.264	40.672	268	134	7	284	544	13	262	6.17e-32	120
1035.557	1407.559	34.483	348	195	7	209	542	227	555	9.03e-31	122
1035.557	152.502	32.945	343	194	11	215	550	188	501	4.73e-30	119
1035.557	876.501	36.070	341	173	10	128	458	123	428	1.73e-29	117
1035.557	1167.528	32.733	333	185	9	215	534	212	518	1.90e-28	114
1035.557	709.535	31.797	434	229	21	128	534	124	517	6.55e-24	100
1035.557	290.535	31.596	307	182	9	179	473	169	459	1.42e-18	84.3
1558.557	1558.557	100.000	557	0	0	1	557	1	557	0.0	1084
1558.557	634.521	42.596	547	280	6	11	554	3	518	1.93e-129	384
1558.557	681.528	39.744	546	297	5	11	554	9	524	1.93e-122	366
1558.557	1755.528	41.016	551	288	9	11	554	4	524	3.39e-121	363
1558.557	797.554	37.566	567	310	11	3	554	6	543	3.35e-110	336
1558.557	962.554	37.766	564	313	10	3	554	6	543	1.90e-109	334
1558.557	847.554	37.566	567	310	11	3	554	6	543	6.67e-109	332
1558.557	1364.542	35.596	545	316	7	14	554	13	526	1.95e-101	313
1558.557	1315.542	35.046	545	319	7	14	554	13	526	2.33e-100	310
1558.557	1387.542	35.949	548	314	9	14	556	14	529	4.91e-96	298
1558.557	192.542	35.963	545	314	8	14	554	13	526	4.44e-94	293
1558.557	374.523	25.321	545	329	17	27	545	20	512	1.46e-30	120
1558.557	1633.490	27.412	456	265	15	25	465	8	412	6.64e-30	118
1558.557	748.517	25.714	490	269	15	21	469	8	443	1.21e-28	115
1558.557	1702.510	25.785	446	266	13	25	435	6	421	8.62e-27	109
1558.557	1497.497	26.651	439	264	11	47	470	28	423	1.13e-25	105
1558.557	1455.499	28.132	423	256	14	47	459	30	414	1.67e-25	105
1558.557	445.495	27.335	439	250	12	47	461	26	419	9.22e-24	100
1558.557	1275.495	27.335	439	250	12	47	461	26	419	9.22e-24	100
1558.557	73.528	27.561	410	240	12	47	441	29	396	2.61e-23	99.0
1558.557	1679.504	26.728	434	260	13	47	465	33	423	1.20e-22	97.1
1558.557	1522.501	24.571	525	319	15	48	552	33	500	6.61e-22	94.7
1558.557	471.498	25.517	435	264	12	47	465	29	419	1.73e-21	93.2
1558.557	1226.174	36.571	175	108	2	382	555	1	173	7.59e-19	80.1
1437.556	1437.556	100.000	556	0	0	1	556	1	556	0.0	982
1437.556	1613.554	47.619	504	243	11	52	541	47	543	3.59e-123	369
1437.556	1727.537	33.597	506	280	15	50	527	39	516	2.83e-54	188
1437.556	1208.538	35.627	407	237	9	60	449	50	448	4.42e-54	187
1437.556	1581.543	33.809	491	289	15	73	547	62	532	6.62e-53	184
1437.556	1772.538	34.537	443	243	17	125	547	116	531	9.72e-50	176
1437.556	1661.544	33.333	483	281	16	85	539	63	532	4.74e-49	174
1437.556	939.533	32.121	495	295	16	58	527	32	510	1.28e-47	169
1437.556	709.535	32.871	505	282	17	51	536	46	512	4.09e-46	165
1437.556	591.506	34.023	435	237	13	132	546	101	505	5.39e-46	164
1437.556	1052.463	33.971	418	239	13	131	527	39	440	1.69e-45	162
1437.556	1476.518	35.337	416	224	17	137	533	125	514	1.34e-44	161
1437.556	108.561	37.360	356	189	9	184	532	222	550	3.52e-41	152
1437.556	244.526	36.685	368	197	11	185	537	171	517	2.15e-39	146
1437.556	348.526	36.685	368	197	11	185	537	171	517	2.15e-39	146
1437.556	152.502	35.127	353	204	8	153	501	122	453	1.13e-37	141
1437.556	1167.528	31.727	498	302	16	49	533	46	518	2.02e-37	140
1437.556	1541.523	33.416	404	236	12	138	529	124	506	8.66e-37	139
1437.556	496.516	34.320	338	175	13	132	449	112	422	7.01e-36	136
1437.556	290.535	31.288	489	267	19	55	520	55	497	3.24e-35	134
1437.556	57.514	31.290	473	274	16	79	533	63	502	3.84e-35	134
1437.556	17.797	37.770	278	158	6	266	533	519	791	7.42e-35	135
1437.556	17.797	33.094	139	84	4	132	266	115	248	1.09e-09	56.6
1437.556	1035.557	34.835	333	190	10	135	449	123	446	9.14e-35	133
1437.556	608.284	39.271	247	139	7	284	526	17	256	9.15e-35	128
1437.556	661.535	30.039	516	295	18	53	536	41	522	9.33e-34	130
1437.556	976.523	31.743	482	275	21	90	539	58	517	7.32e-33	127
1437.556	876.501	32.029	409	231	13	139	533	122	497	8.07e-32	124
1437.556	531.528	32.706	425	239	13	138	537	118	520	2.50e-31	123
1437.556	399.504	31.894	417	230	19	135	533	119	499	1.57e-30	120
1437.556	1295.552	38.066	331	171	15	213	526	220	533	1.11e-28	115
1437.556	1344.552	38.066	331	171	15	213	526	220	533	1.11e-28	115
1437.556	817.256	36.154	260	151	8	285	539	3	252	1.13e-27	107
1437.556	1254.526	32.225	391	211	15	148	512	125	487	1.78e-26	108
1437.556	827.538	32.143	420	244	16	141	546	144	536	9.90e-26	106
1437.556	424.310	36.548	197	104	6	261	449	30	213	2.50e-25	102
1437.556	942.538	31.190	420	248	15	141	546	144	536	1.00e-24	103
1437.556	1407.559	34.036	332	185	12	212	526	226	540	3.81e-24	101
1437.556	1085.516	30.426	493	295	18	83	545	41	515	1.75e-23	99.4
1437.556	768.524	32.771	415	234	17	135	531	121	508	7.56e-22	94.4
1437.556	222.264	38.866	247	130	10	285	526	15	245	6.07e-20	85.5
797.554	797.554	100.000	554	0	0	1	554	1	554	0.0	1091
797.554	847.554	95.668	554	24	0	1	554	1	554	0.0	1050
797.554	962.554	95.307	554	26	0	1	554	1	554	0.0	1043
797.554	681.528	45.672	543	273	6	8	546	3	527	2.12e-154	448
797.554	1755.528	46.168	535	273	6	15	546	5	527	4.14e-152	442
797.554	1387.542	42.805	549	290	8	1	545	1	529	5.53e-134	396
797.554	1315.542	41.405	541	296	7	7	543	3	526	4.93e-131	389
797.554	1364.542	41.035	541	298	7	7	543	3	526	3.61e-128	382
797.554	192.542	42.007	538	291	7	10	543	6	526	8.44e-124	370
797.554	634.521	39.623	530	300	9	17	543	6	518	1.32e-116	351
797.554	1558.557	37.566	567	310	11	6	543	3	554	1.95e-104	321
797.554	1522.501	28.928	401	234	13	76	456	56	425	4.81e-33	127
797.554	1633.490	27.981	411	255	12	76	473	49	431	1.51e-32	126
797.554	748.517	26.036	507	291	15	26	491	10	473	3.86e-30	119
797.554	1497.497	28.141	398	234	11	76	449	52	421	1.10e-29	118
797.554	1455.499	27.820	399	234	13	76	449	54	423	1.01e-28	115
797.554	374.523	27.132	387	212	10	76	422	59	415	1.98e-28	114
797.554	1226.174	39.655	174	102	2	371	543	1	172	1.23e-26	102
797.554	445.495	26.768	396	242	11	76	449	50	419	6.05e-25	103
797.554	1275.495	26.768	396	242	11	76	449	50	419	6.05e-25	103
797.554	73.528	28.152	341	182	11	76	384	53	362	1.19e-24	103
797.554	1679.504	25.106	470	291	15	53	500	33	463	3.53e-24	101
797.554	471.498	25.806	434	264	15	47	456	23	422	9.75e-24	100
797.554	1702.510	22.293	471	275	13	76	500	47	472	2.80e-21	92.8
797.554	683.46	57.143	42	17	1	342	383	5	45	1.42e-08	46.6
797.554	683.46	66.667	27	9	0	79	105	1	27	4.73e-08	45.4
847.554	847.554	100.000	554	0	0	1	554	1	554	0.0	1055
847.554	962.554	99.639	554	2	0	1	554	1	554	0.0	1050
847.554	797.554	95.668	554	24	0	1	554	1	554	0.0	1021
847.554	681.528	45.102	541	279	5	8	546	3	527	2.20e-148	433
847.554	1755.528	46.355	535	272	6	15	546	5	527	1.00e-145	426
847.554	1387.542	42.441	549	292	8	1	545	1	529	2.37e-128	382
847.554	1315.542	41.035	541	298	7	7	543	3	526	1.35e-121	365
847.554	1364.542	41.035	541	298	7	7	543	3	526	1.40e-119	359
847.554	192.542	41.264	538	295	7	10	543	6	526	2.58e-117	353
847.554	634.521	39.057	530	303	8	17	543	6	518	7.74e-109	331
847.554	1558.557	37.566	567	310	11	6	543	3	554	6.76e-98	304
847.554	1522.501	28.297	417	244	13	76	472	56	437	1.41e-30	120
847.554	1633.490	28.293	410	250	13	76	472	49	427	6.18e-30	118
847.554	748.517	26.995	426	232	13	26	410	10	397	7.39e-29	115
847.554	374.523	26.147	436	239	12	18	410	8	403	1.72e-27	111
847.554	1455.499	28.125	352	209	11	76	410	54	378	4.38e-27	110
847.554	1497.497	27.848	395	233	11	76	446	52	418	6.13e-27	109
847.554	1679.504	26.243	503	306	18	22	503	8	466	2.35e-24	102
847.554	445.495	26.634	413	239	13	76	458	50	428	2.64e-24	101
847.554	1275.495	26.634	413	239	13	76	458	50	428	2.64e-24	101
847.554	73.528	26.822	343	201	10	76	398	53	365	1.26e-23	100
847.554	471.498	26.000	450	271	16	47	472	23	434	1.56e-22	96.3
847.554	1226.174	38.506	174	104	2	371	543	1	172	5.31e-22	89.0
847.554	1702.510	23.077	351	201	7	76	386	47	368	1.45e-20	90.5
847.554	683.46	66.667	27	9	0	79	105	1	27	3.13e-08	45.8
847.554	683.46	52.381	42	19	1	342	383	5	45	1.46e-07	43.9
962.554	962.554	100.000	554	0	0	1	554	1	554	0.0	1058
962.554	847.554	99.639	554	2	0	1	554	1	554	0.0	1050
962.554	797.554	95.307	554	26	0	1	554	1	554	0.0	1014
962.554	681.528	44.917	541	280	6	8	546	3	527	1.36e-147	431
962.554	1755.528	46.355	535	272	6	15	546	5	527	3.78e-146	427
962.554	1387.542	43.091	550	287	10	1	545	1	529	5.91e-130	386
962.554	1315.542	41.697	542	293	9	7	543	3	526	2.04e-123	369
962.554	1364.542	41.697	542	293	9	7	543	3	526	2.66e-121	364
962.554	192.542	41.450	538	294	7	10	543	6	526	1.27e-118	357
962.554	634.521	39.245	530	302	8	17	543	6	518	2.30e-109	332
962.554	1558.557	37.766	564	313	10	6	543	3	554	1.74e-98	305
962.554	1522.501	28.537	417	243	13	76	472	56	437	1.10e-31	124
962.554	1633.490	28.293	410	250	13	76	472	49	427	4.80e-30	119
962.554	748.517	27.230	426	231	14	26	410	10	397	1.75e-28	114
962.554	1455.499	28.409	352	208	11	76	410	54	378	4.17e-28	113
962.554	1497.497	28.212	397	229	12	76	446	52	418	6.16e-28	112
962.554	374.523	26.147	436	239	12	18	410	8	403	1.85e-27	111
962.554	445.495	26.650	409	244	12	76	458	50	428	3.00e-25	104
962.554	1275.495	26.650	409	244	12	76	458	50	428	3.00e-25	104
962.554	1679.504	25.845	503	308	17	22	503	8	466	1.08e-24	103
962.554	471.498	26.222	450	270	16	47	472	23	434	1.27e-23	99.8
962.554	73.528	27.114	343	200	11	76	398	53	365	2.26e-23	99.4
962.554	1226.174	38.506	174	104	2	371	543	1	172	4.92e-22	89.4
962.554	1702.510	23.077	351	201	7	76	386	47	368	1.25e-20	90.5
962.554	683.46	66.667	27	9	0	79	105	1	27	2.87e-08	45.8
962.554	683.46	52.381	42	19	1	342	383	5	45	1.30e-07	43.9
1613.554	1613.554	100.000	554	0	0	1	554	1	554	0.0	1075
1613.554	1437.556	47.767	515	248	11	36	543	41	541	2.35e-130	387
1613.554	709.535	35.046	545	306	14	5	536	1	510	4.30e-74	241
1613.554	1167.528	34.727	550	312	18	1	535	1	518	1.66e-64	215
1613.554	152.502	34.507	426	243	9	82	506	66	456	4.36e-63	211
1613.554	939.533	34.146	492	277	16	82	550	64	531	4.69e-58	198
1613.554	1052.463	34.433	485	271	16	89	550	1	461	1.78e-57	195
1613.554	1727.537	34.007	544	300	20	1	519	1	510	1.96e-56	194
1613.554	1581.543	35.545	422	239	15	82	490	77	478	3.84e-53	185
1613.554	108.561	31.965	463	272	11	82	534	121	550	4.65e-50	177
1613.554	290.535	34.476	496	267	20	45	525	48	500	6.27e-50	176
1613.554	1208.538	32.495	477	265	14	82	529	76	524	4.46e-48	171
1613.554	1772.538	32.265	468	258	19	103	551	108	535	8.42e-47	167
1613.554	1476.518	31.828	487	255	18	82	535	72	514	3.01e-41	151
1613.554	591.506	31.057	454	265	16	94	536	75	491	1.96e-40	149
1613.554	1661.544	30.435	483	272	18	82	529	66	519	7.64e-39	145
1613.554	244.526	34.646	381	204	13	178	543	171	521	3.33e-38	143
1613.554	348.526	34.646	381	204	13	178	543	171	521	3.33e-38	143
1613.554	399.504	31.944	432	227	18	128	539	119	503	9.53e-38	141
1613.554	608.284	37.453	267	152	7	274	532	1	260	6.96e-37	134
1613.554	496.516	32.741	394	220	13	82	462	72	433	2.38e-36	137
1613.554	876.501	34.271	391	197	16	133	507	123	469	3.22e-36	137
1613.554	1541.523	31.933	476	261	21	84	532	68	507	5.57e-35	134
1613.554	57.514	31.951	410	239	14	118	519	108	485	7.27e-35	133
1613.554	1035.557	36.420	324	164	12	212	518	215	513	8.94e-35	133
1613.554	17.797	36.491	285	156	7	266	536	519	792	6.70e-34	132
1613.554	661.535	34.859	284	170	6	234	509	217	493	7.29e-34	130
1613.554	1295.552	31.393	481	266	22	82	532	91	537	6.72e-32	125
1613.554	1344.552	31.393	481	266	22	82	532	91	537	6.72e-32	125
1613.554	976.523	33.181	437	250	18	127	545	110	522	8.95e-32	124
1613.554	424.310	38.914	221	112	6	249	462	20	224	1.40e-31	120
1613.554	1254.526	30.296	439	257	15	94	519	88	490	2.88e-31	123
1613.554	1085.516	32.427	478	257	19	82	535	68	503	8.59e-31	121
1613.554	768.524	32.316	393	214	17	94	469	91	448	4.90e-29	116
1613.554	827.538	32.275	378	212	13	178	544	190	534	6.39e-29	116
1613.554	942.538	31.967	366	205	13	178	532	190	522	4.81e-27	110
1613.554	1407.559	32.533	375	214	14	172	532	195	544	1.75e-25	105
1613.554	817.256	40.090	222	117	8	285	502	2	211	2.92e-24	97.8
1613.554	222.264	37.652	247	134	9	286	528	15	245	4.68e-19	82.8
1613.554	531.528	29.293	495	257	18	57	509	47	490	9.67e-19	84.7
1759.553	1759.553	100.000	553	0	0	1	553	1	553	0.0	986
1759.553	626.499	42.914	501	272	5	47	542	6	497	3.15e-98	303
1759.553	924.529	43.936	437	227	7	103	527	75	505	3.80e-85	270
1759.553	1067.529	43.936	437	227	7	103	527	75	505	3.80e-85	270
1759.553	992.565	41.629	442	244	6	92	525	115	550	2.53e-84	268
1759.553	303.595	41.452	427	232	7	87	500	59	480	4.40e-75	245
1759.553	442.616	38.272	486	268	10	81	545	139	613	4.71e-73	240
1759.553	1272.616	38.272	486	268	10	81	545	139	613	4.71e-73	240
1759.553	1525.539	33.658	514	310	8	40	535	31	531	8.69e-65	216
1759.553	1494.560	36.069	463	289	5	88	545	97	557	4.41e-62	209
1759.553	474.541	33.820	479	301	9	78	544	65	539	8.08e-60	203
1759.553	70.544	32.830	530	326	9	46	546	15	543	3.46e-59	201
1759.553	37.544	33.524	525	308	11	46	535	15	533	1.45e-57	197
1759.553	164.481	31.100	418	268	5	83	495	28	430	7.82e-49	172
1759.553	195.500	27.826	460	289	5	57	497	25	460	1.27e-36	138
1759.553	120.511	30.952	462	292	8	105	553	64	511	3.53e-34	131
1759.553	1179.605	33.708	356	208	11	153	495	211	551	1.65e-32	127
1759.553	1179.605	36.047	172	107	2	60	230	9	178	2.92e-18	83.6
1759.553	1361.568	28.153	444	310	4	55	497	93	528	2.69e-32	126
1759.553	1312.568	29.723	397	270	4	102	497	140	528	1.50e-31	124
1759.553	1629.662	31.457	302	177	8	220	502	336	626	6.65e-31	122
1759.553	677.570	27.485	513	326	12	40	532	79	565	1.79e-27	112
1759.553	721.593	32.450	302	198	3	242	539	285	584	2.36e-27	111
1759.553	721.593	33.793	145	96	0	88	232	37	181	1.04e-12	65.9
1759.553	1392.656	29.859	355	228	7	150	497	276	616	1.18e-25	106
1759.553	1023.756	30.000	150	103	2	328	475	513	662	4.06e-16	77.0
1759.553	1023.756	30.233	172	101	6	60	218	11	176	1.92e-07	49.3
1759.553	547.708	30.769	273	176	5	222	488	378	643	6.00e-16	76.6
1759.553	1137.573	24.646	495	303	16	58	495	22	503	2.78e-15	73.9
1759.553	1223.647	25.198	504	292	16	67	490	82	580	6.73e-15	73.2
1759.553	1676.662	37.576	165	89	7	333	490	434	591	1.01e-14	72.4
1759.553	752.608	30.182	275	165	8	228	488	281	542	1.49e-14	72.0
1759.553	752.608	27.053	207	124	5	60	243	20	222	5.22e-11	60.5
1759.553	893.659	32.806	253	159	6	243	490	345	591	1.84e-14	71.6
1759.553	893.659	30.519	154	104	3	60	212	23	174	3.16e-09	55.1
1759.553	1451.706	32.443	262	148	6	243	490	390	636	2.30e-14	71.2
1759.553	1451.706	28.859	149	106	0	60	208	22	170	9.94e-07	47.0
1759.553	258.674	33.074	257	153	4	243	490	359	605	2.89e-14	71.2
1759.553	258.674	32.624	141	76	3	55	195	36	157	3.14e-09	55.1
1759.553	334.674	33.074	257	153	4	243	490	359	605	2.89e-14	71.2
1759.553	334.674	32.624	141	76	3	55	195	36	157	3.14e-09	55.1
1759.553	1707.659	32.335	167	105	4	328	490	428	590	2.07e-12	65.1
1759.553	1562.677	30.045	223	133	7	291	502	418	628	8.85e-12	63.2
1759.553	380.670	28.520	277	170	6	232	490	335	601	1.29e-11	62.8
1759.553	380.670	29.252	147	103	1	60	206	26	171	9.38e-08	50.1
1759.553	578.612	27.941	272	172	6	235	490	283	546	2.16e-11	61.6
1759.553	578.612	31.579	114	77	1	83	195	43	156	2.16e-09	55.5
1759.553	800.633	25.914	301	193	8	207	494	278	561	9.39e-11	59.7
1759.553	959.628	25.413	303	192	8	207	494	273	556	1.94e-10	58.9
1759.553	844.628	24.752	303	194	8	207	494	273	556	3.37e-09	54.7
1295.552	1295.552	100.000	552	0	0	1	552	1	552	0.0	964
1295.552	1344.552	100.000	552	0	0	1	552	1	552	0.0	964
1295.552	1407.559	76.744	559	123	3	1	552	1	559	0.0	724
1295.552	223.289	87.085	271	32	1	1	268	1	271	9.47e-161	455
1295.552	222.264	91.667	264	22	0	289	552	1	264	7.35e-129	373
1295.552	1476.518	35.787	489	257	12	72	535	53	509	9.01e-49	172
1295.552	244.526	45.879	364	175	8	198	551	173	524	1.45e-48	172
1295.552	348.526	45.879	364	175	8	198	551	173	524	1.45e-48	172
1295.552	1085.516	35.273	550	305	19	13	551	5	514	8.79e-48	169
1295.552	1541.523	40.771	363	189	9	198	551	176	521	2.07e-45	163
1295.552	57.514	31.657	537	303	15	13	532	5	494	1.06e-44	161
1295.552	531.528	44.186	301	161	4	255	552	232	528	5.16e-42	154
1295.552	399.504	39.683	315	154	6	226	537	215	496	2.88e-40	148
1295.552	976.523	32.854	487	285	15	63	537	52	508	1.02e-39	147
1295.552	496.516	31.977	516	302	15	34	532	13	496	3.48e-39	145
1295.552	591.506	32.088	455	253	13	96	532	66	482	4.00e-39	145
1295.552	1581.543	32.824	524	288	17	35	533	32	516	1.16e-38	144
1295.552	768.524	29.537	562	328	19	8	547	3	518	4.22e-37	140
1295.552	1035.557	34.026	385	216	11	72	448	73	427	8.05e-34	130
1295.552	1254.526	30.983	539	308	17	14	532	8	502	2.29e-32	126
1295.552	1208.538	28.543	508	296	15	65	536	50	526	3.44e-30	120
1295.552	1661.544	31.319	364	229	8	198	548	178	533	5.02e-30	119
1295.552	876.501	41.693	319	151	8	218	533	204	490	2.14e-28	114
1295.552	827.538	29.084	502	308	15	65	551	68	536	5.41e-28	113
1295.552	290.535	32.059	471	263	19	66	518	59	490	3.54e-27	110
1295.552	939.533	30.815	503	282	23	66	532	36	508	3.66e-27	110
1295.552	661.535	28.699	561	312	20	7	532	4	511	1.14e-26	109
1295.552	1727.537	29.191	507	286	19	65	536	50	518	2.57e-26	108
1295.552	1613.554	29.400	500	289	21	72	537	63	532	6.12e-26	107
1295.552	1772.538	30.664	512	292	21	64	549	52	526	1.05e-25	106
1295.552	1052.463	33.333	357	198	13	201	532	97	438	1.30e-25	105
1295.552	424.310	37.647	255	148	5	254	505	14	260	1.50e-25	102
1295.552	942.538	28.974	497	315	15	65	551	68	536	2.22e-25	105
1295.552	17.797	35.857	251	142	6	281	516	521	767	2.12e-24	103
1295.552	152.502	31.124	347	194	10	201	532	161	477	3.95e-24	101
1295.552	709.535	30.043	466	269	16	102	548	88	515	3.36e-23	98.6
1295.552	608.284	32.847	274	163	7	287	547	1	266	6.12e-21	89.0
1295.552	1437.556	38.528	231	119	11	220	444	213	426	5.20e-20	89.0
1295.552	817.256	36.066	244	146	3	301	537	1	241	8.65e-18	79.0
1295.552	1167.528	27.644	539	326	18	31	546	25	522	1.68e-17	80.9
1295.552	108.561	28.090	356	213	11	211	552	235	561	4.94e-16	76.3
