416.53	416.53	100.000	53	0	0	1	53	1	53	1.25e-35	103
416.53	1250.53	100.000	53	0	0	1	53	1	53	1.25e-35	103
898.53	898.53	100.000	53	0	0	1	53	1	53	3.33e-35	102
1045.53	1045.53	100.000	53	0	0	1	53	1	53	1.35e-17	58.5
1122.53	1122.53	100.000	53	0	0	1	53	1	53	3.74e-38	110
1250.53	416.53	100.000	53	0	0	1	53	1	53	1.25e-35	103
1250.53	1250.53	100.000	53	0	0	1	53	1	53	1.25e-35	103
1735.53	1735.53	100.000	53	0	0	1	53	1	53	5.19e-34	100
1649.52	1649.52	100.000	52	0	0	1	52	1	52	1.11e-19	63.9
370.51	370.51	100.000	51	0	0	1	51	1	51	1.37e-36	106
1236.51	1236.51	100.000	51	0	0	1	51	1	51	8.45e-35	101
1430.51	1430.51	100.000	51	0	0	1	51	1	51	3.81e-34	100
268.50	268.50	100.000	50	0	0	1	50	1	50	4.90e-36	104
268.50	324.50	100.000	50	0	0	1	50	1	50	4.90e-36	104
324.50	268.50	100.000	50	0	0	1	50	1	50	4.90e-36	104
324.50	324.50	100.000	50	0	0	1	50	1	50	4.90e-36	104
369.50	369.50	100.000	50	0	0	1	50	1	50	3.87e-35	102
1686.50	1686.50	100.000	50	0	0	1	50	1	50	5.04e-35	102
126.48	126.48	100.000	48	0	0	1	48	1	48	2.40e-34	100
310.48	310.48	100.000	48	0	0	1	48	1	48	3.39e-33	97.4
404.48	404.48	100.000	48	0	0	1	48	1	48	3.63e-30	89.7
866.48	866.48	100.000	48	0	0	1	48	1	48	3.91e-16	54.7
133.47	133.47	100.000	47	0	0	1	47	1	47	7.72e-33	96.7
865.47	865.47	100.000	47	0	0	1	47	1	47	2.78e-33	97.8
1110.47	1110.47	100.000	47	0	0	1	47	1	47	1.68e-22	70.5
206.46	206.46	100.000	46	0	0	1	46	1	46	1.34e-30	90.9
206.46	1300.46	62.500	32	11	1	4	35	5	35	4.63e-09	36.6
206.46	1349.46	62.500	32	11	1	4	35	5	35	4.63e-09	36.6
683.46	683.46	100.000	46	0	0	1	46	1	46	7.60e-32	94.0
851.46	851.46	100.000	46	0	0	1	46	1	46	2.05e-14	50.1
1300.46	1300.46	100.000	46	0	0	1	46	1	46	2.72e-31	92.4
1300.46	1349.46	100.000	46	0	0	1	46	1	46	2.72e-31	92.4
1300.46	206.46	62.500	32	11	1	5	35	4	35	4.63e-09	36.6
1330.46	1330.46	100.000	46	0	0	1	46	1	46	6.80e-08	33.5
1349.46	1300.46	100.000	46	0	0	1	46	1	46	2.72e-31	92.4
1349.46	1349.46	100.000	46	0	0	1	46	1	46	2.72e-31	92.4
1349.46	206.46	62.500	32	11	1	5	35	4	35	4.63e-09	36.6
5.45	5.45	100.000	45	0	0	1	45	1	45	1.17e-29	88.6
653.45	653.45	100.000	45	0	0	1	45	1	45	1.76e-28	85.5
1234.44	1234.44	100.000	44	0	0	1	44	1	44	1.11e-29	88.6
1681.44	1681.44	100.000	44	0	0	1	44	1	44	3.07e-29	87.4
575.43	575.43	100.000	43	0	0	1	43	1	43	7.45e-28	83.6
1411.43	1411.43	100.000	28	0	0	1	28	1	28	1.51e-18	60.1
1650.43	1650.43	100.000	43	0	0	1	43	1	43	6.98e-28	84.0
29.42	29.42	100.000	42	0	0	1	42	1	42	3.55e-29	87.0
637.42	637.42	100.000	42	0	0	1	42	1	42	2.16e-28	85.1
1756.42	1756.42	100.000	42	0	0	1	42	1	42	3.15e-29	87.0
562.41	562.41	100.000	41	0	0	1	41	1	41	8.87e-27	80.9
774.40	774.40	100.000	40	0	0	1	40	1	40	1.86e-26	80.1
1743.39	1743.39	100.000	39	0	0	1	39	1	39	6.81e-26	78.6
1134.38	1134.38	100.000	38	0	0	1	38	1	38	2.22e-23	72.0
1651.38	1651.38	100.000	38	0	0	1	38	1	38	5.14e-24	73.6
312.36	312.36	100.000	36	0	0	1	36	1	36	1.27e-22	70.1
1242.36	1242.36	100.000	36	0	0	1	36	1	36	8.22e-24	73.2
204.35	204.35	100.000	35	0	0	1	35	1	35	9.63e-24	72.8
899.35	899.35	100.000	35	0	0	1	35	1	35	3.60e-23	71.2
1241.35	1241.35	100.000	35	0	0	1	35	1	35	8.03e-23	70.5
