429.508	429.508	100.000	508	0	0	1	508	1	508	0.0	875
429.508	1259.508	100.000	508	0	0	1	508	1	508	0.0	875
429.508	492.522	26.775	493	314	14	13	488	22	484	1.83e-17	80.1
1259.508	429.508	100.000	508	0	0	1	508	1	508	0.0	875
1259.508	1259.508	100.000	508	0	0	1	508	1	508	0.0	875
1259.508	492.522	26.775	493	314	14	13	488	22	484	1.83e-17	80.1
978.507	978.507	100.000	507	0	0	1	507	1	507	0.0	954
1405.504	1405.504	100.000	504	0	0	1	504	1	504	0.0	736
1405.504	1297.503	79.157	451	93	1	54	504	54	503	0.0	583
1405.504	1346.503	79.157	451	93	1	54	504	54	503	0.0	583
1405.504	214.498	75.388	451	107	2	54	504	52	498	0.0	543
1405.504	246.474	46.000	250	123	8	57	301	57	299	3.24e-23	97.4
1405.504	346.474	46.000	250	123	8	57	301	57	299	3.24e-23	97.4
1405.504	1481.373	29.200	250	160	9	240	482	118	357	1.04e-08	52.0
1405.504	21.343	28.807	243	159	8	234	466	94	332	3.19e-07	47.4
493.503	493.503	100.000	503	0	0	1	503	1	503	0.0	1028
1297.503	1297.503	100.000	450	0	0	54	503	54	503	0.0	717
1297.503	1346.503	100.000	450	0	0	54	503	54	503	0.0	717
1297.503	1405.504	79.157	451	93	1	54	503	54	504	0.0	575
1297.503	214.498	78.000	450	96	1	54	503	52	498	0.0	573
1297.503	246.474	42.078	385	195	13	57	426	57	428	8.60e-31	120
1297.503	346.474	42.078	385	195	13	57	426	57	428	8.60e-31	120
1297.503	21.343	27.899	276	175	10	201	465	70	332	2.49e-10	57.0
1297.503	1481.373	29.902	204	128	9	234	423	107	309	5.42e-10	56.2
1297.503	487.369	33.813	139	87	4	326	461	194	330	1.12e-08	52.0
1297.503	1536.389	30.769	299	164	16	202	474	101	382	4.60e-08	50.1
1297.503	766.373	31.757	148	96	3	319	461	186	333	9.77e-08	48.9
1297.503	430.367	25.753	299	192	9	201	478	70	359	1.18e-07	48.5
1297.503	1260.367	25.753	299	192	9	201	478	70	359	1.18e-07	48.5
1346.503	1297.503	100.000	450	0	0	54	503	54	503	0.0	717
1346.503	1346.503	100.000	450	0	0	54	503	54	503	0.0	717
1346.503	1405.504	79.157	451	93	1	54	503	54	504	0.0	575
1346.503	214.498	78.000	450	96	1	54	503	52	498	0.0	573
1346.503	246.474	42.078	385	195	13	57	426	57	428	8.60e-31	120
1346.503	346.474	42.078	385	195	13	57	426	57	428	8.60e-31	120
1346.503	21.343	27.899	276	175	10	201	465	70	332	2.49e-10	57.0
1346.503	1481.373	29.902	204	128	9	234	423	107	309	5.42e-10	56.2
1346.503	487.369	33.813	139	87	4	326	461	194	330	1.12e-08	52.0
1346.503	1536.389	30.769	299	164	16	202	474	101	382	4.60e-08	50.1
1346.503	766.373	31.757	148	96	3	319	461	186	333	9.77e-08	48.9
1346.503	430.367	25.753	299	192	9	201	478	70	359	1.18e-07	48.5
1346.503	1260.367	25.753	299	192	9	201	478	70	359	1.18e-07	48.5
152.502	152.502	100.000	502	0	0	1	502	1	502	0.0	947
152.502	709.535	38.017	484	266	11	16	472	27	503	1.99e-80	256
152.502	1167.528	36.147	462	267	14	51	489	67	523	4.02e-59	199
152.502	1772.538	37.057	367	183	12	155	495	186	530	7.04e-52	180
152.502	496.516	34.021	485	250	19	47	484	42	503	1.64e-47	167
152.502	290.535	35.255	451	249	16	34	456	49	484	9.85e-47	166
152.502	591.506	33.983	359	210	9	155	495	156	505	3.32e-45	161
152.502	57.514	32.848	481	259	19	47	484	42	501	2.58e-44	159
152.502	1052.463	37.190	363	186	14	148	477	85	438	2.39e-43	155
152.502	1581.543	31.263	467	281	15	48	479	56	517	4.06e-43	155
152.502	939.533	37.190	363	186	14	148	477	155	508	7.47e-43	155
152.502	1727.537	30.469	512	309	16	6	477	10	514	2.92e-42	153
152.502	1254.526	37.690	329	165	12	176	484	201	509	4.58e-41	150
152.502	768.524	36.088	363	183	13	155	488	175	517	6.12e-41	149
152.502	608.284	39.925	268	129	10	237	478	2	263	4.55e-39	139
152.502	661.535	36.420	324	172	9	174	478	204	512	5.48e-39	144
152.502	976.523	32.339	436	251	15	51	456	61	482	1.68e-37	139
152.502	424.310	37.815	238	121	6	228	450	35	260	2.91e-35	129
152.502	1208.538	28.289	456	282	11	62	477	72	522	3.60e-35	133
152.502	942.538	34.530	362	179	10	152	482	188	522	2.72e-32	125
152.502	399.504	33.956	321	186	12	175	489	203	503	7.14e-32	123
152.502	827.538	34.637	358	184	9	152	482	188	522	7.27e-32	124
152.502	244.526	32.061	393	209	12	127	491	157	519	8.20e-32	123
152.502	348.526	32.061	393	209	12	127	491	157	519	8.20e-32	123
152.502	1476.518	35.714	350	195	11	155	487	180	516	3.27e-31	121
152.502	1541.523	31.956	363	200	13	155	491	175	516	1.73e-30	119
152.502	876.501	32.362	343	205	11	154	487	175	499	8.90e-30	117
152.502	817.256	35.659	258	140	7	247	489	2	248	1.21e-29	112
152.502	222.264	36.170	235	124	8	248	469	15	236	1.26e-19	84.0
152.502	531.528	29.965	287	164	9	223	489	251	520	1.06e-18	84.0
152.502	1085.516	26.923	494	281	18	51	495	51	513	1.72e-15	73.9
214.498	214.498	100.000	446	0	0	53	498	53	498	0.0	745
214.498	1297.503	79.510	449	89	1	53	498	55	503	0.0	585
214.498	1346.503	79.510	449	89	1	53	498	55	503	0.0	585
214.498	1405.504	75.333	450	107	2	53	498	55	504	0.0	541
214.498	246.474	42.857	252	118	7	55	292	57	296	2.15e-33	127
214.498	346.474	42.857	252	118	7	55	292	57	296	2.15e-33	127
214.498	487.369	34.532	139	86	4	321	456	194	330	1.57e-09	54.7
214.498	1481.373	29.317	249	156	10	235	474	118	355	1.85e-08	51.2
214.498	21.343	30.323	155	101	5	309	460	182	332	3.71e-08	50.1
1751.498	1751.498	100.000	498	0	0	1	498	1	498	0.0	970
1751.498	1199.415	30.159	189	109	6	5	186	2	174	4.13e-17	78.2
1202.497	1202.497	100.000	497	0	0	1	497	1	497	0.0	1021
1150.495	1150.495	100.000	495	0	0	1	495	1	495	0.0	1014
1675.495	1675.495	100.000	472	0	0	1	472	1	472	0.0	851
1675.495	1138.472	70.523	363	107	0	100	462	79	441	0.0	541
1675.495	753.460	53.425	365	169	1	100	464	67	430	1.46e-148	428
1675.495	546.453	52.291	371	176	1	100	470	59	428	1.44e-144	418
1675.495	1222.463	55.125	361	162	0	98	458	75	435	1.53e-139	405
1675.495	1708.467	53.203	359	167	1	100	458	68	425	7.63e-135	394
1675.495	1450.444	52.394	376	174	3	98	470	50	423	3.15e-133	389
1675.495	579.445	51.491	369	177	2	102	470	59	425	2.85e-131	384
1675.495	257.449	49.865	371	184	2	100	470	60	428	1.35e-124	367
1675.495	335.449	49.865	371	184	2	100	470	60	428	1.35e-124	367
1675.495	381.475	46.900	371	195	2	100	470	86	454	4.33e-120	356
1675.495	892.453	47.439	371	193	2	100	470	64	432	2.82e-118	350
1675.495	302.419	36.364	363	207	7	100	458	57	399	5.12e-58	193
1675.495	925.425	35.813	363	209	7	100	458	63	405	9.17e-56	187
1675.495	1066.425	35.813	363	209	7	100	458	63	405	9.17e-56	187
1675.495	624.417	34.066	364	224	5	100	462	58	406	7.87e-53	179
1675.495	991.412	34.444	360	218	5	100	458	50	392	1.47e-52	178
1675.495	475.420	34.072	361	212	8	102	458	65	403	4.51e-52	177
1675.495	1493.419	32.320	362	221	7	100	458	61	401	5.72e-51	174
1675.495	1526.419	31.856	361	224	6	100	458	61	401	1.33e-47	165
1675.495	441.414	30.933	375	234	7	100	472	56	407	2.83e-47	164
1675.495	1271.414	30.933	375	234	7	100	472	56	407	2.83e-47	164
1675.495	163.433	31.548	336	211	6	124	457	97	415	6.69e-47	164
1675.495	1760.442	29.919	371	243	6	102	470	75	430	1.92e-45	160
1675.495	69.413	31.868	364	220	8	100	458	55	395	8.42e-45	157
1675.495	36.413	32.240	366	216	10	100	458	55	395	8.77e-45	157
1675.495	1628.476	29.870	385	236	7	102	461	76	451	4.14e-43	154
1675.495	843.456	29.459	370	242	9	102	464	77	434	7.03e-42	150
1675.495	958.456	29.189	370	243	9	102	464	77	434	1.65e-41	149
1675.495	801.457	28.919	370	244	9	102	464	78	435	3.42e-41	149
1675.495	720.361	31.805	349	220	5	115	462	9	340	3.14e-40	144
1675.495	1178.441	30.110	362	235	5	102	462	74	418	3.23e-40	145
1675.495	1563.458	29.412	357	197	9	102	421	57	395	1.53e-39	144
1675.495	676.438	28.065	367	247	8	102	464	84	437	1.61e-37	138
1675.495	1393.432	29.315	365	230	8	102	458	80	424	1.94e-37	138
1675.495	1024.453	27.642	369	242	9	102	465	74	422	1.19e-35	133
1675.495	119.444	26.849	365	248	5	101	464	80	426	1.86e-32	124
1675.495	1311.431	26.243	362	245	5	102	458	79	423	2.02e-32	124
1675.495	1360.431	25.967	362	246	5	102	458	79	423	1.94e-31	120
732.493	732.493	100.000	493	0	0	1	493	1	493	0.0	880
732.493	704.357	51.250	240	108	4	237	474	104	336	1.72e-51	174
732.493	704.357	47.674	86	44	1	17	101	8	93	3.58e-16	75.1
1634.490	1634.490	100.000	490	0	0	1	490	1	490	0.0	894
307.485	307.485	100.000	485	0	0	1	485	1	485	0.0	762
315.485	315.485	100.000	485	0	0	1	485	1	485	0.0	772
170.481	170.481	100.000	481	0	0	1	481	1	481	0.0	871
733.481	733.481	100.000	466	0	0	1	466	1	466	0.0	880
1699.481	1699.481	100.000	481	0	0	1	481	1	481	0.0	944
1699.481	1466.76	36.508	63	37	1	414	476	8	67	1.00e-08	47.4
1365.479	1365.479	100.000	479	0	0	1	479	1	479	0.0	976
1365.479	1316.416	100.000	416	0	0	64	479	1	416	0.0	840
1365.479	191.416	91.106	416	37	0	64	479	1	416	0.0	773
1365.479	867.413	45.503	378	196	5	74	449	8	377	4.35e-106	317
1365.479	1386.399	32.487	394	247	9	74	459	12	394	1.27e-51	175
1365.479	1327.430	28.499	393	264	8	75	460	42	424	5.85e-43	152
1365.479	1636.420	28.871	381	252	8	90	463	50	418	3.03e-40	145
1365.479	1780.335	26.400	375	224	15	76	442	1	331	1.19e-15	73.2
1365.479	654.343	23.861	373	235	12	76	445	1	327	2.06e-15	72.4
1365.479	1017.337	25.066	379	232	14	72	446	2	332	2.38e-15	72.0
1365.479	868.354	27.797	295	178	9	76	364	1	266	3.46e-15	72.0
1365.479	414.352	27.714	350	216	12	75	423	8	321	2.90e-14	68.9
1365.479	1548.333	25.937	347	211	13	82	424	7	311	2.42e-13	65.9
1365.479	599.348	27.356	329	203	13	76	401	1	296	3.28e-13	65.9
1365.479	647.381	24.262	305	182	14	67	357	24	293	3.65e-12	62.8
1365.479	780.351	21.683	309	217	7	81	387	6	291	1.23e-11	60.8
1365.479	235.345	25.356	351	216	13	79	424	4	313	4.28e-11	59.3
1365.479	358.345	25.356	351	216	13	79	424	4	313	4.28e-11	59.3
1365.479	508.346	26.479	355	208	11	76	421	1	311	9.80e-11	58.2
1365.479	45.345	26.184	359	203	15	76	421	1	310	4.38e-10	56.2
1365.479	1155.335	25.606	371	220	18	83	447	8	328	1.05e-07	48.5
1628.476	1628.476	100.000	461	0	0	1	461	1	461	0.0	781
1628.476	1563.458	35.065	385	243	4	73	452	54	436	3.89e-73	233
1628.476	801.457	32.905	389	230	5	73	456	75	437	8.97e-67	217
1628.476	843.456	31.362	389	236	5	73	456	74	436	2.55e-63	207
1628.476	958.456	31.620	389	235	5	73	456	74	436	2.75e-63	207
1628.476	163.433	33.933	389	214	10	71	452	68	420	4.36e-59	196
1628.476	1760.442	33.508	382	218	5	70	447	67	416	1.15e-58	195
1628.476	1178.441	32.391	389	221	7	72	455	70	421	3.89e-55	186
1628.476	1450.444	32.021	381	223	7	73	444	54	407	8.36e-54	182
1628.476	1708.467	31.738	397	238	7	73	461	67	438	2.69e-53	181
1628.476	579.445	31.818	396	234	7	73	459	56	424	3.00e-53	181
1628.476	475.420	33.333	381	212	8	71	447	60	402	4.59e-53	179
1628.476	925.425	34.218	377	212	6	73	447	62	404	7.94e-53	179
1628.476	1066.425	34.218	377	212	6	73	447	62	404	7.94e-53	179
1628.476	302.419	33.158	380	218	5	70	447	53	398	8.47e-53	179
1628.476	1493.419	32.891	377	215	7	73	447	60	400	3.07e-51	174
1628.476	257.449	32.468	385	220	9	71	444	57	412	1.16e-50	174
1628.476	335.449	32.468	385	220	9	71	444	57	412	1.16e-50	174
1628.476	1526.419	32.591	359	205	5	73	430	60	382	2.87e-49	169
1628.476	36.413	31.373	357	210	4	73	429	54	375	2.74e-48	166
1628.476	69.413	31.092	357	211	4	73	429	54	375	8.58e-48	165
1628.476	892.453	31.234	381	230	5	71	444	61	416	1.98e-47	165
1628.476	753.460	30.311	386	236	8	70	447	63	423	4.21e-47	164
1628.476	720.361	30.729	384	227	7	81	460	1	349	1.82e-46	160
1628.476	1222.463	28.866	388	235	8	73	444	76	438	4.20e-46	162
1628.476	1675.495	29.948	384	235	7	76	450	102	460	7.41e-46	162
1628.476	991.412	29.949	394	240	5	70	461	46	405	2.22e-45	159
1628.476	546.453	29.243	383	238	6	73	447	58	415	4.33e-45	159
1628.476	381.475	30.287	383	231	8	71	444	83	438	7.83e-45	159
1628.476	624.417	30.585	376	225	5	73	445	57	399	2.21e-43	153
1628.476	441.414	29.722	360	218	4	71	430	53	377	1.45e-41	148
1628.476	1271.414	29.722	360	218	4	71	430	53	377	1.45e-41	148
1628.476	1138.472	27.720	386	245	7	73	449	78	438	1.87e-38	141
1628.476	1393.432	28.989	376	233	7	73	445	77	421	9.37e-38	138
1628.476	1311.431	28.042	378	238	5	73	447	76	422	6.47e-35	130
1628.476	1360.431	28.042	378	238	5	73	447	76	422	2.22e-34	129
1628.476	676.438	27.778	378	237	11	73	445	81	427	2.43e-34	129
1628.476	119.444	24.932	369	238	7	80	445	85	417	2.94e-34	129
1628.476	1024.453	25.753	365	251	7	73	424	71	428	1.24e-29	115
1628.476	196.249	25.786	159	117	1	180	337	1	159	4.54e-08	49.3
381.475	381.475	100.000	475	0	0	1	475	1	475	0.0	844
381.475	257.449	71.066	394	110	2	84	475	58	449	0.0	572
381.475	335.449	71.066	394	110	2	84	475	58	449	0.0	572
381.475	892.453	69.388	392	120	0	84	475	62	453	0.0	568
381.475	1450.444	65.473	391	135	0	85	475	54	444	0.0	560
381.475	579.445	67.848	395	118	2	85	475	56	445	0.0	549
381.475	753.460	50.508	394	189	2	84	471	65	458	2.79e-141	409
381.475	546.453	50.133	377	187	1	84	459	57	433	1.39e-133	389
381.475	1708.467	48.379	401	196	3	84	474	66	465	7.74e-131	382
381.475	1138.472	50.131	381	186	3	84	460	77	457	3.10e-124	366
381.475	1675.495	46.900	371	195	2	86	454	100	470	5.62e-120	355
381.475	1222.463	43.669	387	212	4	85	468	76	459	9.08e-106	318
381.475	1760.442	33.702	362	222	6	85	442	72	419	3.41e-58	194
381.475	676.438	36.088	363	206	10	85	438	81	426	3.75e-56	188
381.475	624.417	33.152	368	226	8	84	447	56	407	3.15e-54	182
381.475	991.412	35.890	365	206	10	84	439	48	393	7.02e-54	181
381.475	1493.419	33.427	356	215	5	84	436	59	395	1.81e-52	178
381.475	475.420	33.240	358	217	8	84	438	61	399	4.18e-51	174
381.475	925.425	34.540	359	211	9	85	438	62	401	9.44e-50	171
381.475	1066.425	34.540	359	211	9	85	438	62	401	9.44e-50	171
381.475	302.419	33.983	359	213	9	85	438	56	395	3.45e-49	169
381.475	163.433	33.832	334	200	8	109	438	96	412	3.78e-48	167
381.475	441.414	33.427	356	215	5	84	436	54	390	1.78e-47	164
381.475	1271.414	33.427	356	215	5	84	436	54	390	1.78e-47	164
381.475	1311.431	34.444	360	214	8	85	438	76	419	4.27e-47	164
381.475	1526.419	32.022	356	220	5	84	436	59	395	2.30e-46	161
381.475	1360.431	34.167	360	215	8	85	438	76	419	3.78e-46	161
381.475	1393.432	34.167	360	215	10	85	438	77	420	6.91e-46	160
381.475	36.413	33.427	356	215	6	84	436	53	389	7.05e-46	160
381.475	69.413	33.146	356	216	6	84	436	53	389	2.87e-45	158
381.475	1178.441	32.071	396	236	11	85	474	71	439	4.21e-45	159
381.475	720.361	31.519	349	215	8	98	439	6	337	6.72e-42	148
381.475	1628.476	29.976	417	250	10	85	474	73	474	1.26e-41	150
381.475	958.456	30.214	374	240	8	84	448	73	434	1.03e-40	147
381.475	843.456	29.947	374	241	8	84	448	73	434	2.05e-40	146
381.475	119.444	31.215	362	226	9	91	448	84	426	8.23e-40	144
381.475	1024.453	27.441	379	254	7	85	459	71	432	3.43e-39	142
381.475	801.457	29.412	374	243	8	84	448	74	435	9.02e-38	139
381.475	1563.458	26.989	352	212	8	85	403	54	393	2.20e-29	115
381.475	196.249	27.888	251	160	7	193	438	3	237	8.82e-15	69.3
1012.475	1012.475	100.000	475	0	0	1	475	1	475	0.0	835
246.474	246.474	100.000	474	0	0	1	474	1	474	0.0	698
246.474	346.474	100.000	474	0	0	1	474	1	474	0.0	698
246.474	214.498	43.443	244	128	7	57	296	55	292	2.82e-29	115
246.474	1297.503	42.353	255	118	7	57	296	57	297	1.36e-26	107
246.474	1346.503	42.353	255	118	7	57	296	57	297	1.36e-26	107
246.474	1405.504	44.000	250	128	8	57	299	57	301	1.08e-20	89.7
246.474	880.336	43.011	93	51	2	360	452	227	317	7.66e-14	67.4
246.474	589.355	35.200	125	65	3	360	471	231	352	2.67e-11	60.1
246.474	59.345	37.908	153	87	6	307	456	185	332	6.07e-11	58.5
246.474	1439.380	38.043	92	55	2	361	452	250	339	3.95e-10	56.2
246.474	533.342	39.362	94	56	1	360	452	235	328	8.58e-09	52.0
346.474	246.474	100.000	474	0	0	1	474	1	474	0.0	698
346.474	346.474	100.000	474	0	0	1	474	1	474	0.0	698
346.474	214.498	43.443	244	128	7	57	296	55	292	2.82e-29	115
346.474	1297.503	42.353	255	118	7	57	296	57	297	1.36e-26	107
346.474	1346.503	42.353	255	118	7	57	296	57	297	1.36e-26	107
346.474	1405.504	44.000	250	128	8	57	299	57	301	1.08e-20	89.7
346.474	880.336	43.011	93	51	2	360	452	227	317	7.66e-14	67.4
346.474	589.355	35.200	125	65	3	360	471	231	352	2.67e-11	60.1
346.474	59.345	37.908	153	87	6	307	456	185	332	6.07e-11	58.5
346.474	1439.380	38.043	92	55	2	361	452	250	339	3.95e-10	56.2
346.474	533.342	39.362	94	56	1	360	452	235	328	8.58e-09	52.0
1382.473	1382.473	100.000	473	0	0	1	473	1	473	0.0	938
1382.473	678.354	29.936	314	206	7	167	471	45	353	6.44e-40	142
1138.472	1138.472	100.000	448	0	0	1	448	1	448	0.0	782
1138.472	1675.495	67.172	396	117	3	59	441	67	462	0.0	518
1138.472	753.460	55.616	365	161	1	77	441	65	428	8.68e-136	395
1138.472	546.453	51.302	384	184	2	58	441	40	420	6.95e-132	384
1138.472	579.445	53.930	369	168	2	78	446	56	422	2.01e-123	362
1138.472	1450.444	50.000	386	189	3	54	437	28	411	2.89e-122	360
1138.472	1222.463	49.730	370	186	0	78	447	76	445	3.78e-122	360
1138.472	1708.467	51.771	367	176	1	77	443	66	431	1.81e-121	358
1138.472	257.449	52.332	386	181	3	60	445	42	424	2.90e-118	350
1138.472	335.449	52.332	386	181	3	60	445	42	424	2.90e-118	350
1138.472	892.453	48.092	393	198	3	58	446	39	429	3.14e-115	342
1138.472	381.475	49.219	384	193	2	63	446	70	451	7.36e-115	342
1138.472	991.412	35.616	365	217	5	76	439	47	394	9.34e-55	184
1138.472	925.425	34.160	363	221	5	76	437	60	405	3.43e-50	172
1138.472	1066.425	34.160	363	221	5	76	437	60	405	3.43e-50	172
1138.472	302.419	34.072	361	220	5	78	437	56	399	6.82e-50	171
1138.472	475.420	34.010	394	229	10	58	442	37	408	1.12e-49	170
1138.472	1493.419	32.216	388	240	7	58	442	39	406	4.03e-49	169
1138.472	1526.419	32.558	387	234	10	61	442	42	406	7.15e-48	166
1138.472	163.433	33.033	333	204	7	106	436	100	415	3.66e-45	159
1138.472	36.413	31.266	387	239	8	58	442	39	400	5.84e-45	157
1138.472	69.413	31.008	387	240	7	58	442	39	400	5.84e-45	157
1138.472	441.414	31.688	385	237	9	61	442	40	401	1.84e-44	156
1138.472	1271.414	31.688	385	237	9	61	442	40	401	1.84e-44	156
1138.472	624.417	32.514	366	231	5	77	441	56	406	1.30e-43	154
1138.472	1760.442	31.200	375	241	6	65	437	58	417	1.04e-41	149
1138.472	676.438	30.245	367	244	5	78	443	81	436	1.73e-39	143
1138.472	1393.432	30.978	368	226	7	78	437	77	424	1.83e-38	140
1138.472	1178.441	30.607	379	241	7	64	441	61	418	1.78e-36	135
1138.472	801.457	28.756	386	250	12	66	442	65	434	8.20e-35	130
1138.472	1311.431	28.846	364	239	3	78	437	76	423	8.89e-35	130
1138.472	1360.431	28.846	364	239	3	78	437	76	423	9.91e-35	130
1138.472	843.456	27.792	385	255	11	66	442	64	433	2.63e-34	129
1138.472	958.456	27.532	385	256	11	66	442	64	433	1.32e-33	127
1138.472	720.361	29.972	357	232	4	86	441	1	340	2.26e-33	124
1138.472	1563.458	27.151	372	234	8	59	400	31	395	3.44e-32	123
1138.472	1024.453	28.108	370	245	8	78	444	71	422	1.01e-30	119
1138.472	1628.476	27.720	386	245	7	78	438	73	449	1.19e-30	119
1138.472	119.444	25.781	384	260	9	64	441	60	424	5.09e-26	105
1138.472	196.249	23.984	246	173	3	193	437	9	241	2.14e-09	53.1
1003.468	1003.468	100.000	468	0	0	1	468	1	468	0.0	956
1003.468	569.83	40.541	74	43	1	280	353	10	82	1.71e-08	47.0
1708.467	1708.467	100.000	450	0	0	1	450	1	450	0.0	794
1708.467	546.453	60.904	376	147	0	71	446	62	437	3.56e-152	436
1708.467	753.460	59.200	375	153	0	71	445	70	444	4.80e-152	436
1708.467	579.445	54.596	359	162	1	72	430	61	418	6.13e-124	363
1708.467	1675.495	53.090	356	166	1	71	425	103	458	5.27e-122	360
1708.467	1450.444	53.221	357	166	1	74	430	61	416	1.13e-119	353
1708.467	1138.472	50.398	377	186	1	71	446	82	458	1.47e-117	348
1708.467	257.449	52.381	357	169	1	74	430	66	421	2.78e-117	347
1708.467	335.449	52.381	357	169	1	74	430	66	421	2.78e-117	347
1708.467	381.475	50.843	356	174	1	74	429	92	446	1.14e-114	341
1708.467	1222.463	46.684	392	184	5	71	447	80	461	3.21e-110	329
1708.467	892.453	52.101	357	170	1	74	430	70	425	8.28e-110	328
1708.467	1493.419	33.799	358	220	3	72	429	65	405	6.06e-55	184
1708.467	1526.419	33.240	358	222	4	72	429	65	405	7.25e-54	181
1708.467	475.420	33.613	357	216	4	72	426	67	404	4.91e-51	174
1708.467	991.412	34.831	356	215	5	71	425	53	392	3.03e-46	161
1708.467	1628.476	31.633	392	235	7	72	438	78	461	2.06e-45	160
1708.467	36.413	32.682	358	224	5	72	429	59	399	7.67e-45	157
1708.467	69.413	32.402	358	225	5	72	429	59	399	2.84e-44	155
1708.467	302.419	35.112	356	214	3	72	426	61	400	5.17e-44	155
1708.467	925.425	34.734	357	216	3	71	426	66	406	1.05e-43	154
1708.467	1066.425	34.734	357	216	3	71	426	66	406	1.05e-43	154
1708.467	441.414	31.285	358	229	3	72	429	60	400	2.35e-42	150
1708.467	1271.414	31.285	358	229	3	72	429	60	400	2.35e-42	150
1708.467	720.361	32.402	358	223	5	75	430	1	341	4.29e-42	148
1708.467	163.433	30.838	334	213	4	96	427	101	418	7.15e-42	149
1708.467	676.438	28.926	363	243	6	72	431	86	436	2.60e-37	137
1708.467	624.417	30.168	358	235	3	74	430	64	407	3.92e-37	136
1708.467	843.456	30.495	364	232	9	74	428	81	432	9.75e-37	135
1708.467	958.456	30.220	364	233	9	74	428	81	432	3.23e-36	134
1708.467	1178.441	30.362	359	231	5	74	430	78	419	6.94e-36	133
1708.467	801.457	30.220	364	233	9	74	428	82	433	9.07e-36	133
1708.467	1760.442	27.809	356	244	3	71	426	76	418	3.23e-35	131
1708.467	1393.432	29.526	359	236	7	74	429	84	428	1.08e-33	127
1708.467	1360.431	29.213	356	235	7	74	426	83	424	1.29e-30	118
1708.467	1311.431	29.213	356	235	7	74	426	83	424	1.30e-30	118
1708.467	1563.458	30.240	334	203	7	72	380	59	387	3.96e-30	117
1708.467	1024.453	25.000	360	250	6	74	430	78	420	2.33e-29	115
1708.467	119.444	27.577	359	238	9	74	429	85	424	3.46e-25	102
1480.466	1480.466	100.000	466	0	0	1	466	1	466	0.0	820
1222.463	1222.463	100.000	463	0	0	1	463	1	463	0.0	867
1222.463	1675.495	53.230	387	173	1	73	459	96	474	6.68e-141	409
1222.463	1138.472	49.737	380	190	1	76	455	78	456	3.89e-130	380
1222.463	753.460	47.074	393	198	6	72	461	63	448	1.01e-124	366
1222.463	546.453	47.368	361	189	1	76	436	58	417	7.46e-120	353
1222.463	1708.467	46.617	399	188	5	73	461	64	447	6.83e-119	352
1222.463	579.445	45.812	382	202	3	73	451	53	432	3.76e-113	336
1222.463	257.449	44.529	393	208	5	76	461	59	448	5.47e-112	333
1222.463	335.449	44.529	393	208	5	76	461	59	448	5.47e-112	333
1222.463	1450.444	46.032	378	199	3	71	445	49	424	2.42e-110	329
1222.463	381.475	43.590	390	214	4	73	459	82	468	2.20e-106	320
1222.463	892.453	43.223	391	215	4	73	460	60	446	3.07e-104	313
1222.463	302.419	35.946	370	217	7	71	437	49	401	1.21e-58	194
1222.463	925.425	36.314	369	214	7	76	443	62	410	1.01e-57	192
1222.463	1066.425	36.314	369	214	7	76	443	62	410	1.01e-57	192
1222.463	991.412	34.699	366	220	5	71	435	45	392	1.76e-56	188
1222.463	624.417	33.422	377	232	7	76	451	57	415	2.15e-56	188
1222.463	475.420	32.368	380	221	9	70	440	56	408	2.51e-50	172
1222.463	1493.419	31.186	388	223	10	76	450	60	416	2.18e-47	164
1222.463	1526.419	32.990	388	225	11	71	450	56	416	3.36e-47	163
1222.463	1760.442	31.034	377	234	7	71	441	66	422	7.01e-47	163
1222.463	441.414	30.585	376	241	6	76	450	55	411	3.49e-45	158
1222.463	1271.414	30.585	376	241	6	76	450	55	411	3.49e-45	158
1222.463	163.433	30.179	391	231	12	76	452	70	432	6.00e-44	155
1222.463	69.413	31.806	371	228	8	71	439	49	396	1.80e-43	153
1222.463	36.413	31.806	371	228	8	71	439	49	396	2.49e-43	153
1222.463	801.457	29.223	373	249	8	70	437	69	431	3.36e-43	153
1222.463	843.456	29.111	371	248	8	70	435	68	428	4.11e-42	150
1222.463	958.456	28.841	371	249	8	70	435	68	428	7.08e-42	150
1222.463	1393.432	30.978	368	238	7	74	439	75	428	8.94e-42	149
1222.463	1628.476	28.333	420	253	9	76	463	73	476	1.26e-41	149
1222.463	1178.441	29.114	395	249	7	76	463	71	441	1.13e-40	146
1222.463	1311.431	29.891	368	242	5	74	439	74	427	3.74e-40	144
1222.463	1360.431	29.891	368	242	5	74	439	74	427	5.01e-40	144
1222.463	676.438	28.272	382	236	10	74	441	79	436	2.71e-39	142
1222.463	720.361	29.243	383	230	9	92	463	9	361	4.42e-35	129
1222.463	119.444	26.761	355	239	7	83	435	85	420	1.21e-34	129
1222.463	1024.453	25.000	364	252	6	75	435	70	415	3.35e-34	128
1222.463	1563.458	27.945	365	232	9	76	414	54	413	3.94e-34	128
1222.463	196.249	25.296	253	171	6	190	439	8	245	6.83e-12	60.5
753.460	753.460	100.000	460	0	0	1	460	1	460	0.0	852
753.460	546.453	75.656	419	93	2	43	460	43	453	0.0	622
753.460	1708.467	57.568	403	165	1	64	460	65	467	1.79e-164	468
753.460	257.449	53.333	420	183	4	42	460	42	449	7.43e-148	425
753.460	335.449	53.333	420	183	4	42	460	42	449	7.43e-148	425
753.460	892.453	52.847	439	196	4	4	441	9	437	1.28e-147	424
753.460	579.445	56.510	384	166	1	58	441	48	430	5.41e-145	417
753.460	1675.495	53.533	368	169	2	65	430	97	464	1.56e-142	413
753.460	1138.472	54.331	381	173	1	65	444	77	457	3.43e-139	403
753.460	381.475	49.048	420	206	3	41	458	58	471	3.54e-135	393
753.460	1450.444	49.515	412	202	2	47	458	35	440	4.23e-134	389
753.460	1222.463	46.569	408	200	7	48	448	65	461	1.08e-115	343
753.460	991.412	35.946	370	220	4	63	431	46	399	4.06e-54	182
753.460	624.417	33.077	390	231	8	43	429	45	407	8.16e-53	178
753.460	475.420	31.378	392	239	11	40	424	35	403	1.51e-51	175
753.460	1493.419	30.469	384	241	5	43	424	42	401	8.69e-51	173
753.460	302.419	32.199	382	238	7	62	439	52	416	2.12e-50	172
753.460	925.425	33.069	378	232	7	66	439	62	422	7.45e-50	171
753.460	1066.425	33.069	378	232	7	66	439	62	422	7.45e-50	171
753.460	1526.419	29.319	382	248	4	43	424	42	401	1.52e-49	170
753.460	163.433	31.169	385	243	8	47	426	51	418	2.01e-48	167
753.460	1760.442	28.894	398	258	8	48	439	54	432	6.27e-48	166
753.460	69.413	29.787	423	267	6	4	424	1	395	5.50e-47	162
753.460	36.413	29.551	423	268	6	4	424	1	395	4.01e-46	160
753.460	676.438	30.670	388	246	10	46	424	57	430	3.35e-45	158
753.460	1178.441	28.947	380	248	6	66	440	71	433	1.95e-43	154
753.460	441.414	27.225	382	253	4	43	424	40	396	1.14e-39	143
753.460	1271.414	27.225	382	253	4	43	424	40	396	1.14e-39	143
753.460	1628.476	28.238	386	244	6	63	423	70	447	7.70e-39	142
753.460	1024.453	27.346	373	251	5	66	435	71	426	3.27e-38	139
753.460	119.444	30.189	371	227	10	68	430	80	426	4.42e-38	139
753.460	801.457	29.765	383	247	10	58	431	67	436	1.42e-36	135
753.460	843.456	30.319	376	240	10	65	431	73	435	1.61e-36	135
753.460	958.456	30.053	376	241	10	65	431	73	435	3.86e-36	134
753.460	720.361	29.261	352	230	5	82	431	9	343	4.06e-35	129
753.460	1393.432	26.823	384	262	6	46	425	57	425	5.96e-34	127
753.460	1563.458	31.169	308	182	10	40	334	30	320	7.26e-33	125
753.460	1360.431	27.296	392	258	9	46	425	48	424	2.23e-30	117
753.460	1311.431	27.296	392	258	9	46	425	48	424	2.36e-30	117
1235.460	1235.460	100.000	460	0	0	1	460	1	460	0.0	945
1011.458	1011.458	100.000	458	0	0	1	458	1	458	0.0	945
1563.458	1563.458	100.000	432	0	0	27	458	27	458	0.0	717
1563.458	1628.476	34.474	409	259	5	54	458	73	476	2.20e-67	218
1563.458	801.457	33.079	393	227	7	49	435	70	432	2.74e-53	181
1563.458	843.456	32.061	393	231	7	49	435	69	431	1.61e-50	173
1563.458	958.456	31.552	393	233	7	49	435	69	431	7.95e-50	171
1563.458	1526.419	28.966	435	256	9	28	458	34	419	1.64e-38	140
1563.458	1493.419	28.744	414	238	9	51	458	57	419	1.46e-37	137
1563.458	475.420	28.788	396	225	10	49	433	55	404	5.53e-37	135
1563.458	69.413	28.431	408	241	7	54	458	54	413	1.30e-35	132
1563.458	36.413	28.431	408	241	7	54	458	54	413	1.71e-35	131
1563.458	441.414	28.329	413	245	7	49	458	50	414	4.10e-35	130
1563.458	1271.414	28.329	413	245	7	49	458	50	414	4.10e-35	130
1563.458	579.445	28.286	350	222	6	49	394	51	375	6.30e-35	130
1563.458	163.433	27.297	381	233	10	51	425	67	409	4.50e-33	125
1563.458	1675.495	29.888	358	211	8	49	395	93	421	1.35e-32	124
1563.458	1708.467	29.155	343	215	6	54	392	67	385	9.45e-32	122
1563.458	991.412	27.225	382	237	5	54	432	49	392	1.60e-31	120
1563.458	1760.442	27.366	391	239	11	54	437	72	424	1.94e-31	120
1563.458	1178.441	24.485	388	248	8	50	432	67	414	4.06e-31	119
1563.458	546.453	32.102	352	204	10	49	376	53	393	4.32e-31	119
1563.458	1450.444	26.415	371	238	5	29	392	29	371	5.98e-30	116
1563.458	302.419	27.322	366	226	4	52	415	54	381	6.36e-30	115
1563.458	1393.432	36.709	158	99	1	53	209	76	233	7.23e-30	115
1563.458	676.438	38.854	157	95	1	54	209	81	237	7.83e-30	115
1563.458	925.425	26.359	368	231	4	50	415	58	387	8.47e-30	115
1563.458	1066.425	26.359	368	231	4	50	415	58	387	8.47e-30	115
1563.458	753.460	29.513	349	196	9	54	387	66	379	1.11e-29	115
1563.458	257.449	29.693	293	199	4	54	344	59	346	7.84e-29	113
1563.458	335.449	29.693	293	199	4	54	344	59	346	7.84e-29	113
1563.458	1311.431	36.709	158	99	1	53	209	75	232	1.95e-28	112
1563.458	624.417	25.600	375	240	6	49	420	52	390	3.43e-28	110
1563.458	1360.431	36.709	158	99	1	53	209	75	232	7.62e-28	110
1563.458	1222.463	27.123	365	235	9	54	413	76	414	1.36e-26	107
1563.458	720.361	25.333	375	237	7	62	432	1	336	1.70e-26	105
1563.458	892.453	26.801	347	219	5	54	393	63	381	2.67e-26	105
1563.458	1138.472	27.066	351	219	7	54	395	78	400	1.63e-25	103
1563.458	119.444	26.790	377	232	11	60	432	84	420	2.76e-25	102
1563.458	381.475	24.496	347	227	5	54	393	85	403	3.39e-22	94.0
1563.458	1024.453	33.083	133	87	2	54	184	71	203	1.14e-14	70.9
801.457	801.457	100.000	437	0	0	1	437	1	437	0.0	769
801.457	958.456	91.076	437	38	1	1	437	1	436	0.0	732
801.457	843.456	90.847	437	39	1	1	437	1	436	0.0	729
801.457	1628.476	32.905	389	230	5	75	437	73	456	2.67e-61	202
801.457	1563.458	33.079	393	227	7	70	432	49	435	4.95e-55	185
801.457	579.445	32.984	382	235	7	66	435	47	419	2.30e-48	167
801.457	925.425	31.956	363	230	6	72	431	59	407	2.93e-46	161
801.457	1066.425	31.956	363	230	6	72	431	59	407	2.93e-46	161
801.457	720.361	33.146	356	219	7	85	436	3	343	1.31e-45	157
801.457	302.419	32.249	369	229	8	68	431	49	401	6.34e-45	157
801.457	1526.419	32.258	372	227	11	65	429	48	401	3.40e-44	155
801.457	1450.444	31.496	381	234	11	62	425	37	407	1.25e-42	151
801.457	1178.441	31.234	381	227	10	70	436	62	421	3.33e-42	150
801.457	991.412	31.351	370	233	8	73	437	47	400	3.95e-42	149
801.457	1493.419	30.623	369	237	8	64	429	49	401	1.47e-41	148
801.457	624.417	30.707	368	238	7	70	433	52	406	4.64e-41	147
801.457	475.420	30.137	365	236	8	68	429	55	403	6.32e-41	146
801.457	546.453	31.771	384	232	12	70	436	53	423	2.68e-40	145
801.457	1222.463	29.412	374	249	8	66	429	67	435	2.78e-40	145
801.457	1675.495	29.474	380	248	10	69	435	92	464	3.18e-40	146
801.457	257.449	31.680	363	229	8	74	425	58	412	3.57e-40	145
801.457	335.449	31.680	363	229	8	74	425	58	412	3.57e-40	145
801.457	1708.467	28.841	371	249	7	72	433	64	428	6.54e-39	142
801.457	36.413	29.620	368	238	9	67	429	44	395	1.30e-38	140
801.457	69.413	29.620	368	238	9	67	429	44	395	2.19e-38	139
801.457	1760.442	29.167	360	236	8	75	429	72	417	6.65e-38	139
801.457	753.460	28.982	383	250	10	67	436	58	431	9.00e-38	138
801.457	1138.472	28.052	385	254	11	65	434	66	442	9.29e-37	136
801.457	119.444	29.134	381	235	14	68	435	68	426	3.32e-36	134
801.457	441.414	30.663	362	234	7	70	429	50	396	1.21e-35	132
801.457	1271.414	30.663	362	234	7	70	429	50	396	1.21e-35	132
801.457	1393.432	29.558	362	238	10	75	431	77	426	2.17e-35	131
801.457	381.475	27.949	390	246	8	65	435	75	448	6.20e-35	130
801.457	676.438	29.301	372	249	9	65	431	70	432	6.14e-34	127
801.457	163.433	28.418	373	241	13	64	427	59	414	2.64e-33	125
801.457	892.453	29.891	368	235	10	71	425	59	416	2.83e-32	123
801.457	1311.431	29.086	361	241	8	75	431	76	425	5.17e-32	122
801.457	1360.431	29.086	361	241	8	75	431	76	425	1.12e-31	121
801.457	1024.453	25.676	370	247	12	75	435	71	421	1.73e-19	85.5
843.456	843.456	100.000	436	0	0	1	436	1	436	0.0	749
843.456	958.456	98.165	436	8	0	1	436	1	436	0.0	743
843.456	801.457	89.703	437	44	1	1	436	1	437	0.0	715
843.456	1628.476	31.362	389	236	5	74	436	73	456	5.78e-58	193
843.456	1563.458	32.061	393	231	7	69	431	49	435	2.10e-52	178
843.456	579.445	33.598	378	230	6	69	434	51	419	1.61e-49	170
843.456	925.425	31.680	363	231	6	71	430	59	407	2.51e-45	158
843.456	1066.425	31.680	363	231	6	71	430	59	407	2.51e-45	158
843.456	302.419	30.411	365	237	6	69	430	51	401	1.21e-43	154
843.456	720.361	32.303	356	222	7	84	435	3	343	2.86e-43	151
843.456	1450.444	31.565	377	235	10	71	434	51	417	3.96e-43	153
843.456	1493.419	31.215	362	230	8	70	428	56	401	3.69e-42	150
843.456	546.453	32.552	384	229	12	69	435	53	423	5.79e-42	150
843.456	257.449	31.956	363	228	8	73	424	58	412	1.01e-41	149
843.456	335.449	31.956	363	228	8	73	424	58	412	1.01e-41	149
843.456	1526.419	30.000	360	233	8	72	428	58	401	1.19e-41	148
843.456	1675.495	29.815	379	246	10	69	434	93	464	4.43e-40	145
843.456	475.420	30.168	358	231	8	74	428	62	403	5.94e-40	144
843.456	1708.467	29.111	371	248	7	71	432	64	428	6.62e-40	144
843.456	1178.441	30.446	381	230	10	69	435	62	421	8.41e-40	144
843.456	991.412	29.076	368	244	6	72	436	47	400	1.43e-39	142
843.456	624.417	29.891	368	241	7	69	432	52	406	2.81e-39	142
843.456	1760.442	29.121	364	239	8	70	428	68	417	2.97e-38	139
843.456	1222.463	29.333	375	245	9	69	428	66	435	3.12e-38	140
843.456	381.475	28.906	384	238	8	70	434	81	448	5.46e-38	139
843.456	753.460	29.521	376	243	10	73	435	65	431	2.04e-37	137
843.456	36.413	28.729	362	239	8	70	428	50	395	8.03e-37	135
843.456	69.413	28.729	362	239	8	70	428	50	395	1.21e-36	134
843.456	441.414	30.110	362	236	7	69	428	50	396	6.41e-35	130
843.456	1271.414	30.110	362	236	7	69	428	50	396	6.41e-35	130
843.456	1138.472	27.851	377	253	10	69	433	73	442	8.80e-35	130
843.456	119.444	28.650	363	231	12	80	434	84	426	4.38e-34	128
843.456	892.453	29.620	368	236	10	70	424	59	416	1.03e-33	127
843.456	1393.432	28.415	366	245	10	70	430	73	426	2.61e-33	125
843.456	676.438	28.532	361	245	8	74	430	81	432	1.48e-32	123
843.456	163.433	29.235	366	233	13	70	426	66	414	2.66e-32	122
843.456	1311.431	28.065	367	245	9	70	430	72	425	8.80e-30	115
843.456	1360.431	28.065	367	245	9	70	430	72	425	2.34e-29	114
843.456	1024.453	24.595	370	251	12	74	434	71	421	7.69e-18	80.5
958.456	958.456	100.000	456	0	0	1	456	1	456	0.0	799
958.456	843.456	97.807	456	10	0	1	456	1	456	0.0	782
958.456	801.457	89.474	437	45	1	1	436	1	437	0.0	744
958.456	1628.476	32.029	409	247	5	74	456	73	476	3.57e-61	202
958.456	1563.458	31.552	393	233	7	69	431	49	435	1.88e-51	176
958.456	579.445	33.333	378	231	6	69	434	51	419	3.42e-49	169
958.456	925.425	31.746	378	241	6	71	445	59	422	4.39e-49	168
958.456	1066.425	31.746	378	241	6	71	445	59	422	4.39e-49	168
958.456	302.419	30.526	380	247	6	69	445	51	416	4.57e-47	163
958.456	1493.419	31.135	379	240	9	70	445	56	416	5.83e-43	152
958.456	1450.444	30.851	376	239	8	71	434	51	417	6.07e-43	152
958.456	720.361	32.022	356	223	7	84	435	3	343	6.71e-43	150
958.456	546.453	32.203	413	240	14	69	454	53	452	2.82e-42	150
958.456	475.420	29.867	375	244	8	71	442	59	417	4.29e-42	149
958.456	1178.441	30.941	404	239	12	69	456	62	441	5.16e-42	150
958.456	1526.419	29.708	377	244	9	72	445	58	416	6.13e-42	149
958.456	991.412	29.381	388	249	7	72	456	47	412	9.41e-42	148
958.456	257.449	31.680	363	229	8	73	424	58	412	1.94e-41	148
958.456	335.449	31.680	363	229	8	73	424	58	412	1.94e-41	148
958.456	1675.495	29.551	379	247	10	69	434	93	464	1.23e-39	144
958.456	1708.467	28.841	371	249	7	71	432	64	428	1.31e-39	144
958.456	1760.442	29.427	384	250	9	70	446	68	437	2.05e-39	142
958.456	624.417	29.891	368	241	7	69	432	52	406	2.89e-39	142
958.456	381.475	29.167	384	237	8	70	434	81	448	3.09e-38	140
958.456	1222.463	29.067	375	246	9	69	428	66	435	6.99e-38	139
958.456	36.413	28.760	379	249	9	70	445	50	410	1.12e-37	137
958.456	69.413	28.760	379	249	9	70	445	50	410	1.68e-37	137
958.456	753.460	28.800	375	247	9	73	435	65	431	3.82e-37	137
958.456	441.414	30.387	362	235	7	69	428	50	396	2.72e-35	130
958.456	1271.414	30.387	362	235	7	69	428	50	396	2.72e-35	130
958.456	1138.472	27.586	377	254	10	69	433	73	442	1.63e-34	129
958.456	119.444	28.647	377	238	13	69	434	70	426	3.01e-34	128
958.456	892.453	29.076	368	238	9	70	424	59	416	2.52e-33	126
958.456	1393.432	28.142	366	246	10	70	430	73	426	6.79e-33	124
958.456	676.438	28.255	361	246	8	74	430	81	432	2.50e-32	123
958.456	163.433	27.945	365	239	12	70	426	66	414	3.68e-32	122
958.456	1311.431	27.793	367	246	9	70	430	72	425	2.50e-29	114
958.456	1360.431	27.793	367	246	9	70	430	72	425	6.25e-29	113
958.456	1024.453	24.211	380	260	13	74	444	71	431	1.01e-17	80.1
1216.455	1216.455	100.000	455	0	0	1	455	1	455	0.0	936
1216.455	1669.436	44.898	441	213	13	1	433	1	419	7.29e-115	340
1216.455	1144.434	40.929	452	246	10	1	450	1	433	1.95e-99	300
1216.455	759.306	41.195	318	166	8	117	433	3	300	1.12e-73	229
1216.455	540.305	42.953	298	154	7	122	417	3	286	7.50e-72	224
1216.455	387.437	34.140	372	223	9	49	410	45	404	1.92e-65	212
1216.455	585.420	33.250	400	236	13	28	417	23	401	8.61e-64	207
1216.455	1715.306	38.033	305	175	9	127	426	3	298	2.20e-62	200
1216.455	886.403	36.870	377	204	15	44	410	24	376	2.36e-61	200
1216.455	1444.322	36.957	322	177	11	114	428	9	311	1.70e-56	185
1216.455	341.423	31.429	385	232	10	45	417	41	405	6.73e-55	184
1216.455	251.453	30.637	408	251	10	45	440	41	428	7.84e-55	184
1216.455	296.296	37.500	272	154	6	139	409	22	278	7.99e-54	177
1216.455	932.297	36.923	260	155	5	151	409	28	279	8.26e-53	175
1216.455	1059.297	36.923	260	155	5	151	409	28	279	8.26e-53	175
1216.455	617.299	38.111	307	172	9	128	431	1	292	1.29e-52	174
1216.455	984.299	38.710	248	142	5	156	402	35	273	1.32e-50	169
1216.455	1766.314	33.564	289	176	6	122	407	3	278	2.92e-50	169
1216.455	25.315	35.366	246	149	4	158	402	34	270	6.78e-46	157
1216.455	63.314	35.366	246	149	4	158	402	33	269	9.03e-46	157
1216.455	1532.314	36.481	233	138	5	178	409	58	281	3.53e-43	150
1216.455	1622.315	32.660	297	175	9	124	407	1	285	7.77e-43	149
1216.455	1172.301	33.984	256	152	5	158	409	35	277	3.39e-41	144
1216.455	1487.325	33.007	306	189	8	142	440	20	316	1.13e-40	143
1216.455	952.313	30.132	302	197	7	122	417	12	305	1.81e-40	142
1216.455	807.309	30.201	298	198	5	122	417	12	301	4.66e-40	141
1216.455	837.313	30.132	302	197	7	122	417	12	305	9.87e-40	140
1216.455	481.313	34.231	260	159	7	145	402	19	268	2.59e-39	139
1216.455	113.305	29.866	298	186	8	131	425	13	290	3.40e-36	130
1216.455	203.305	30.392	306	185	10	119	416	5	290	5.95e-36	130
1216.455	670.343	30.422	332	205	11	114	431	4	323	1.28e-35	130
1216.455	1569.311	29.739	306	192	8	121	419	2	291	1.54e-35	129
1216.455	435.316	32.645	242	154	6	158	397	32	266	2.05e-34	126
1216.455	1265.316	32.645	242	154	6	158	397	32	266	2.05e-34	126
1216.455	1030.310	31.048	248	154	6	160	402	39	274	6.40e-34	124
1216.455	1354.306	29.508	305	189	10	119	416	5	290	2.42e-32	120
1216.455	1305.306	30.164	305	187	10	119	416	5	290	4.00e-32	119
1216.455	1399.304	29.677	310	186	11	117	416	3	290	4.57e-31	117
1216.455	714.294	28.758	306	189	8	130	427	2	286	3.14e-30	114
1216.455	158.286	29.965	287	177	10	127	409	5	271	5.86e-29	110
1216.455	760.107	26.724	116	69	4	2	117	7	106	2.53e-08	47.4
1216.455	539.112	29.204	113	65	5	2	111	5	105	1.67e-07	45.1
1611.455	1611.455	100.000	455	0	0	1	455	1	455	0.0	896
90.454	90.454	100.000	454	0	0	1	454	1	454	0.0	711
251.453	251.453	100.000	453	0	0	1	453	1	453	0.0	727
251.453	341.423	99.762	421	1	0	1	421	1	421	0.0	664
251.453	585.420	53.538	424	189	5	1	422	1	418	2.47e-124	363
251.453	886.403	55.138	399	171	5	21	417	2	394	4.52e-124	362
251.453	387.437	50.244	410	192	5	17	418	17	422	3.60e-111	330
251.453	1444.322	57.312	253	104	4	162	412	56	306	3.68e-91	275
251.453	540.305	39.841	251	142	4	162	408	44	289	1.50e-51	172
251.453	1669.436	40.996	261	140	6	162	415	163	416	1.64e-51	175
251.453	1144.434	39.764	254	138	6	165	410	163	409	3.11e-48	166
251.453	759.306	38.462	260	149	5	162	417	46	298	2.40e-46	158
251.453	296.296	40.000	240	131	6	181	413	61	294	1.26e-42	148
251.453	617.299	40.551	254	131	8	176	417	47	292	3.04e-42	147
251.453	1487.325	39.231	260	134	8	169	419	60	304	2.52e-41	145
251.453	932.297	39.167	240	133	6	181	413	62	295	9.30e-40	140
251.453	1059.297	39.167	240	133	6	181	413	62	295	9.30e-40	140
251.453	1715.306	38.372	258	142	6	162	408	43	294	1.13e-39	140
251.453	63.314	38.211	246	139	5	162	401	42	280	4.32e-39	139
251.453	1216.455	33.696	276	165	6	166	428	170	440	2.17e-38	140
251.453	25.315	39.035	228	127	5	180	401	60	281	2.21e-38	137
251.453	984.299	37.500	240	138	6	180	413	63	296	3.74e-38	136
251.453	1532.314	35.606	264	151	9	171	421	52	309	5.65e-38	135
251.453	481.313	37.805	246	127	8	173	401	43	279	4.72e-37	133
251.453	203.305	36.364	253	145	8	162	404	44	290	1.30e-36	132
251.453	435.316	38.189	254	133	10	162	402	41	283	1.41e-36	132
251.453	1265.316	38.189	254	133	10	162	402	41	283	1.41e-36	132
251.453	1399.304	34.328	268	153	7	162	419	44	298	1.13e-35	129
251.453	1569.311	35.907	259	153	9	163	413	42	295	8.92e-35	127
251.453	1354.306	33.992	253	151	7	162	404	44	290	1.25e-34	126
251.453	1622.315	34.524	252	150	7	173	416	66	310	1.56e-34	126
251.453	714.294	35.458	251	150	7	162	408	36	278	2.80e-34	125
251.453	1305.306	33.992	253	151	7	162	404	44	290	1.02e-33	124
251.453	670.343	32.714	269	162	8	162	416	58	321	1.04e-31	119
251.453	1766.314	35.606	264	136	9	164	400	27	283	2.61e-31	117
251.453	1172.301	35.484	248	142	9	162	401	44	281	5.41e-30	114
251.453	952.313	29.200	250	166	6	162	405	61	305	3.50e-29	111
251.453	807.309	29.600	250	165	6	162	405	57	301	3.89e-29	111
251.453	837.313	30.000	250	164	6	162	405	61	305	1.36e-28	110
251.453	158.286	33.898	236	135	8	180	408	61	282	1.36e-28	109
251.453	113.305	32.114	246	152	8	168	407	47	283	2.90e-27	106
251.453	1030.310	34.188	234	139	8	172	397	55	281	1.98e-26	103
546.453	546.453	100.000	453	0	0	1	453	1	453	0.0	849
546.453	753.460	75.656	419	93	2	43	453	43	460	0.0	651
546.453	1708.467	59.747	395	159	0	57	451	66	460	1.05e-170	483
546.453	579.445	54.545	385	174	1	49	433	47	430	2.48e-149	428
546.453	1675.495	51.538	390	181	3	53	440	93	476	1.35e-146	423
546.453	1138.472	50.374	401	196	2	40	437	58	458	3.75e-142	410
546.453	257.449	52.941	391	182	2	44	433	44	433	1.90e-141	408
546.453	335.449	52.941	391	182	2	44	433	44	433	1.90e-141	408
546.453	892.453	51.667	420	192	4	40	453	39	453	5.84e-141	407
546.453	381.475	50.000	380	189	1	54	433	81	459	2.23e-134	391
546.453	1450.444	47.794	408	208	2	46	453	42	444	8.44e-134	388
546.453	1222.463	46.505	372	198	1	47	417	65	436	2.10e-120	355
546.453	1493.419	34.704	389	216	8	40	416	39	401	1.23e-59	196
546.453	475.420	34.264	394	217	9	39	416	36	403	5.24e-56	187
546.453	624.417	34.555	382	230	8	42	421	44	407	6.68e-55	184
546.453	1526.419	32.915	398	228	11	41	425	40	411	3.33e-53	179
546.453	302.419	33.770	382	228	8	53	432	51	409	2.35e-50	172
546.453	991.412	34.474	380	220	7	57	432	48	402	2.75e-48	166
546.453	1178.441	31.443	388	240	8	53	431	62	432	5.03e-48	166
546.453	925.425	33.422	377	226	8	58	432	62	415	6.49e-48	165
546.453	1066.425	33.422	377	226	8	58	432	62	415	6.49e-48	165
546.453	69.413	31.481	378	237	5	40	416	39	395	7.56e-47	162
546.453	441.414	30.749	374	242	3	43	416	40	396	5.99e-46	160
546.453	1271.414	30.749	374	242	3	43	416	40	396	5.99e-46	160
546.453	843.456	32.812	384	228	12	53	423	69	435	8.68e-46	160
546.453	36.413	30.952	378	239	5	40	416	39	395	1.26e-45	159
546.453	958.456	32.552	384	229	12	53	423	69	435	1.48e-45	159
546.453	676.438	31.215	362	234	6	58	416	81	430	1.51e-45	159
546.453	1760.442	29.134	381	251	7	54	431	68	432	4.97e-45	158
546.453	163.433	31.287	342	201	11	87	418	101	418	1.48e-44	156
546.453	720.361	31.389	360	228	5	74	431	9	351	2.57e-44	154
546.453	801.457	32.031	384	231	12	53	423	70	436	2.70e-44	156
546.453	1628.476	29.243	383	238	6	58	415	73	447	4.21e-42	150
546.453	1024.453	29.288	379	236	8	58	427	71	426	3.08e-38	139
546.453	1563.458	31.519	349	210	10	53	393	49	376	9.74e-37	135
546.453	1393.432	28.962	366	245	6	54	417	73	425	4.49e-36	133
546.453	119.444	29.427	384	236	12	48	422	69	426	8.48e-36	132
546.453	1311.431	27.322	366	251	4	54	417	72	424	3.03e-32	122
546.453	1360.431	27.322	366	251	4	54	417	72	424	1.00e-31	121
892.453	892.453	100.000	453	0	0	1	453	1	453	0.0	817
892.453	1450.444	66.446	453	143	1	1	453	1	444	0.0	593
892.453	381.475	69.388	392	120	0	62	453	84	475	0.0	569
892.453	257.449	72.890	391	106	0	63	453	59	449	0.0	565
892.453	335.449	72.890	391	106	0	63	453	59	449	0.0	565
892.453	579.445	71.355	391	111	1	63	453	56	445	0.0	557
892.453	753.460	56.117	376	164	1	63	437	66	441	1.08e-149	429
892.453	546.453	53.535	396	179	3	63	453	58	453	4.13e-140	405
892.453	1708.467	49.373	399	193	3	63	452	67	465	2.74e-126	370
892.453	1138.472	49.606	381	188	3	63	439	78	458	2.80e-125	367
892.453	1675.495	47.439	371	193	2	64	432	100	470	8.04e-118	349
892.453	1222.463	43.299	388	213	4	63	446	76	460	8.75e-104	312
892.453	991.412	38.441	372	201	10	62	428	48	396	4.83e-58	192
892.453	1760.442	32.749	342	214	5	63	402	72	399	3.22e-55	185
892.453	302.419	35.933	359	206	9	63	416	56	395	3.33e-53	179
892.453	925.425	35.376	359	208	9	63	416	62	401	3.54e-53	179
892.453	1066.425	35.376	359	208	9	63	416	62	401	3.54e-53	179
892.453	676.438	32.493	357	227	5	63	416	81	426	4.97e-52	177
892.453	475.420	33.711	353	210	8	62	410	61	393	3.84e-50	171
892.453	624.417	32.698	367	227	8	63	425	57	407	2.66e-49	169
892.453	1493.419	32.955	352	214	6	62	410	59	391	9.11e-49	167
892.453	163.433	34.146	369	216	10	63	425	70	417	5.24e-47	163
892.453	1628.476	31.250	416	246	7	63	452	73	474	1.30e-45	160
892.453	1393.432	33.058	363	225	8	63	421	77	425	1.74e-44	156
892.453	1311.431	33.425	365	225	7	63	423	76	426	7.00e-44	154
892.453	1526.419	33.144	353	210	8	63	410	60	391	1.88e-43	153
892.453	1360.431	33.151	365	226	7	63	423	76	426	5.44e-43	152
892.453	441.414	31.818	352	218	5	62	410	54	386	3.77e-42	149
892.453	1271.414	31.818	352	218	5	62	410	54	386	3.77e-42	149
892.453	1178.441	31.392	395	240	9	63	452	71	439	5.11e-41	147
892.453	36.413	30.114	352	224	5	62	410	53	385	2.11e-38	139
892.453	69.413	29.830	352	225	5	62	410	53	385	5.02e-38	138
892.453	720.361	31.921	354	217	8	71	417	1	337	9.60e-38	136
892.453	1563.458	28.448	348	212	6	63	381	54	393	4.20e-35	131
892.453	843.456	27.500	360	246	7	63	416	74	424	9.47e-34	127
892.453	1024.453	26.823	384	258	8	63	442	71	435	1.49e-33	126
892.453	958.456	27.019	359	249	6	63	416	74	424	2.29e-33	126
892.453	801.457	27.577	359	247	5	63	416	75	425	3.14e-33	125
892.453	119.444	26.519	362	245	7	68	426	83	426	5.08e-32	122
892.453	196.249	27.273	253	164	6	169	415	1	239	6.24e-14	66.6
1024.453	1024.453	100.000	453	0	0	1	453	1	453	0.0	740
1024.453	720.361	40.173	346	206	1	79	424	1	345	4.17e-83	256
1024.453	1178.441	34.943	352	228	1	73	424	73	423	1.17e-74	236
1024.453	163.433	33.241	361	235	5	73	429	72	430	2.04e-61	201
1024.453	119.444	30.233	344	236	4	77	419	84	424	4.59e-54	182
1024.453	624.417	35.143	350	222	4	74	420	60	407	8.20e-54	181
1024.453	991.412	32.464	345	230	3	73	416	51	393	2.01e-46	161
1024.453	302.419	31.014	345	235	3	73	416	58	400	6.49e-46	160
1024.453	925.425	31.790	324	218	3	73	395	64	385	6.64e-45	157
1024.453	1066.425	31.790	324	218	3	73	395	64	385	6.64e-45	157
1024.453	1450.444	29.255	376	245	7	74	432	57	428	2.77e-42	150
1024.453	1526.419	35.099	302	185	6	74	370	63	358	6.10e-42	149
1024.453	676.438	28.612	353	239	6	73	416	83	431	2.19e-40	145
1024.453	257.449	28.912	377	247	7	73	432	61	433	3.71e-40	145
1024.453	335.449	28.912	377	247	7	73	432	61	433	3.71e-40	145
1024.453	1760.442	30.347	346	234	6	74	415	75	417	1.87e-39	142
1024.453	1393.432	30.556	324	218	3	73	391	79	400	1.98e-39	142
1024.453	441.414	31.104	299	203	3	73	370	57	353	1.18e-38	140
1024.453	1271.414	31.104	299	203	3	73	370	57	353	1.18e-38	140
1024.453	69.413	31.879	298	200	3	74	370	57	352	1.40e-38	140
1024.453	36.413	31.544	298	201	3	74	370	57	352	7.98e-38	137
1024.453	1493.419	28.779	344	240	4	74	416	63	402	2.61e-37	136
1024.453	1311.431	31.077	325	215	5	73	391	78	399	4.32e-37	136
1024.453	1138.472	28.065	367	243	8	74	422	81	444	1.77e-36	135
1024.453	1360.431	30.769	325	216	5	73	391	78	399	3.35e-36	134
1024.453	753.460	30.794	315	207	4	74	387	69	373	3.71e-36	134
1024.453	475.420	28.116	345	243	4	73	416	64	404	1.62e-35	131
1024.453	381.475	27.394	376	252	7	74	432	88	459	2.24e-35	132
1024.453	546.453	29.255	376	234	8	74	426	61	427	9.94e-35	130
1024.453	1675.495	27.371	369	243	9	74	422	102	465	3.21e-33	126
1024.453	579.445	28.158	380	250	8	74	435	59	433	8.55e-32	121
1024.453	892.453	26.772	381	256	8	74	435	66	442	1.50e-31	120
1024.453	1222.463	24.654	361	251	6	73	415	78	435	1.25e-29	115
1024.453	1708.467	25.000	364	253	6	74	420	70	430	6.47e-29	113
1024.453	1628.476	25.978	358	255	7	73	428	75	424	1.10e-26	107
1024.453	801.457	25.272	368	247	13	73	421	77	435	2.29e-18	82.0
1024.453	843.456	24.185	368	251	13	73	421	76	434	1.04e-16	77.0
1024.453	958.456	24.185	368	251	13	73	421	76	434	1.83e-16	76.3
1024.453	1563.458	32.824	131	86	2	73	203	56	184	5.42e-14	68.6
1024.453	196.249	25.847	236	167	4	186	415	8	241	2.29e-11	58.9
691.451	691.451	100.000	451	0	0	1	451	1	451	0.0	900
257.449	257.449	100.000	449	0	0	1	449	1	449	0.0	796
257.449	335.449	100.000	449	0	0	1	449	1	449	0.0	796
257.449	892.453	69.316	453	135	2	1	449	1	453	0.0	588
257.449	381.475	70.960	396	111	2	56	449	82	475	0.0	560
257.449	1450.444	65.033	449	152	2	1	449	1	444	0.0	555
257.449	579.445	71.867	391	109	1	59	449	56	445	0.0	536
257.449	753.460	50.976	461	213	4	1	449	1	460	5.50e-151	432
257.449	546.453	52.941	391	182	2	44	433	44	433	1.05e-135	393
257.449	1708.467	50.249	402	191	3	56	448	64	465	4.08e-134	390
257.449	1138.472	53.659	369	169	2	58	424	77	445	3.88e-127	372
257.449	1675.495	47.268	421	200	4	43	449	83	495	4.13e-123	363
257.449	1222.463	44.250	400	214	6	47	441	65	460	2.65e-110	329
257.449	991.412	38.298	376	204	9	55	425	45	397	1.99e-58	193
257.449	302.419	37.326	359	201	9	59	412	56	395	1.99e-54	182
257.449	925.425	37.326	359	201	9	59	412	62	401	2.37e-54	182
257.449	1066.425	37.326	359	201	9	59	412	62	401	2.37e-54	182
257.449	676.438	36.288	361	215	7	56	412	77	426	1.03e-53	181
257.449	1760.442	31.646	395	243	8	54	443	67	439	9.10e-52	176
257.449	1526.419	34.625	413	227	13	44	449	43	419	5.35e-51	173
257.449	624.417	32.181	376	233	9	51	421	49	407	6.81e-48	165
257.449	1628.476	31.068	412	248	7	57	441	71	473	2.52e-46	162
257.449	475.420	31.926	379	228	10	44	412	41	399	9.49e-46	159
257.449	163.433	30.366	382	239	10	46	417	57	421	2.31e-45	159
257.449	441.414	32.432	370	227	7	44	410	41	390	1.99e-44	155
257.449	1271.414	32.432	370	227	7	44	410	41	390	1.99e-44	155
257.449	1493.419	31.220	410	242	10	43	449	47	419	7.51e-44	154
257.449	843.456	30.000	360	239	6	58	412	73	424	5.90e-43	152
257.449	1024.453	29.024	379	248	7	59	433	71	432	8.58e-43	152
257.449	958.456	29.722	360	240	6	58	412	73	424	9.03e-43	152
257.449	1178.441	32.316	393	239	8	59	448	71	439	1.72e-42	151
257.449	801.457	29.722	360	240	6	58	412	74	425	1.70e-41	149
257.449	1311.431	33.333	360	218	8	59	412	76	419	2.06e-39	142
257.449	1393.432	32.500	360	221	9	59	412	77	420	4.65e-39	141
257.449	69.413	29.584	409	247	9	44	449	43	413	1.68e-38	139
257.449	1360.431	33.056	360	219	8	59	412	76	419	1.93e-38	139
257.449	36.413	29.471	397	243	8	56	449	51	413	2.36e-38	139
257.449	1563.458	30.619	307	200	4	45	346	46	344	2.63e-35	131
257.449	119.444	29.526	359	228	8	49	404	72	408	1.44e-34	129
257.449	720.361	29.049	389	239	11	67	448	1	359	1.13e-33	125
257.449	196.249	28.099	242	153	7	176	412	12	237	9.19e-12	60.1
335.449	257.449	100.000	449	0	0	1	449	1	449	0.0	796
335.449	335.449	100.000	449	0	0	1	449	1	449	0.0	796
335.449	892.453	69.316	453	135	2	1	449	1	453	0.0	588
335.449	381.475	70.960	396	111	2	56	449	82	475	0.0	560
335.449	1450.444	65.033	449	152	2	1	449	1	444	0.0	555
335.449	579.445	71.867	391	109	1	59	449	56	445	0.0	536
335.449	753.460	50.976	461	213	4	1	449	1	460	5.50e-151	432
335.449	546.453	52.941	391	182	2	44	433	44	433	1.05e-135	393
335.449	1708.467	50.249	402	191	3	56	448	64	465	4.08e-134	390
335.449	1138.472	53.659	369	169	2	58	424	77	445	3.88e-127	372
335.449	1675.495	47.268	421	200	4	43	449	83	495	4.13e-123	363
335.449	1222.463	44.250	400	214	6	47	441	65	460	2.65e-110	329
335.449	991.412	38.298	376	204	9	55	425	45	397	1.99e-58	193
335.449	302.419	37.326	359	201	9	59	412	56	395	1.99e-54	182
335.449	925.425	37.326	359	201	9	59	412	62	401	2.37e-54	182
335.449	1066.425	37.326	359	201	9	59	412	62	401	2.37e-54	182
335.449	676.438	36.288	361	215	7	56	412	77	426	1.03e-53	181
335.449	1760.442	31.646	395	243	8	54	443	67	439	9.10e-52	176
335.449	1526.419	34.625	413	227	13	44	449	43	419	5.35e-51	173
335.449	624.417	32.181	376	233	9	51	421	49	407	6.81e-48	165
335.449	1628.476	31.068	412	248	7	57	441	71	473	2.52e-46	162
335.449	475.420	31.926	379	228	10	44	412	41	399	9.49e-46	159
335.449	163.433	30.366	382	239	10	46	417	57	421	2.31e-45	159
335.449	441.414	32.432	370	227	7	44	410	41	390	1.99e-44	155
335.449	1271.414	32.432	370	227	7	44	410	41	390	1.99e-44	155
335.449	1493.419	31.220	410	242	10	43	449	47	419	7.51e-44	154
335.449	843.456	30.000	360	239	6	58	412	73	424	5.90e-43	152
335.449	1024.453	29.024	379	248	7	59	433	71	432	8.58e-43	152
335.449	958.456	29.722	360	240	6	58	412	73	424	9.03e-43	152
335.449	1178.441	32.316	393	239	8	59	448	71	439	1.72e-42	151
335.449	801.457	29.722	360	240	6	58	412	74	425	1.70e-41	149
335.449	1311.431	33.333	360	218	8	59	412	76	419	2.06e-39	142
335.449	1393.432	32.500	360	221	9	59	412	77	420	4.65e-39	141
335.449	69.413	29.584	409	247	9	44	449	43	413	1.68e-38	139
335.449	1360.431	33.056	360	219	8	59	412	76	419	1.93e-38	139
335.449	36.413	29.471	397	243	8	56	449	51	413	2.36e-38	139
335.449	1563.458	30.619	307	200	4	45	346	46	344	2.63e-35	131
335.449	119.444	29.526	359	228	8	49	404	72	408	1.44e-34	129
335.449	720.361	29.049	389	239	11	67	448	1	359	1.13e-33	125
335.449	196.249	28.099	242	153	7	176	412	12	237	9.19e-12	60.1
1320.446	1320.446	100.000	446	0	0	1	446	1	446	0.0	849
