488.301	488.301	100.000	301	0	0	1	301	1	301	0.0	527
1172.301	1172.301	100.000	301	0	0	1	301	1	301	0.0	548
1172.301	714.294	52.222	270	124	4	35	301	27	294	3.09e-91	268
1172.301	481.313	45.420	262	133	5	35	290	31	288	3.07e-72	220
1172.301	435.316	46.591	264	129	6	35	290	32	291	3.87e-72	220
1172.301	1265.316	46.591	264	129	6	35	290	32	291	3.87e-72	220
1172.301	1487.325	45.833	264	131	6	35	290	41	300	4.37e-70	215
1172.301	296.296	41.762	261	142	5	35	289	34	290	2.77e-65	202
1172.301	63.314	42.912	261	140	5	35	290	33	289	4.48e-64	199
1172.301	25.315	42.529	261	141	5	35	290	34	290	2.50e-63	197
1172.301	932.297	40.996	261	144	5	35	289	35	291	2.65e-63	197
1172.301	1059.297	40.996	261	144	5	35	289	35	291	2.65e-63	197
1172.301	984.299	41.538	260	143	5	35	289	37	292	2.02e-62	195
1172.301	113.305	45.247	263	128	9	38	292	37	291	3.24e-62	194
1172.301	617.299	41.569	255	136	7	35	281	25	274	2.68e-59	187
1172.301	1444.322	35.556	270	162	8	35	296	48	313	5.17e-57	181
1172.301	1030.310	38.776	245	142	3	41	280	43	284	1.11e-56	180
1172.301	1532.314	40.400	250	139	6	38	281	40	285	2.65e-55	177
1172.301	1622.315	37.945	253	145	8	35	281	45	291	3.56e-51	166
1172.301	1766.314	38.247	251	143	7	35	278	36	281	8.43e-50	162
1172.301	540.305	33.835	266	163	7	35	293	35	294	2.86e-48	158
1172.301	158.286	36.145	249	144	6	39	282	38	276	1.87e-45	150
1172.301	759.306	33.333	267	164	7	35	294	37	296	5.54e-45	150
1172.301	807.309	32.576	264	167	6	35	291	48	307	9.97e-43	144
1172.301	837.313	32.576	264	167	6	35	291	52	311	1.13e-42	144
1172.301	952.313	32.197	264	168	6	35	291	52	311	2.84e-42	143
1172.301	1715.306	32.967	273	166	7	35	295	34	301	3.83e-42	142
1172.301	1569.311	36.882	263	153	9	35	287	32	291	1.91e-41	140
1172.301	203.305	35.938	256	142	8	39	280	39	286	4.79e-41	139
1172.301	1354.306	35.636	275	141	10	39	292	39	298	2.49e-40	137
1172.301	1305.306	34.545	275	144	10	39	292	39	298	9.14e-39	134
1172.301	1399.304	33.829	269	154	8	39	292	39	298	3.47e-38	132
1172.301	670.343	31.769	277	161	9	37	293	51	319	1.29e-37	131
1197.300	1197.300	100.000	300	0	0	1	300	1	300	0.0	550
410.299	410.299	100.000	299	0	0	1	299	1	299	0.0	598
1470.298	1470.298	100.000	298	0	0	1	298	1	298	0.0	612
1595.298	1595.298	100.000	298	0	0	1	298	1	298	0.0	526
1324.296	1324.296	100.000	296	0	0	1	296	1	296	0.0	611
1324.296	1130.270	29.457	258	166	9	12	260	4	254	4.96e-27	101
373.292	373.292	100.000	292	0	0	1	292	1	292	0.0	605
373.292	1456.270	69.084	262	75	2	29	286	5	264	6.83e-133	373
373.292	470.270	67.681	263	79	2	28	286	4	264	7.63e-131	367
373.292	261.270	68.321	262	77	2	29	286	5	264	8.99e-129	362
373.292	331.270	68.321	262	77	2	29	286	5	264	8.99e-129	362
373.292	446.269	68.061	263	77	3	28	286	4	263	3.95e-127	358
373.292	1276.269	68.061	263	77	3	28	286	4	263	3.95e-127	358
373.292	1696.270	50.965	259	114	6	29	280	5	257	1.52e-79	237
373.292	1048.93	51.087	92	45	0	185	276	1	92	1.94e-27	97.8
373.292	745.93	50.562	89	44	0	188	276	3	91	2.29e-26	94.7
373.292	449.98	40.000	95	56	1	188	281	3	97	3.29e-18	73.2
373.292	1279.98	40.000	95	56	1	188	281	3	97	3.29e-18	73.2
373.292	1000.216	38.596	114	61	3	173	277	96	209	1.52e-14	66.2
373.292	325.79	43.662	71	39	1	208	277	6	76	9.53e-12	55.1
1034.292	1034.292	100.000	292	0	0	1	292	1	292	0.0	544
1034.292	662.288	34.025	241	141	7	49	284	51	278	2.21e-36	126
1034.292	58.258	33.333	231	129	9	64	285	42	256	2.02e-27	102
1034.292	495.263	33.200	250	129	13	53	287	34	260	2.07e-25	97.1
1034.292	16.264	32.420	219	127	7	64	276	51	254	1.71e-23	92.0
1034.292	767.260	31.667	240	130	12	49	276	32	249	1.74e-22	89.0
1034.292	1255.262	32.444	225	121	11	64	276	46	251	8.73e-22	87.0
1034.292	590.256	31.020	245	136	10	53	285	31	254	4.82e-21	85.1
1034.292	425.206	33.514	185	95	8	103	276	28	195	2.99e-20	81.6
1034.292	1478.351	30.928	194	118	5	52	245	135	312	4.01e-20	84.0
1034.292	710.264	30.000	240	124	12	61	290	58	263	6.93e-20	82.0
1034.292	609.255	27.962	211	118	6	53	257	33	215	8.70e-19	79.0
1034.292	245.271	31.250	224	128	8	56	267	40	249	2.27e-18	77.8
1034.292	347.271	31.250	224	128	8	56	267	40	249	2.27e-18	77.8
1034.292	1539.355	30.256	195	118	6	52	245	139	316	4.10e-18	78.2
1034.292	938.235	28.351	194	112	6	52	244	29	196	2.33e-17	74.3
1034.292	1053.235	28.351	194	112	6	52	244	29	196	2.33e-17	74.3
1034.292	877.285	30.417	240	127	11	53	269	44	266	1.69e-16	72.8
1034.292	1084.253	29.741	232	136	9	61	287	42	251	2.91e-16	71.6
1034.292	532.273	30.932	236	127	11	68	290	58	270	3.39e-16	71.6
1034.292	1580.268	25.100	251	141	8	52	291	30	244	4.51e-16	71.2
1034.292	109.273	27.391	230	129	11	52	273	55	254	1.11e-14	67.4
1034.292	153.257	27.315	216	112	9	56	260	53	234	1.16e-14	67.0
1034.292	828.270	27.670	206	109	6	55	244	43	224	1.35e-14	67.0
1034.292	398.282	29.365	252	141	9	56	289	49	281	3.10e-14	66.2
1034.292	1662.275	27.193	228	119	9	46	257	29	225	1.12e-13	64.7
1034.292	1540.273	28.070	228	144	8	64	285	55	268	1.66e-13	63.9
1034.292	943.271	25.728	206	113	6	55	244	44	225	2.72e-13	63.5
1034.292	1477.269	29.545	220	129	12	53	264	45	246	1.26e-12	61.2
1034.292	221.271	25.561	223	137	6	58	274	58	257	3.51e-12	60.1
1034.292	1438.266	27.126	247	140	9	53	284	44	265	3.57e-12	60.1
1034.292	1614.279	28.659	164	94	5	130	281	119	271	3.38e-10	54.3
1034.292	1209.274	25.000	228	138	9	52	271	39	241	8.60e-10	53.1
1034.292	977.265	23.697	211	118	6	53	244	32	218	1.14e-09	52.8
1034.292	1296.265	23.318	223	142	6	58	274	52	251	1.45e-09	52.4
1034.292	1345.265	23.318	223	142	6	58	274	52	251	1.45e-09	52.4
1034.292	291.253	24.370	238	146	8	52	281	34	245	4.95e-09	50.4
1034.292	1406.267	24.779	226	135	7	58	274	54	253	6.24e-09	50.4
1034.292	1726.235	27.128	188	103	9	45	229	27	183	1.46e-08	48.9
1034.292	1771.257	25.000	232	138	10	55	281	46	246	7.27e-07	44.3
1213.291	1213.291	100.000	278	0	0	1	278	1	278	1.67e-164	453
1213.291	1147.254	40.223	179	102	3	80	256	69	244	4.24e-41	138
1213.291	1666.255	39.011	182	102	4	74	253	70	244	3.94e-38	130
1213.291	1720.244	39.344	183	95	5	80	257	66	237	6.16e-36	124
1213.291	536.249	36.464	181	100	5	80	253	70	242	3.19e-31	112
1213.291	764.256	34.426	183	110	5	80	257	73	250	6.18e-24	92.8
1213.291	613.214	29.600	125	66	4	114	232	88	196	2.44e-07	45.1
731.289	731.289	100.000	289	0	0	1	289	1	289	9.81e-161	444
662.288	662.288	100.000	288	0	0	1	288	1	288	0.0	593
662.288	590.256	34.146	246	151	6	19	264	2	236	3.04e-40	135
662.288	58.258	35.071	211	129	3	66	273	42	247	6.38e-38	130
662.288	1034.292	34.025	241	141	7	51	278	49	284	1.62e-36	127
662.288	1255.262	32.950	261	161	7	21	277	5	255	2.41e-36	125
662.288	495.263	34.914	232	132	7	59	280	34	256	4.45e-36	125
662.288	767.260	33.484	221	134	5	59	273	36	249	2.26e-34	120
662.288	16.264	31.298	262	161	7	19	273	5	254	2.69e-34	120
662.288	425.206	34.314	204	126	4	77	277	1	199	1.32e-33	117
662.288	1084.253	30.798	263	162	9	19	278	3	248	3.64e-28	103
662.288	398.282	32.971	276	155	9	17	272	2	267	3.24e-27	102
662.288	877.285	31.769	277	156	11	21	272	2	270	5.76e-26	99.0
662.288	938.235	32.444	225	121	10	59	280	34	230	3.17e-24	93.2
662.288	1053.235	32.444	225	121	10	59	280	34	230	3.17e-24	93.2
662.288	1478.351	30.049	203	124	4	53	252	134	321	3.66e-24	95.1
662.288	1539.355	29.412	238	146	6	46	279	131	350	5.88e-24	94.7
662.288	245.271	30.325	277	162	10	21	279	2	265	1.19e-23	92.4
662.288	347.271	30.325	277	162	10	21	279	2	265	1.19e-23	92.4
662.288	221.271	30.667	225	130	7	65	280	63	270	1.11e-22	89.7
662.288	609.255	30.738	244	130	11	21	256	5	217	7.31e-22	87.0
662.288	1296.265	30.222	225	129	8	65	279	57	263	7.78e-21	84.7
662.288	1345.265	30.222	225	129	8	65	279	57	263	7.78e-21	84.7
662.288	291.253	32.103	271	156	12	19	283	2	250	1.26e-20	83.6
662.288	109.273	29.921	254	145	10	13	256	10	240	4.22e-18	77.0
662.288	1662.275	27.984	243	143	9	22	254	5	225	6.14e-17	73.9
662.288	532.273	30.000	190	123	6	80	265	69	252	6.61e-17	73.6
662.288	1540.273	29.520	271	162	14	21	277	7	262	1.92e-16	72.4
662.288	1771.257	26.766	269	164	9	21	284	12	252	8.69e-16	70.5
662.288	1209.274	27.751	209	131	6	54	258	39	231	2.12e-15	69.3
662.288	1477.269	27.451	204	138	6	66	265	53	250	6.36e-15	68.2
662.288	1406.267	24.775	222	145	6	65	279	59	265	1.62e-14	67.0
662.288	1580.268	31.690	142	75	4	59	200	35	154	1.78e-14	66.6
662.288	710.264	25.830	271	161	9	21	275	5	251	2.16e-13	63.5
662.288	828.270	25.296	253	151	7	15	254	4	231	7.79e-13	62.0
662.288	153.257	27.273	220	136	8	59	273	54	254	1.34e-12	61.2
662.288	943.271	27.165	254	142	10	17	254	6	232	5.67e-12	59.3
662.288	977.265	25.000	264	151	14	22	267	3	237	4.10e-09	50.8
662.288	1726.235	28.571	182	100	10	21	199	3	157	6.57e-08	47.0
662.288	1438.266	23.529	238	160	6	22	254	14	234	8.30e-07	43.9
971.288	971.288	100.000	288	0	0	1	288	1	288	0.0	542
971.288	1156.280	32.967	273	156	7	21	270	9	277	2.71e-30	110
971.288	778.263	33.166	199	126	3	20	214	10	205	3.08e-30	109
971.288	10.263	35.622	233	141	6	20	247	10	238	5.02e-30	109
971.288	53.263	34.335	233	144	6	20	247	10	238	2.86e-29	107
971.288	1469.264	34.310	239	151	5	19	253	9	245	6.77e-29	106
971.288	1244.264	34.043	235	136	8	22	245	12	238	1.22e-27	102
971.288	1427.265	31.646	237	149	6	22	250	13	244	4.77e-27	101
971.288	505.265	29.167	240	161	4	17	250	8	244	7.52e-27	100
971.288	1658.266	32.365	241	153	5	32	265	23	260	5.66e-26	98.6
971.288	656.262	32.456	228	141	5	28	249	19	239	9.23e-26	97.8
971.288	525.268	31.707	246	154	6	22	257	13	254	1.75e-25	97.4
971.288	285.267	35.510	245	133	8	21	248	8	244	7.09e-23	90.1
971.288	1586.279	35.256	156	94	3	34	183	25	179	3.67e-21	85.9
1204.288	1204.288	100.000	288	0	0	1	288	1	288	0.0	599
1550.288	1550.288	100.000	288	0	0	1	288	1	288	0.0	518
169.287	169.287	100.000	287	0	0	1	287	1	287	1.13e-180	494
158.286	158.286	100.000	286	0	0	1	286	1	286	0.0	580
158.286	481.313	41.699	259	132	11	36	281	33	285	4.95e-51	165
158.286	1487.325	40.000	260	138	10	34	279	40	295	1.16e-49	162
158.286	1444.322	33.103	290	179	6	4	282	17	302	1.57e-49	162
158.286	1532.314	41.379	261	136	9	33	281	36	291	4.10e-49	160
158.286	25.315	41.406	256	139	7	31	277	30	283	4.44e-49	160
158.286	984.299	38.550	262	150	6	29	281	31	290	1.96e-47	155
158.286	1030.310	36.694	248	144	5	35	272	38	282	2.25e-47	155
158.286	63.314	40.234	256	142	7	31	277	29	282	9.03e-47	154
158.286	617.299	36.806	288	152	12	12	279	1	278	2.38e-46	152
158.286	435.316	38.951	267	147	9	26	279	23	286	1.26e-45	151
158.286	1265.316	38.951	267	147	9	26	279	23	286	1.26e-45	151
158.286	1172.301	36.145	249	144	6	38	276	39	282	1.78e-45	150
158.286	714.294	37.302	252	144	7	34	276	26	272	3.86e-45	149
158.286	1354.306	32.667	300	180	9	1	283	1	295	1.98e-44	148
158.286	113.305	37.241	290	157	10	4	279	3	281	3.02e-44	147
158.286	1766.314	37.762	286	159	12	1	272	1	281	4.17e-44	147
158.286	1305.306	32.333	300	181	9	1	283	1	295	2.91e-43	145
158.286	203.305	30.303	297	191	6	1	283	1	295	5.43e-43	144
158.286	296.296	36.704	267	150	9	26	279	26	286	4.51e-41	139
158.286	1399.304	33.220	295	170	8	8	283	9	295	9.44e-41	138
158.286	1622.315	32.881	295	176	8	9	284	9	300	4.35e-40	137
158.286	759.306	33.333	291	178	9	1	279	1	287	4.53e-40	136
158.286	540.305	31.615	291	177	9	4	279	3	286	6.90e-40	136
158.286	952.313	30.104	289	187	6	5	279	18	305	7.76e-40	136
158.286	837.313	29.758	289	188	6	5	279	18	305	1.38e-38	133
158.286	932.297	34.191	272	162	8	20	279	21	287	1.58e-38	132
158.286	1059.297	34.191	272	162	8	20	279	21	287	1.58e-38	132
158.286	670.343	32.082	293	173	9	4	272	12	302	1.67e-37	130
158.286	807.309	30.739	257	170	4	31	279	45	301	1.06e-36	128
158.286	1569.311	29.693	293	183	8	4	279	3	289	1.41e-35	125
158.286	1715.306	29.474	285	183	7	4	272	2	284	1.44e-30	111
1420.286	1420.286	100.000	286	0	0	1	286	1	286	1.80e-177	486
1420.286	1328.274	80.695	259	49	1	28	286	17	274	1.39e-140	392
877.285	877.285	100.000	285	0	0	1	285	1	285	0.0	550
877.285	398.282	64.808	287	86	8	1	283	5	280	6.56e-116	330
877.285	245.271	54.610	282	116	6	1	282	1	270	1.78e-94	275
877.285	347.271	54.610	282	116	6	1	282	1	270	1.78e-94	275
877.285	1540.273	44.755	286	139	9	1	285	6	273	1.37e-74	224
877.285	532.273	44.755	286	140	8	1	283	2	272	1.27e-71	217
877.285	1477.269	44.776	268	132	7	1	266	1	254	5.56e-68	207
877.285	495.263	37.849	251	134	10	40	285	30	263	3.19e-42	141
877.285	58.258	37.611	226	116	9	43	262	33	239	1.39e-33	118
877.285	1084.253	34.615	234	126	11	40	270	33	242	4.64e-32	114
877.285	16.264	31.818	264	155	8	1	262	6	246	8.64e-29	105
877.285	662.288	34.328	201	117	6	75	270	82	272	9.50e-26	98.2
877.285	1255.262	31.532	222	133	9	44	262	38	243	6.94e-24	92.8
877.285	767.260	30.804	224	134	9	43	262	35	241	4.92e-22	87.8
877.285	590.256	27.076	277	154	10	3	270	5	242	1.12e-19	81.3
877.285	425.206	31.522	184	114	7	82	262	13	187	2.61e-19	79.0
877.285	1034.292	30.213	235	127	10	44	261	53	267	1.44e-16	72.8
877.285	221.271	29.682	283	153	13	3	269	5	257	1.85e-16	72.4
877.285	1296.265	29.371	286	144	14	3	269	5	251	2.70e-14	66.2
877.285	1345.265	29.371	286	144	14	3	269	5	251	2.70e-14	66.2
877.285	1406.267	28.369	282	154	11	3	269	5	253	2.39e-13	63.5
877.285	938.235	26.953	256	129	13	1	251	1	203	1.66e-11	57.8
877.285	1053.235	26.953	256	129	13	1	251	1	203	1.66e-11	57.8
877.285	1662.275	26.316	247	140	11	43	282	43	254	2.85e-11	57.4
877.285	1771.257	27.542	236	127	14	43	273	47	243	1.35e-09	52.4
877.285	1580.268	26.630	184	101	6	43	225	34	184	4.27e-09	50.8
877.285	1209.274	26.512	215	132	9	43	256	43	232	8.88e-09	50.1
877.285	1539.355	29.148	223	118	13	56	273	155	342	1.61e-08	49.7
877.285	1478.351	25.820	244	124	11	43	273	139	338	1.69e-07	46.2
515.284	515.284	100.000	284	0	0	1	284	1	284	0.0	518
1249.283	1249.283	100.000	283	0	0	1	283	1	283	0.0	517
1249.283	1097.117	45.455	55	23	2	24	71	47	101	1.67e-08	47.0
1249.283	456.216	46.296	54	20	1	24	68	141	194	3.39e-08	47.8
1249.283	1286.216	46.296	54	20	1	24	68	141	194	3.39e-08	47.8
1249.283	1019.115	42.593	54	25	2	24	71	46	99	4.36e-07	42.7
398.282	398.282	100.000	282	0	0	1	282	1	282	0.0	507
398.282	877.285	62.847	288	90	8	5	280	1	283	1.64e-112	321
398.282	245.271	46.931	277	138	5	5	279	1	270	6.06e-73	220
398.282	347.271	46.931	277	138	5	5	279	1	270	6.06e-73	220
398.282	1540.273	43.158	285	146	8	1	282	2	273	1.93e-64	198
398.282	532.273	45.390	282	139	10	4	280	1	272	2.12e-57	180
398.282	1477.269	44.922	256	125	9	29	280	24	267	2.41e-56	177
398.282	495.263	40.574	244	128	10	46	282	30	263	1.35e-42	142
398.282	58.258	36.404	228	122	9	49	268	33	245	2.83e-26	99.0
398.282	662.288	32.353	272	162	7	2	267	17	272	4.68e-26	99.0
398.282	16.264	32.864	213	129	6	51	259	44	246	4.76e-23	90.5
398.282	767.260	34.802	227	127	9	49	268	35	247	3.44e-22	88.2
398.282	1255.262	34.667	225	128	9	50	268	38	249	1.53e-21	86.3
398.282	1084.253	30.797	276	155	12	6	275	5	250	1.79e-21	85.9
398.282	425.206	34.375	192	115	6	82	268	8	193	3.85e-19	78.6
398.282	590.256	30.075	266	155	10	6	267	4	242	2.82e-18	77.0
398.282	1034.292	29.365	252	141	9	49	281	56	289	4.60e-14	65.9
398.282	1662.275	27.451	255	146	11	38	279	26	254	1.80e-11	57.8
398.282	1406.267	30.112	269	161	11	6	266	4	253	2.28e-11	57.8
398.282	221.271	30.698	215	115	10	61	266	68	257	2.55e-11	57.4
398.282	938.235	29.952	207	112	10	49	253	33	208	7.20e-11	55.8
398.282	1053.235	29.952	207	112	10	49	253	33	208	7.20e-11	55.8
398.282	1296.265	30.698	215	115	10	61	266	62	251	1.92e-10	54.7
398.282	1345.265	30.698	215	115	10	61	266	62	251	1.92e-10	54.7
398.282	609.255	23.744	219	115	8	49	251	36	218	4.53e-09	50.8
398.282	816.261	28.671	143	85	3	50	192	35	160	5.22e-08	47.4
398.282	977.265	26.667	210	125	8	49	248	35	225	9.94e-08	46.6
398.282	1539.355	29.048	210	127	9	61	270	155	342	3.50e-07	45.4
398.282	1209.274	29.932	147	79	6	49	191	43	169	5.36e-07	44.7
277.281	277.281	100.000	281	0	0	1	281	1	281	0.0	583
1614.279	1614.279	100.000	248	0	0	18	265	18	265	0.0	509
1614.279	1438.266	42.683	246	134	2	21	261	8	251	1.64e-62	193
1614.279	609.255	39.336	211	102	7	53	253	29	223	2.16e-36	125
1614.279	828.270	34.043	235	141	4	22	248	6	234	5.77e-34	119
1614.279	1580.268	33.878	245	138	7	26	265	3	228	3.19e-33	117
1614.279	943.271	33.891	239	137	7	22	248	6	235	2.53e-32	115
1614.279	938.235	36.475	244	133	9	25	265	1	225	2.57e-31	111
1614.279	1053.235	36.475	244	133	9	25	265	1	225	2.57e-31	111
1614.279	109.273	31.200	250	153	7	25	265	20	259	6.03e-31	111
1614.279	816.261	36.800	250	136	10	25	265	2	238	3.52e-28	103
1614.279	291.253	34.821	224	131	5	26	244	4	217	1.37e-25	97.1
1614.279	1662.275	33.898	236	141	8	22	250	4	231	2.05e-24	94.4
1614.279	977.265	30.252	238	147	8	27	251	3	234	9.13e-23	89.7
1614.279	153.257	32.821	195	120	4	50	243	43	227	3.00e-21	85.5
1614.279	1255.262	30.380	237	144	6	26	247	5	235	1.01e-20	84.0
1614.279	767.260	31.364	220	124	6	47	247	22	233	2.99e-20	82.8
1614.279	58.258	29.858	211	129	6	49	244	22	228	6.49e-17	73.2
1614.279	710.264	30.112	269	134	11	26	265	5	248	5.72e-16	70.9
1614.279	1209.274	29.902	204	125	7	51	245	34	228	5.81e-16	70.9
1614.279	1084.253	26.446	242	147	8	26	251	5	231	9.58e-16	70.1
1614.279	1168.253	28.755	233	139	10	25	248	6	220	1.78e-15	69.3
1614.279	425.206	31.765	170	98	4	92	247	14	179	8.44e-15	66.6
1614.279	1726.235	31.156	199	112	8	26	218	3	182	1.22e-14	66.6
1614.279	590.256	28.629	248	147	9	26	256	4	238	2.83e-14	65.9
1614.279	495.263	26.840	231	138	9	49	256	22	244	2.52e-11	57.4
1614.279	1478.351	26.887	212	123	9	59	256	138	331	1.76e-10	55.5
1614.279	16.264	24.111	253	152	7	22	249	3	240	3.45e-10	53.9
1614.279	1539.355	26.087	207	131	7	59	256	142	335	1.67e-09	52.4
1614.279	1034.292	27.632	152	90	4	116	256	127	269	7.29e-09	50.1
1614.279	532.273	26.699	206	122	8	60	245	46	242	3.58e-08	48.1
1614.279	1406.267	25.714	210	137	8	63	264	55	253	1.21e-07	46.6
1614.279	1296.265	26.190	210	136	8	63	264	53	251	3.74e-07	45.1
1614.279	1345.265	26.190	210	136	8	63	264	53	251	3.74e-07	45.1
682.278	682.278	100.000	278	0	0	1	278	1	278	0.0	573
226.276	226.276	100.000	276	0	0	1	276	1	276	0.0	570
99.275	99.275	100.000	275	0	0	1	275	1	275	0.0	502
1479.275	1479.275	100.000	275	0	0	1	275	1	275	0.0	503
1479.275	395.255	29.200	250	164	6	27	274	13	251	5.47e-22	87.4
1479.275	1538.253	55.738	61	24	2	1	58	1	61	5.20e-14	65.1
1662.275	1662.275	100.000	275	0	0	1	275	1	275	0.0	558
1662.275	1209.274	48.375	277	129	3	1	272	1	268	4.75e-83	246
1662.275	938.235	38.197	233	119	6	4	234	3	212	1.56e-47	153
1662.275	1053.235	38.197	233	119	6	4	234	3	212	1.56e-47	153
1662.275	609.255	37.500	280	130	11	3	270	5	251	2.62e-47	154
1662.275	109.273	32.895	228	139	6	5	227	22	240	3.21e-32	115
1662.275	291.253	36.475	244	123	7	1	232	1	224	4.25e-31	111
1662.275	1726.235	33.333	231	124	8	1	227	1	205	1.50e-30	109
1662.275	816.261	34.874	238	129	8	1	227	1	223	5.74e-30	108
1662.275	828.270	32.857	280	149	10	10	273	13	269	9.77e-30	108
1662.275	1580.268	40.244	164	84	4	1	163	1	151	9.08e-29	105
1662.275	153.257	33.511	188	117	3	40	225	50	231	1.11e-28	105
1662.275	977.265	32.653	245	135	9	5	233	3	233	1.42e-28	105
1662.275	1438.266	34.263	251	129	12	5	237	14	246	5.85e-28	103
1662.275	943.271	32.593	270	143	10	5	260	11	255	6.87e-28	103
1662.275	1771.257	31.760	233	131	7	3	227	12	224	6.25e-26	97.8
1662.275	710.264	32.099	243	141	9	2	232	4	234	9.44e-26	97.4
1662.275	1614.279	33.898	236	141	8	4	231	22	250	1.84e-24	94.4
1662.275	590.256	32.520	246	129	10	1	227	1	228	4.43e-23	90.1
1662.275	58.258	33.005	203	109	7	43	225	33	228	3.00e-22	88.2
1662.275	767.260	32.927	246	122	10	3	225	5	230	3.13e-22	87.8
1662.275	1255.262	32.932	249	126	10	1	225	1	232	3.82e-22	87.8
1662.275	1478.351	31.556	225	117	9	32	233	128	338	7.93e-22	88.2
1662.275	16.264	33.603	247	122	12	3	225	7	235	6.67e-21	84.3
1662.275	425.206	35.057	174	82	6	73	225	13	176	4.90e-20	80.9
1662.275	1539.355	29.817	218	119	8	32	234	132	330	1.17e-18	79.3
1662.275	1168.253	28.879	232	135	6	5	227	8	218	5.56e-17	73.6
1662.275	662.288	27.984	243	143	9	5	225	22	254	5.86e-17	73.9
1662.275	495.263	29.960	247	132	12	4	227	3	231	1.29e-16	72.4
1662.275	532.273	35.556	135	69	4	43	160	46	179	9.94e-15	67.4
1662.275	221.271	30.729	192	111	8	46	225	59	240	3.56e-14	65.9
1662.275	1296.265	30.705	241	139	10	3	225	4	234	5.82e-14	65.1
1662.275	1345.265	30.705	241	139	10	3	225	4	234	5.82e-14	65.1
1662.275	1034.292	26.754	228	120	9	29	225	46	257	7.19e-14	65.1
1662.275	245.271	26.897	290	152	12	4	254	2	270	7.01e-13	62.0
1662.275	347.271	26.897	290	152	12	4	254	2	270	7.01e-13	62.0
1662.275	398.282	26.829	287	162	12	3	254	6	279	1.69e-12	60.8
1662.275	1406.267	27.347	245	144	11	3	225	4	236	5.88e-12	59.3
1662.275	877.285	25.172	290	169	13	4	254	2	282	7.40e-12	58.9
1662.275	1084.253	26.446	242	141	11	3	227	5	226	5.99e-11	56.2
1662.275	1477.269	32.022	178	97	8	4	160	3	177	1.41e-10	55.1
1662.275	1540.273	33.636	110	62	4	43	142	46	154	7.63e-08	47.0
1209.274	1209.274	100.000	274	0	0	1	274	1	274	0.0	525
1209.274	1662.275	48.375	277	129	3	1	268	1	272	4.74e-83	246
1209.274	938.235	41.860	215	107	7	32	244	22	220	1.27e-47	154
1209.274	1053.235	41.860	215	107	7	32	244	22	220	1.27e-47	154
1209.274	609.255	38.750	240	123	7	36	267	29	252	3.76e-45	148
1209.274	153.257	33.333	195	118	5	40	231	50	235	3.79e-28	103
1209.274	291.253	34.361	227	136	5	3	228	4	218	5.57e-28	103
1209.274	816.261	33.607	244	136	7	1	234	1	228	5.93e-27	100
1209.274	1771.257	33.503	197	116	4	43	236	47	231	1.54e-26	99.4
1209.274	828.270	32.806	253	134	10	27	266	37	266	1.90e-26	99.8
1209.274	109.273	32.766	235	135	7	3	229	21	240	1.97e-26	99.8
1209.274	943.271	31.950	241	130	9	27	256	38	255	2.57e-25	96.7
1209.274	1438.266	33.197	244	136	11	32	266	36	261	5.28e-24	92.8
1209.274	1580.268	35.156	256	125	10	1	250	1	221	1.74e-23	91.7
1209.274	710.264	30.705	241	141	8	2	230	4	230	5.36e-22	87.4
1209.274	58.258	32.057	209	121	7	40	232	30	233	1.89e-21	85.9
1209.274	1478.351	30.457	197	114	5	39	226	135	317	3.03e-20	84.0
1209.274	977.265	32.870	216	123	8	34	235	26	233	9.31e-20	81.3
1209.274	590.256	33.333	219	112	10	43	240	34	239	4.36e-19	79.3
1209.274	767.260	31.797	217	123	10	32	231	26	234	7.26e-18	75.9
1209.274	1255.262	33.333	204	114	10	44	230	38	236	7.61e-18	75.9
1209.274	1406.267	29.825	228	128	10	46	262	55	261	4.08e-17	73.9
1209.274	1726.235	30.769	234	128	10	1	229	1	205	5.95e-17	73.2
1209.274	425.206	34.104	173	94	8	73	230	13	180	9.74e-17	72.0
1209.274	221.271	31.122	196	117	7	46	232	59	245	2.56e-16	71.6
1209.274	1614.279	29.902	204	125	7	34	228	51	245	3.82e-16	71.2
1209.274	16.264	31.034	203	117	8	45	231	44	239	6.30e-16	70.5
1209.274	495.263	30.097	206	126	10	41	231	31	233	1.61e-15	69.3
1209.274	662.288	27.751	209	131	6	39	231	54	258	2.02e-15	69.3
1209.274	1539.355	27.273	198	119	5	39	226	139	321	8.31e-15	68.2
1209.274	1168.253	27.895	190	121	4	43	229	42	218	1.01e-14	67.0
1209.274	1296.265	29.744	195	121	7	46	232	53	239	1.61e-13	63.5
1209.274	1345.265	29.744	195	121	7	46	232	53	239	1.61e-13	63.5
1209.274	532.273	29.630	216	129	9	43	241	46	255	2.84e-10	54.3
1209.274	1034.292	25.000	228	138	9	39	241	52	271	9.89e-10	52.8
1209.274	877.285	26.512	215	132	9	43	232	43	256	7.65e-09	50.1
1209.274	1084.253	28.571	203	125	9	42	232	35	229	3.32e-08	48.1
1209.274	398.282	29.932	147	79	6	43	169	49	191	5.06e-08	47.8
1209.274	245.271	29.524	105	58	3	28	121	30	129	6.79e-08	47.0
1209.274	347.271	29.524	105	58	3	28	121	30	129	6.79e-08	47.0
1209.274	1540.273	33.333	105	64	4	43	142	46	149	1.28e-07	46.2
1232.274	1232.274	100.000	274	0	0	1	274	1	274	0.0	560
1328.274	1328.274	100.000	274	0	0	1	274	1	274	0.0	501
1328.274	1420.286	80.460	261	50	1	15	274	26	286	3.93e-132	370
109.273	109.273	100.000	273	0	0	1	273	1	273	0.0	520
109.273	153.257	39.130	207	121	3	51	255	45	248	4.62e-46	150
109.273	710.264	35.859	198	122	4	62	259	56	248	5.25e-37	127
109.273	1168.253	33.981	206	131	3	57	262	40	240	8.56e-35	121
109.273	609.255	32.411	253	144	7	18	259	2	238	1.31e-29	107
109.273	1614.279	31.963	219	134	5	51	259	52	265	3.89e-29	107
109.273	1662.275	33.503	197	118	5	52	240	36	227	5.19e-28	103
109.273	938.235	33.175	211	129	6	54	262	28	228	4.59e-27	100
109.273	1053.235	33.175	211	129	6	54	262	28	228	4.59e-27	100
109.273	1209.274	33.000	200	113	6	54	240	38	229	5.18e-26	98.6
109.273	828.270	32.889	225	126	7	57	266	42	256	7.36e-25	95.1
109.273	1580.268	34.409	186	112	5	54	238	29	205	8.37e-25	95.1
109.273	943.271	33.491	212	120	5	57	253	43	248	1.18e-24	94.7
109.273	767.260	33.333	204	118	5	56	242	32	234	3.39e-23	90.5
109.273	1438.266	27.907	258	162	6	11	254	3	250	1.05e-21	86.7
109.273	590.256	28.641	206	134	4	59	251	34	239	1.54e-21	85.9
109.273	816.261	33.503	197	105	9	61	240	36	223	1.46e-20	83.6
109.273	977.265	28.821	229	144	6	56	269	32	256	8.80e-19	78.6
109.273	58.258	30.151	199	121	5	59	240	33	230	1.53e-18	77.8
109.273	1539.355	29.717	212	132	7	48	250	132	335	1.91e-18	78.6
109.273	16.264	29.648	199	122	5	61	243	44	240	5.49e-18	76.3
109.273	1771.257	30.189	265	153	11	11	264	2	245	7.66e-18	75.9
109.273	1478.351	29.767	215	129	9	55	258	135	338	5.03e-17	74.7
109.273	291.253	27.749	191	128	2	54	239	33	218	6.58e-17	73.2
109.273	495.263	28.704	216	130	9	57	250	31	244	3.95e-16	71.2
109.273	1255.262	30.303	198	122	4	60	241	38	235	4.66e-16	70.9
109.273	1726.235	29.717	212	129	9	51	257	28	224	4.58e-15	67.8
109.273	662.288	29.134	254	147	10	10	240	13	256	1.21e-14	67.0
109.273	425.206	30.675	163	98	4	95	242	18	180	1.24e-14	65.9
109.273	1034.292	27.391	230	129	11	55	254	52	273	1.89e-14	66.6
109.273	532.273	30.000	220	124	10	59	256	46	257	8.56e-14	64.7
109.273	1406.267	25.352	213	148	7	62	267	55	263	6.82e-13	62.0
109.273	1296.265	24.766	214	148	8	62	267	53	261	2.04e-10	54.7
109.273	1345.265	24.766	214	148	8	62	267	53	261	2.04e-10	54.7
109.273	1084.253	25.909	220	139	6	58	262	35	245	3.03e-09	51.2
109.273	1477.269	28.111	217	131	9	59	253	44	257	1.16e-08	49.3
109.273	221.271	23.832	214	150	7	62	267	59	267	4.79e-08	47.8
109.273	245.271	25.551	227	139	9	57	259	38	258	8.95e-08	46.6
109.273	347.271	25.551	227	139	9	57	259	38	258	8.95e-08	46.6
217.273	217.273	100.000	273	0	0	1	273	1	273	1.82e-179	490
532.273	532.273	100.000	273	0	0	1	273	1	273	0.0	535
532.273	1477.269	61.314	274	96	6	2	272	1	267	1.78e-113	323
532.273	1540.273	60.073	273	100	7	2	272	6	271	9.45e-113	321
532.273	245.271	49.458	277	126	6	2	271	1	270	4.56e-84	248
532.273	347.271	49.458	277	126	6	2	271	1	270	4.56e-84	248
532.273	877.285	46.154	286	136	8	2	272	1	283	2.70e-75	226
532.273	398.282	46.667	285	131	12	1	272	4	280	1.93e-63	196
532.273	495.263	39.241	237	132	10	43	272	30	261	5.04e-43	142
532.273	1084.253	40.948	232	118	9	43	269	33	250	7.74e-42	139
532.273	58.258	38.532	218	119	9	43	252	29	239	1.62e-38	130
532.273	767.260	34.434	212	129	7	46	252	35	241	1.21e-31	113
532.273	1255.262	35.681	213	123	8	47	252	38	243	1.84e-30	110
532.273	16.264	35.096	208	127	6	48	252	44	246	2.02e-29	107
532.273	425.206	35.326	184	111	5	73	252	8	187	5.97e-28	102
532.273	590.256	33.333	210	131	7	45	251	33	236	8.51e-25	94.7
532.273	1406.267	32.443	262	156	10	3	257	4	251	1.18e-22	89.4
532.273	221.271	33.210	271	146	13	3	257	4	255	8.58e-21	84.3
532.273	1296.265	32.319	263	153	11	3	257	4	249	5.11e-20	82.0
532.273	1345.265	32.319	263	153	11	3	257	4	249	5.11e-20	82.0
532.273	938.235	27.863	262	150	10	2	262	1	224	1.10e-18	77.8
532.273	1053.235	27.863	262	150	10	2	262	1	224	1.10e-18	77.8
532.273	609.255	29.091	220	132	6	46	261	36	235	9.46e-18	75.5
532.273	662.288	30.000	190	123	6	69	252	80	265	6.27e-17	73.6
532.273	1580.268	33.333	237	99	13	44	262	32	227	6.53e-17	73.6
532.273	1034.292	30.932	236	127	11	58	270	68	290	2.71e-16	72.0
532.273	816.261	32.212	208	113	9	47	244	35	224	3.64e-16	71.2
532.273	1478.351	32.184	174	99	8	61	231	154	311	1.72e-15	70.1
532.273	1662.275	35.556	135	69	4	46	179	43	160	9.86e-15	67.4
532.273	1539.355	31.073	177	103	7	58	231	155	315	1.21e-14	67.8
532.273	109.273	30.000	220	124	10	46	257	59	256	8.40e-14	64.7
532.273	1771.257	27.488	211	125	9	46	252	47	233	2.59e-11	57.4
532.273	291.253	27.982	218	129	8	46	255	38	235	9.88e-11	55.5
532.273	1209.274	29.630	216	129	9	46	255	43	241	2.82e-10	54.3
532.273	977.265	32.143	140	79	4	46	183	35	160	3.82e-10	53.9
532.273	153.257	33.094	139	75	7	46	182	53	175	2.51e-09	51.2
532.273	1168.253	26.108	203	115	7	46	241	42	216	3.42e-09	50.8
532.273	1726.235	28.777	139	76	5	44	179	34	152	9.71e-09	49.3
532.273	828.270	28.571	140	84	5	45	183	43	167	5.00e-08	47.4
532.273	1614.279	26.699	206	122	8	46	242	60	245	5.24e-08	47.4
532.273	710.264	25.926	189	117	7	54	241	61	227	8.21e-08	47.0
532.273	943.271	27.143	140	86	5	45	183	44	168	1.60e-07	46.2
1540.273	1540.273	100.000	273	0	0	1	273	1	273	0.0	532
1540.273	1477.269	67.635	241	74	2	32	271	30	267	2.03e-118	335
1540.273	532.273	63.180	239	84	4	36	271	35	272	2.56e-108	310
1540.273	245.271	50.417	240	109	5	39	270	33	270	6.28e-77	230
1540.273	347.271	50.417	240	109	5	39	270	33	270	6.28e-77	230
1540.273	877.285	45.833	264	125	9	27	273	23	285	4.87e-72	218
1540.273	398.282	43.158	285	146	8	2	273	1	282	1.51e-64	199
1540.273	495.263	39.916	238	132	8	43	273	30	263	1.70e-44	146
1540.273	58.258	40.930	215	110	8	46	251	33	239	2.30e-38	130
1540.273	767.260	38.498	213	118	7	46	251	35	241	2.16e-34	120
1540.273	1255.262	37.264	212	120	7	47	251	38	243	1.13e-30	110
1540.273	1084.253	35.000	220	126	8	43	257	33	240	1.48e-28	104
1540.273	16.264	35.096	208	126	5	48	251	44	246	1.51e-28	105
1540.273	425.206	36.957	184	106	5	74	251	8	187	1.87e-27	100
1540.273	590.256	30.806	211	134	7	45	250	33	236	1.51e-19	80.5
1540.273	662.288	30.837	227	138	11	47	262	59	277	2.09e-16	72.4
1540.273	1034.292	28.070	228	144	8	55	268	64	285	1.70e-13	63.9
1540.273	1478.351	29.545	220	124	12	59	268	151	349	2.35e-12	60.8
1540.273	1539.355	29.747	158	94	6	59	212	155	299	2.44e-11	57.8
1540.273	938.235	29.534	193	107	8	55	244	41	207	1.11e-10	55.1
1540.273	1053.235	29.534	193	107	8	55	244	41	207	1.11e-10	55.1
1540.273	221.271	28.638	213	132	11	59	266	68	265	3.19e-10	54.3
1540.273	1406.267	27.230	213	135	9	59	266	64	261	3.52e-10	53.9
1540.273	1296.265	27.700	213	134	10	59	266	62	259	9.70e-10	52.8
1540.273	1345.265	27.700	213	134	10	59	266	62	259	9.70e-10	52.8
1540.273	609.255	28.638	213	103	10	46	241	36	216	9.10e-09	49.7
1540.273	816.261	27.941	136	84	4	50	183	37	160	1.69e-08	48.9
1540.273	1580.268	26.351	148	81	5	44	186	32	156	3.49e-08	48.1
1540.273	1662.275	34.545	110	61	5	46	154	43	142	8.86e-08	47.0
1540.273	1209.274	33.333	105	64	4	46	149	43	142	1.20e-07	46.6
1540.273	1726.235	27.778	216	123	10	31	243	21	206	1.57e-07	45.8
1540.273	291.253	27.273	253	158	11	7	254	4	235	1.77e-07	45.8
1540.273	977.265	29.412	153	78	6	71	205	60	200	4.19e-07	44.7
89.272	89.272	100.000	272	0	0	1	272	1	272	0.0	533
186.271	186.271	100.000	271	0	0	1	271	1	271	0.0	542
221.271	221.271	100.000	271	0	0	1	271	1	271	0.0	510
221.271	1296.265	86.347	271	31	1	1	271	1	265	1.57e-170	467
221.271	1345.265	86.347	271	31	1	1	271	1	265	1.57e-170	467
221.271	1406.267	76.753	271	59	1	1	271	1	267	7.38e-153	422
221.271	58.258	34.951	206	118	5	65	257	43	245	2.74e-32	114
221.271	938.235	31.905	210	129	5	59	268	36	231	3.15e-29	105
221.271	1053.235	31.905	210	129	5	59	268	36	231	3.15e-29	105
221.271	767.260	34.314	204	116	6	68	257	48	247	2.14e-28	104
221.271	16.264	33.500	200	121	4	68	257	55	252	6.65e-27	100
221.271	1255.262	32.394	213	119	7	62	257	45	249	1.83e-23	91.3
221.271	662.288	30.667	225	130	7	63	270	65	280	1.05e-22	89.7
221.271	1580.268	30.275	218	130	7	59	270	37	238	1.87e-22	88.6
221.271	425.206	32.292	192	106	6	83	257	9	193	4.09e-22	86.3
221.271	1084.253	31.317	281	144	12	2	268	3	248	4.70e-22	87.4
221.271	495.263	31.140	228	131	10	47	257	29	247	6.48e-21	84.3
221.271	532.273	33.210	271	146	13	4	255	3	257	8.51e-21	84.3
221.271	1209.274	31.122	196	117	7	59	245	46	232	2.53e-16	71.6
221.271	877.285	29.682	283	153	13	5	257	3	269	3.26e-16	71.6
221.271	1477.269	30.597	268	154	12	5	255	3	255	3.62e-16	71.2
221.271	590.256	29.208	202	128	6	66	256	45	242	1.89e-15	68.9
221.271	398.282	30.714	280	149	14	4	257	6	266	1.22e-14	67.0
221.271	1662.275	30.729	192	111	8	59	240	46	225	3.50e-14	65.9
221.271	1726.235	27.083	240	137	8	4	242	3	205	3.90e-14	65.1
221.271	710.264	26.961	204	132	7	59	257	56	247	6.91e-14	64.7
221.271	1478.351	27.064	218	141	8	58	269	141	346	1.14e-13	64.7
221.271	1539.355	26.316	209	136	8	68	270	155	351	6.80e-13	62.4
221.271	609.255	25.641	234	132	9	59	270	39	252	7.53e-13	61.6
221.271	1034.292	25.561	223	137	6	58	257	58	274	2.91e-12	60.5
221.271	245.271	29.744	195	114	8	79	257	70	257	3.21e-11	57.0
221.271	347.271	29.744	195	114	8	79	257	70	257	3.21e-11	57.0
221.271	1540.273	28.638	213	132	11	68	265	59	266	2.06e-10	54.7
221.271	291.253	27.404	208	132	5	59	257	41	238	4.13e-10	53.5
221.271	153.257	30.714	140	90	4	106	244	102	235	4.00e-09	50.8
221.271	1771.257	26.364	220	131	9	59	268	50	248	7.52e-09	50.1
221.271	816.261	25.389	193	125	7	59	240	37	221	9.09e-09	49.7
221.271	109.273	23.832	214	150	7	59	267	62	267	5.51e-08	47.4
245.271	245.271	100.000	271	0	0	1	271	1	271	0.0	529
245.271	347.271	100.000	271	0	0	1	271	1	271	0.0	529
245.271	877.285	54.610	282	116	6	1	270	1	282	1.09e-96	281
245.271	1477.269	50.000	260	118	4	1	254	1	254	3.69e-79	235
245.271	532.273	50.820	244	111	4	29	270	35	271	5.87e-79	235
245.271	1540.273	50.417	240	109	5	33	270	39	270	2.42e-77	231
245.271	398.282	46.931	277	138	5	1	270	5	279	1.95e-74	224
245.271	495.263	40.000	245	128	9	34	270	27	260	5.79e-41	137
245.271	58.258	37.959	245	120	11	40	271	33	258	2.60e-35	122
245.271	1084.253	36.325	234	123	11	37	263	33	247	3.12e-32	114
245.271	1255.262	35.874	223	113	10	41	250	38	243	8.88e-30	108
245.271	767.260	36.406	217	122	7	40	250	35	241	2.77e-29	106
245.271	425.206	35.176	199	103	8	64	250	3	187	9.01e-27	99.0
245.271	16.264	29.528	254	162	8	1	250	6	246	3.15e-24	93.6
245.271	662.288	31.760	233	141	8	41	266	59	280	2.17e-23	91.7
245.271	590.256	33.617	235	133	12	40	267	34	252	1.35e-22	89.0
245.271	1034.292	30.804	224	129	8	40	249	56	267	1.73e-18	78.2
245.271	1539.355	29.204	226	134	10	38	261	141	342	7.99e-12	59.3
245.271	1662.275	27.092	251	128	10	38	270	41	254	1.98e-11	57.8
245.271	938.235	25.926	243	144	10	1	243	1	207	2.48e-11	57.0
245.271	1053.235	25.926	243	144	10	1	243	1	207	2.48e-11	57.0
245.271	977.265	26.761	284	161	13	1	267	1	254	4.20e-11	56.6
245.271	1406.267	29.592	196	113	8	70	257	75	253	4.72e-11	56.6
245.271	221.271	29.744	195	114	8	70	257	79	257	5.43e-11	56.2
245.271	1296.265	28.497	193	119	7	70	257	73	251	5.76e-10	53.1
245.271	1345.265	28.497	193	119	7	70	257	73	251	5.76e-10	53.1
245.271	1771.257	25.108	231	138	11	40	265	47	247	7.24e-10	52.8
245.271	291.253	29.091	220	132	10	38	253	36	235	4.24e-09	50.4
245.271	609.255	27.317	205	123	9	40	241	36	217	7.16e-09	50.1
245.271	109.273	25.000	264	168	9	1	258	20	259	6.15e-08	47.4
245.271	1209.274	29.524	105	58	3	30	129	28	121	6.59e-08	47.4
245.271	828.270	28.000	225	130	13	38	253	42	243	1.45e-07	46.2
245.271	943.271	27.037	270	146	15	1	253	9	244	1.46e-07	46.2
245.271	1580.268	26.966	178	97	8	40	214	34	181	1.76e-07	45.8
347.271	245.271	100.000	271	0	0	1	271	1	271	0.0	529
347.271	347.271	100.000	271	0	0	1	271	1	271	0.0	529
347.271	877.285	54.610	282	116	6	1	270	1	282	1.09e-96	281
347.271	1477.269	50.000	260	118	4	1	254	1	254	3.69e-79	235
347.271	532.273	50.820	244	111	4	29	270	35	271	5.87e-79	235
347.271	1540.273	50.417	240	109	5	33	270	39	270	2.42e-77	231
347.271	398.282	46.931	277	138	5	1	270	5	279	1.95e-74	224
347.271	495.263	40.000	245	128	9	34	270	27	260	5.79e-41	137
347.271	58.258	37.959	245	120	11	40	271	33	258	2.60e-35	122
347.271	1084.253	36.325	234	123	11	37	263	33	247	3.12e-32	114
347.271	1255.262	35.874	223	113	10	41	250	38	243	8.88e-30	108
347.271	767.260	36.406	217	122	7	40	250	35	241	2.77e-29	106
347.271	425.206	35.176	199	103	8	64	250	3	187	9.01e-27	99.0
347.271	16.264	29.528	254	162	8	1	250	6	246	3.15e-24	93.6
347.271	662.288	31.760	233	141	8	41	266	59	280	2.17e-23	91.7
347.271	590.256	33.617	235	133	12	40	267	34	252	1.35e-22	89.0
347.271	1034.292	30.804	224	129	8	40	249	56	267	1.73e-18	78.2
347.271	1539.355	29.204	226	134	10	38	261	141	342	7.99e-12	59.3
347.271	1662.275	27.092	251	128	10	38	270	41	254	1.98e-11	57.8
347.271	938.235	25.926	243	144	10	1	243	1	207	2.48e-11	57.0
347.271	1053.235	25.926	243	144	10	1	243	1	207	2.48e-11	57.0
347.271	977.265	26.761	284	161	13	1	267	1	254	4.20e-11	56.6
347.271	1406.267	29.592	196	113	8	70	257	75	253	4.72e-11	56.6
347.271	221.271	29.744	195	114	8	70	257	79	257	5.43e-11	56.2
347.271	1296.265	28.497	193	119	7	70	257	73	251	5.76e-10	53.1
347.271	1345.265	28.497	193	119	7	70	257	73	251	5.76e-10	53.1
347.271	1771.257	25.108	231	138	11	40	265	47	247	7.24e-10	52.8
347.271	291.253	29.091	220	132	10	38	253	36	235	4.24e-09	50.4
347.271	609.255	27.317	205	123	9	40	241	36	217	7.16e-09	50.1
347.271	109.273	25.000	264	168	9	1	258	20	259	6.15e-08	47.4
347.271	1209.274	29.524	105	58	3	30	129	28	121	6.59e-08	47.4
347.271	828.270	28.000	225	130	13	38	253	42	243	1.45e-07	46.2
347.271	943.271	27.037	270	146	15	1	253	9	244	1.46e-07	46.2
347.271	1580.268	26.966	178	97	8	40	214	34	181	1.76e-07	45.8
943.271	943.271	100.000	271	0	0	1	271	1	271	0.0	553
943.271	828.270	88.930	271	29	1	1	271	1	270	0.0	501
943.271	816.261	44.195	267	133	9	9	268	2	259	1.12e-64	198
943.271	977.265	40.075	267	149	6	9	268	1	263	1.64e-58	182
943.271	609.255	37.037	270	137	9	9	267	4	251	1.40e-43	144
943.271	938.235	40.265	226	112	7	11	235	3	206	8.28e-40	133
943.271	1053.235	40.265	226	112	7	11	235	3	206	8.28e-40	133
943.271	1438.266	33.210	271	154	8	9	270	12	264	1.14e-33	118
943.271	153.257	32.677	254	148	7	1	253	15	246	1.11e-32	115
943.271	1614.279	33.891	239	137	7	6	235	22	248	3.06e-32	115
943.271	1580.268	33.460	263	144	10	10	269	3	237	1.30e-30	110
943.271	1662.275	32.982	285	150	11	11	270	5	273	2.19e-29	107
943.271	109.273	33.460	263	147	8	8	257	19	266	8.24e-29	105
943.271	1209.274	32.411	253	135	10	38	267	27	266	1.58e-26	99.8
943.271	1168.253	31.579	266	149	8	10	268	7	246	2.49e-24	93.6
943.271	1771.257	29.832	238	139	7	8	237	10	227	2.05e-23	90.9
943.271	291.253	30.500	200	121	3	39	233	32	218	5.66e-23	89.7
943.271	1726.235	28.070	228	136	8	10	234	3	205	3.49e-19	79.0
943.271	58.258	28.079	203	124	5	45	232	33	228	6.54e-18	75.9
943.271	1255.262	27.907	258	158	7	9	250	3	248	7.62e-18	75.9
943.271	710.264	24.229	227	147	6	47	270	55	259	2.70e-16	71.6
943.271	16.264	29.719	249	135	12	7	232	4	235	2.92e-16	71.6
943.271	590.256	28.800	250	134	9	9	235	1	229	3.87e-15	68.2
943.271	1034.292	25.728	206	113	6	44	225	55	244	2.01e-13	63.5
943.271	425.206	27.363	201	123	5	64	250	1	192	6.85e-13	60.8
943.271	662.288	27.165	254	142	10	6	232	17	254	4.85e-12	59.7
943.271	767.260	25.194	258	162	7	9	250	4	246	8.32e-12	58.5
943.271	1084.253	26.582	237	143	9	10	232	5	224	6.58e-11	55.8
943.271	495.263	28.182	220	121	13	56	252	45	250	1.73e-09	52.0
943.271	1478.351	24.490	196	122	5	45	231	139	317	9.88e-09	50.1
943.271	245.271	26.871	294	153	17	11	269	2	268	5.83e-08	47.4
943.271	347.271	26.871	294	153	17	11	269	2	268	5.83e-08	47.4
943.271	1539.355	24.201	219	137	8	43	250	141	341	7.05e-08	47.4
943.271	532.273	27.143	140	86	5	44	168	45	183	1.43e-07	46.2
190.270	190.270	100.000	270	0	0	1	270	1	270	0.0	563
190.270	489.97	48.387	62	31	1	16	77	13	73	1.22e-15	65.9
261.270	261.270	100.000	270	0	0	1	270	1	270	0.0	560
261.270	331.270	100.000	270	0	0	1	270	1	270	0.0	560
261.270	470.270	83.704	270	44	0	1	270	1	270	6.88e-176	481
261.270	1456.270	81.111	270	51	0	1	270	1	270	5.23e-172	471
261.270	446.269	80.741	270	51	1	1	270	1	269	4.56e-165	453
261.270	1276.269	80.741	270	51	1	1	270	1	269	4.56e-165	453
261.270	373.292	68.321	262	77	2	5	264	29	286	8.32e-129	362
261.270	1696.270	48.881	268	122	5	1	261	1	260	1.21e-79	236
261.270	1048.93	46.739	92	49	0	163	254	1	92	1.87e-26	94.7
261.270	745.93	44.944	89	49	0	166	254	3	91	2.71e-23	86.3
261.270	449.98	40.659	91	53	1	166	255	3	93	6.75e-18	72.0
261.270	1279.98	40.659	91	53	1	166	255	3	93	6.75e-18	72.0
261.270	1000.216	35.088	114	65	2	151	255	96	209	4.22e-14	64.7
261.270	325.79	42.254	71	40	1	186	255	6	76	6.00e-13	58.2
331.270	261.270	100.000	270	0	0	1	270	1	270	0.0	560
331.270	331.270	100.000	270	0	0	1	270	1	270	0.0	560
331.270	470.270	83.704	270	44	0	1	270	1	270	6.88e-176	481
331.270	1456.270	81.111	270	51	0	1	270	1	270	5.23e-172	471
331.270	446.269	80.741	270	51	1	1	270	1	269	4.56e-165	453
331.270	1276.269	80.741	270	51	1	1	270	1	269	4.56e-165	453
331.270	373.292	68.321	262	77	2	5	264	29	286	8.32e-129	362
331.270	1696.270	48.881	268	122	5	1	261	1	260	1.21e-79	236
331.270	1048.93	46.739	92	49	0	163	254	1	92	1.87e-26	94.7
331.270	745.93	44.944	89	49	0	166	254	3	91	2.71e-23	86.3
331.270	449.98	40.659	91	53	1	166	255	3	93	6.75e-18	72.0
331.270	1279.98	40.659	91	53	1	166	255	3	93	6.75e-18	72.0
331.270	1000.216	35.088	114	65	2	151	255	96	209	4.22e-14	64.7
331.270	325.79	42.254	71	40	1	186	255	6	76	6.00e-13	58.2
470.270	470.270	100.000	270	0	0	1	270	1	270	0.0	562
470.270	261.270	83.704	270	44	0	1	270	1	270	6.88e-176	481
470.270	331.270	83.704	270	44	0	1	270	1	270	6.88e-176	481
470.270	1456.270	81.852	270	49	0	1	270	1	270	6.51e-175	478
470.270	446.269	82.963	270	45	1	1	270	1	269	2.07e-172	472
470.270	1276.269	82.963	270	45	1	1	270	1	269	2.07e-172	472
470.270	373.292	67.681	263	79	2	4	264	28	286	7.05e-131	367
470.270	1696.270	47.328	262	129	5	1	258	1	257	3.48e-75	225
470.270	1048.93	46.739	92	49	0	163	254	1	92	3.35e-26	94.0
470.270	745.93	44.944	89	49	0	166	254	3	91	5.42e-23	85.5
470.270	449.98	42.105	95	54	1	166	259	3	97	9.55e-19	74.3
470.270	1279.98	42.105	95	54	1	166	259	3	97	9.55e-19	74.3
470.270	325.79	47.222	72	37	1	186	256	6	77	1.25e-15	65.5
470.270	1000.216	35.897	117	66	3	151	258	96	212	5.89e-13	61.2
470.270	267.62	44.068	59	32	1	199	256	2	60	1.03e-08	45.8
828.270	828.270	100.000	256	0	0	15	270	15	270	0.0	525
828.270	943.271	89.494	257	26	1	15	270	15	271	3.06e-170	466
828.270	816.261	41.473	258	141	6	16	267	6	259	3.86e-61	189
828.270	977.265	39.062	256	147	5	19	267	10	263	2.36e-54	172
828.270	609.255	35.115	262	141	8	16	266	8	251	2.04e-39	133
828.270	938.235	41.284	218	106	7	19	234	9	206	6.05e-39	131
828.270	1053.235	41.284	218	106	7	19	234	9	206	6.05e-39	131
828.270	1438.266	33.333	261	148	8	17	269	22	264	6.46e-33	116
828.270	153.257	33.790	219	128	6	35	252	44	246	2.03e-32	115
828.270	1614.279	34.167	240	140	6	25	255	41	271	3.39e-32	115
828.270	1580.268	35.455	220	119	7	19	235	10	209	4.64e-31	111
828.270	1662.275	33.884	242	137	8	42	269	41	273	1.85e-29	107
828.270	109.273	32.937	252	142	8	17	256	30	266	4.37e-27	101
828.270	1209.274	33.040	227	127	8	42	254	41	256	1.52e-26	99.8
828.270	291.253	32.000	200	118	3	38	232	32	218	3.06e-24	93.2
828.270	1771.257	30.435	230	131	8	15	235	17	226	1.30e-21	86.3
828.270	1168.253	29.249	253	155	6	19	267	14	246	3.50e-21	84.7
828.270	1726.235	31.364	220	120	9	20	233	11	205	1.82e-19	79.7
828.270	58.258	29.064	203	122	5	44	231	33	228	2.98e-19	79.7
828.270	1255.262	30.144	209	123	5	55	249	49	248	1.49e-17	75.1
828.270	16.264	30.472	233	127	10	19	231	18	235	6.75e-17	73.2
828.270	710.264	24.779	226	145	6	47	269	56	259	7.24e-16	70.5
828.270	590.256	27.049	244	132	6	16	234	7	229	1.05e-14	67.0
828.270	1034.292	27.670	206	109	6	43	224	55	244	1.41e-14	67.0
828.270	425.206	29.353	201	119	5	63	249	1	192	3.24e-14	64.7
828.270	767.260	27.404	208	128	6	56	249	48	246	1.81e-12	60.5
828.270	662.288	26.341	205	122	5	46	231	60	254	2.06e-11	57.8
828.270	495.263	27.500	240	132	12	27	243	23	243	8.23e-11	55.8
828.270	1084.253	29.130	230	123	11	20	231	17	224	1.26e-10	55.1
828.270	1478.351	26.368	201	112	8	44	230	139	317	5.98e-09	50.4
828.270	532.273	28.571	140	84	5	43	167	45	183	4.23e-08	47.8
828.270	245.271	28.000	225	130	13	42	243	38	253	1.68e-07	45.8
828.270	347.271	28.000	225	130	13	42	243	38	253	1.68e-07	45.8
828.270	1539.355	23.288	219	141	7	42	250	141	342	3.84e-07	45.1
1130.270	1130.270	100.000	270	0	0	1	270	1	270	0.0	550
1130.270	1324.296	29.457	258	166	9	4	254	12	260	4.52e-27	101
1456.270	1456.270	100.000	270	0	0	1	270	1	270	0.0	562
1456.270	446.269	86.296	270	36	1	1	270	1	269	2.61e-177	484
1456.270	1276.269	86.296	270	36	1	1	270	1	269	2.61e-177	484
1456.270	470.270	81.852	270	49	0	1	270	1	270	6.51e-175	478
1456.270	261.270	81.111	270	51	0	1	270	1	270	5.23e-172	471
1456.270	331.270	81.111	270	51	0	1	270	1	270	5.23e-172	471
1456.270	373.292	69.084	262	75	2	5	264	29	286	6.31e-133	373
1456.270	1696.270	48.092	262	127	5	1	258	1	257	1.47e-78	234
1456.270	1048.93	47.826	92	48	0	163	254	1	92	3.92e-28	99.0
1456.270	745.93	46.067	89	48	0	166	254	3	91	2.85e-23	86.3
1456.270	449.98	42.105	95	54	1	166	259	3	97	3.79e-19	75.5
1456.270	1279.98	42.105	95	54	1	166	259	3	97	3.79e-19	75.5
1456.270	1000.216	36.842	114	63	2	151	255	96	209	1.10e-15	68.9
1456.270	325.79	43.056	72	40	1	186	256	6	77	5.44e-14	60.8
1456.270	267.62	42.373	59	33	1	199	256	2	60	4.60e-08	43.9
1696.270	1696.270	100.000	270	0	0	1	270	1	270	0.0	564
1696.270	261.270	48.881	268	122	5	1	260	1	261	1.21e-79	236
1696.270	331.270	48.881	268	122	5	1	260	1	261	1.21e-79	236
1696.270	373.292	50.965	259	114	6	5	257	29	280	1.41e-79	237
1696.270	1456.270	48.092	262	127	5	1	257	1	258	1.47e-78	234
1696.270	446.269	49.618	262	122	5	1	257	1	257	1.48e-78	234
1696.270	1276.269	49.618	262	122	5	1	257	1	257	1.48e-78	234
1696.270	470.270	47.328	262	129	5	1	257	1	258	3.48e-75	225
1696.270	1048.93	49.438	89	45	0	165	253	4	92	2.67e-25	91.7
1696.270	745.93	44.944	89	49	0	165	253	3	91	1.40e-24	89.7
1696.270	449.98	41.489	94	54	1	165	257	3	96	5.34e-19	75.1
1696.270	1279.98	41.489	94	54	1	165	257	3	96	5.34e-19	75.1
1696.270	1000.216	40.404	99	50	2	165	254	111	209	3.75e-14	64.7
1696.270	325.79	42.254	71	40	1	185	254	6	76	2.32e-12	56.6
