579.445	579.445	100.000	445	0	0	1	445	1	445	0.0	854
579.445	892.453	70.149	402	119	1	45	445	52	453	0.0	562
579.445	257.449	71.867	391	109	1	56	445	59	449	0.0	557
579.445	335.449	71.867	391	109	1	56	445	59	449	0.0	557
579.445	381.475	67.574	404	121	3	47	445	77	475	0.0	554
579.445	1450.444	63.902	410	145	2	37	445	37	444	0.0	538
579.445	753.460	56.510	384	166	1	48	430	58	441	3.59e-151	433
579.445	546.453	54.545	385	174	1	47	430	49	433	2.49e-149	428
579.445	1708.467	51.741	402	184	3	53	444	64	465	5.49e-141	407
579.445	1138.472	53.298	379	173	3	56	430	78	456	1.01e-132	386
579.445	1675.495	51.491	369	177	2	59	425	102	470	2.59e-131	384
579.445	1222.463	44.836	397	209	4	38	432	63	451	1.51e-113	337
579.445	925.425	39.058	361	200	8	53	410	59	402	7.76e-64	207
579.445	1066.425	39.058	361	200	8	53	410	59	402	7.76e-64	207
579.445	991.412	39.394	363	202	7	56	416	49	395	9.60e-64	207
579.445	302.419	37.260	365	209	7	49	410	49	396	8.71e-63	204
579.445	1760.442	35.537	363	214	8	52	410	68	414	8.08e-61	200
579.445	624.417	34.037	379	231	8	44	418	44	407	7.64e-59	194
579.445	676.438	33.240	358	225	6	56	410	81	427	5.73e-58	192
579.445	958.456	33.079	393	238	7	36	419	58	434	9.68e-56	187
579.445	843.456	33.770	382	232	7	47	419	65	434	1.04e-55	187
579.445	163.433	34.324	370	220	9	52	415	66	418	1.87e-54	182
579.445	1178.441	32.419	401	245	8	47	444	62	439	3.28e-54	182
579.445	801.457	32.984	382	235	7	47	419	66	435	5.12e-54	182
579.445	475.420	34.367	387	216	11	39	410	37	400	7.90e-54	181
579.445	1628.476	32.212	416	241	9	56	444	73	474	7.81e-53	179
579.445	1493.419	33.167	401	227	9	49	444	53	417	3.17e-52	176
579.445	1393.432	33.425	365	227	7	52	413	73	424	2.51e-50	172
579.445	1526.419	33.580	405	227	10	45	444	50	417	3.90e-50	171
579.445	1311.431	32.320	362	229	6	52	410	72	420	3.29e-46	160
579.445	1360.431	32.044	362	230	6	52	410	72	420	2.65e-45	158
579.445	69.413	34.743	331	197	4	39	368	39	351	1.31e-44	156
579.445	36.413	34.591	318	191	3	52	368	50	351	4.27e-44	154
579.445	441.414	32.225	391	235	10	47	431	45	411	1.57e-43	153
579.445	1271.414	32.225	391	235	10	47	431	45	411	1.57e-43	153
579.445	1563.458	30.769	351	212	7	51	375	49	394	5.81e-42	150
579.445	119.444	32.081	346	208	11	62	401	84	408	1.14e-40	146
579.445	720.361	31.268	355	216	9	64	409	1	336	1.01e-37	136
579.445	1024.453	28.198	383	252	8	56	433	71	435	7.73e-36	132
579.445	196.249	26.718	262	154	8	164	410	3	241	2.22e-13	65.1
119.444	119.444	100.000	426	0	0	1	426	1	426	0.0	768
119.444	1178.441	45.614	342	183	3	85	424	78	418	5.60e-99	299
119.444	720.361	44.575	341	186	3	86	424	1	340	1.86e-98	295
119.444	163.433	37.879	330	196	3	99	423	94	419	7.71e-75	236
119.444	991.412	36.842	342	211	5	84	422	55	394	4.46e-64	207
119.444	302.419	31.395	344	233	3	85	426	63	405	5.08e-59	194
119.444	925.425	30.725	345	236	3	84	426	68	411	2.13e-57	190
119.444	1066.425	30.725	345	236	3	84	426	68	411	2.13e-57	190
119.444	69.413	34.530	362	224	11	69	425	46	399	2.38e-56	187
119.444	1760.442	31.707	369	239	8	60	420	54	417	4.25e-56	187
119.444	676.438	31.818	374	242	7	61	422	60	432	6.91e-56	187
119.444	36.413	34.341	364	222	11	69	425	46	399	8.03e-56	186
119.444	1024.453	30.636	346	232	6	84	424	77	419	1.17e-55	186
119.444	1526.419	33.333	363	226	9	69	421	46	402	1.04e-54	183
119.444	624.417	32.857	350	222	6	84	425	63	407	3.77e-54	181
119.444	475.420	32.075	371	237	11	61	424	45	407	5.70e-54	181
119.444	1493.419	32.000	375	234	12	57	425	46	405	3.51e-49	168
119.444	441.414	31.978	369	227	12	61	421	45	397	4.30e-46	160
119.444	1271.414	31.978	369	227	12	61	421	45	397	4.30e-46	160
119.444	1393.432	27.506	389	257	7	58	424	43	428	2.96e-43	152
119.444	1360.431	27.344	384	251	5	69	424	44	427	5.82e-43	152
119.444	1311.431	27.344	384	251	5	69	424	44	427	6.06e-43	152
119.444	1450.444	30.256	390	240	14	64	426	33	417	1.33e-42	151
119.444	381.475	31.234	397	240	12	57	426	58	448	2.84e-42	151
119.444	579.445	32.081	346	208	11	84	408	62	401	1.23e-40	145
119.444	801.457	29.443	377	239	12	68	426	68	435	1.10e-39	143
119.444	753.460	30.163	368	231	8	80	426	68	430	1.93e-39	143
119.444	958.456	29.067	375	243	11	68	426	67	434	1.92e-38	140
119.444	843.456	28.800	375	244	11	68	426	67	434	2.25e-38	140
119.444	546.453	29.427	384	236	12	69	426	48	422	9.09e-36	132
119.444	257.449	30.556	360	223	10	72	408	49	404	1.77e-35	132
119.444	335.449	30.556	360	223	10	72	408	49	404	1.77e-35	132
119.444	1222.463	26.178	382	254	8	58	420	63	435	5.54e-35	130
119.444	1675.495	26.980	404	256	7	61	426	62	464	5.44e-34	128
119.444	892.453	27.027	370	246	8	57	408	45	408	2.32e-33	125
119.444	1138.472	27.604	384	253	9	60	424	64	441	3.15e-33	125
119.444	1563.458	27.451	408	237	16	60	420	37	432	4.84e-32	122
119.444	1628.476	24.798	371	240	7	85	419	80	447	4.96e-32	122
119.444	1708.467	27.577	359	238	9	85	424	74	429	3.94e-29	114
119.444	196.249	24.793	242	179	1	186	424	4	245	9.19e-17	74.7
1450.444	1450.444	100.000	444	0	0	1	444	1	444	0.0	812
1450.444	892.453	66.225	453	144	1	1	444	1	453	0.0	585
1450.444	381.475	65.553	389	134	0	56	444	87	475	0.0	535
1450.444	257.449	68.557	388	122	0	57	444	62	449	0.0	535
1450.444	335.449	68.557	388	122	0	57	444	62	449	0.0	535
1450.444	579.445	65.296	389	134	1	56	444	58	445	0.0	508
1450.444	753.460	51.026	390	185	2	57	440	69	458	1.06e-134	391
1450.444	1675.495	52.575	369	173	2	57	423	102	470	2.85e-128	375
1450.444	1708.467	50.513	390	188	2	57	441	70	459	4.61e-128	374
1450.444	1138.472	52.381	357	168	2	57	411	81	437	1.13e-126	371
1450.444	546.453	48.731	394	197	2	56	444	60	453	1.28e-125	367
1450.444	1222.463	45.946	370	195	3	57	424	79	445	8.65e-104	312
1450.444	925.425	38.983	354	196	7	57	407	65	401	2.02e-64	209
1450.444	1066.425	38.983	354	196	7	57	407	65	401	2.02e-64	209
1450.444	302.419	38.983	354	196	7	57	407	59	395	4.04e-64	208
1450.444	991.412	39.385	358	197	7	57	411	52	392	4.75e-64	207
1450.444	1760.442	36.261	353	209	6	57	407	75	413	1.24e-60	199
1450.444	676.438	35.854	357	209	9	57	407	84	426	6.10e-57	189
1450.444	624.417	35.278	360	215	7	60	416	63	407	1.51e-56	188
1450.444	475.420	34.783	391	214	11	57	443	65	418	4.78e-55	184
1450.444	1493.419	34.271	391	217	10	57	443	63	417	2.65e-52	177
1450.444	1393.432	33.426	359	215	9	60	411	83	424	8.14e-48	165
1450.444	1526.419	34.392	378	213	11	57	427	63	412	1.95e-47	164
1450.444	720.361	32.891	377	228	9	62	430	1	360	2.36e-47	162
1450.444	1628.476	30.751	413	246	8	57	443	76	474	2.56e-47	164
1450.444	441.414	32.992	391	225	8	57	444	58	414	4.31e-47	162
1450.444	1271.414	32.992	391	225	8	57	444	58	414	4.31e-47	162
1450.444	163.433	34.911	338	195	10	83	416	101	417	4.65e-47	163
1450.444	1311.431	32.486	354	217	8	60	407	82	419	1.97e-45	159
1450.444	1360.431	32.203	354	218	8	60	407	82	419	1.73e-44	156
1450.444	1178.441	32.061	393	234	12	57	443	74	439	2.77e-44	155
1450.444	36.413	33.333	351	212	6	57	404	57	388	4.05e-44	154
1450.444	69.413	33.333	348	210	6	57	401	57	385	1.37e-43	153
1450.444	1024.453	29.255	376	245	7	57	428	74	432	1.47e-42	151
1450.444	843.456	31.536	371	231	10	57	417	77	434	1.84e-41	148
1450.444	958.456	30.811	370	235	8	57	417	77	434	3.73e-41	147
1450.444	801.457	31.389	360	226	8	57	407	78	425	1.83e-40	145
1450.444	119.444	29.201	363	234	10	59	417	83	426	5.92e-40	144
1450.444	1563.458	28.779	344	208	6	57	371	57	392	3.70e-34	128
1450.444	196.249	25.692	253	167	6	160	407	1	237	5.09e-13	63.9
101.442	101.442	100.000	442	0	0	1	442	1	442	0.0	809
101.442	1559.401	36.213	301	173	7	120	412	55	344	1.30e-44	155
101.442	1559.401	32.727	330	148	12	64	388	100	360	1.41e-28	111
101.442	1559.401	40.698	172	76	6	264	416	65	229	2.49e-24	99.4
1760.442	1760.442	100.000	442	0	0	1	442	1	442	0.0	831
1760.442	925.425	48.159	353	179	3	69	420	59	408	6.98e-95	288
1760.442	1066.425	48.159	353	179	3	69	420	59	408	6.98e-95	288
1760.442	302.419	47.458	354	182	3	68	420	52	402	3.03e-94	286
1760.442	991.412	46.070	369	192	5	65	432	44	406	2.45e-91	278
1760.442	624.417	46.221	344	183	2	72	414	57	399	4.90e-87	267
1760.442	475.420	40.106	379	221	4	52	430	44	416	2.85e-80	250
1760.442	1493.419	39.459	370	214	4	66	432	54	416	2.49e-79	247
1760.442	36.413	40.274	365	214	3	68	432	50	410	5.81e-79	246
1760.442	69.413	40.274	365	214	3	68	432	50	410	6.13e-79	246
1760.442	1526.419	37.232	419	255	5	14	432	6	416	2.65e-76	239
1760.442	441.414	39.612	361	214	3	72	432	55	411	4.52e-76	239
1760.442	1271.414	39.612	361	214	3	72	432	55	411	4.52e-76	239
1760.442	1393.432	36.292	383	223	6	53	418	47	425	5.69e-65	210
1760.442	720.361	36.066	366	226	6	80	442	1	361	5.77e-65	208
1760.442	1450.444	34.803	431	239	11	1	413	1	407	6.82e-62	202
1760.442	676.438	36.464	362	219	7	70	423	79	437	8.46e-62	202
1760.442	1360.431	34.896	384	227	6	53	418	46	424	5.46e-61	200
1760.442	1311.431	34.896	384	227	6	53	418	46	424	1.70e-60	199
1760.442	163.433	36.413	368	223	7	55	416	53	415	5.40e-57	189
1760.442	1178.441	34.959	369	232	6	71	436	70	433	1.41e-56	188
1760.442	579.445	35.537	363	214	8	68	414	52	410	1.46e-54	183
1760.442	381.475	33.508	382	234	7	52	419	67	442	3.24e-54	183
1760.442	892.453	32.320	362	224	6	52	399	48	402	1.91e-52	178
1760.442	119.444	31.707	369	239	8	54	417	60	420	7.43e-52	176
1760.442	1628.476	32.898	383	219	5	67	416	70	447	1.80e-51	176
1760.442	257.449	32.337	368	229	7	67	419	54	416	4.70e-47	163
1760.442	335.449	32.337	368	229	7	67	419	54	416	4.70e-47	163
1760.442	1138.472	30.653	398	258	7	58	439	65	460	1.10e-46	163
1760.442	753.460	28.894	398	258	8	54	432	48	439	1.37e-45	159
1760.442	1222.463	30.848	389	237	7	54	422	65	441	2.42e-44	156
1760.442	546.453	29.134	381	251	7	68	432	54	431	3.90e-41	147
1760.442	1675.495	29.695	394	252	7	53	422	71	463	1.24e-40	147
1760.442	1024.453	30.372	349	236	6	72	417	71	415	1.20e-38	140
1760.442	958.456	28.729	362	243	6	68	417	70	428	3.92e-38	139
1760.442	843.456	28.453	362	244	6	68	417	70	428	7.37e-38	138
1760.442	801.457	28.492	358	241	6	72	417	75	429	1.97e-37	137
1760.442	1708.467	26.879	439	270	6	8	418	11	426	6.66e-37	136
1760.442	1563.458	27.182	401	243	11	66	424	44	437	5.06e-34	127
1760.442	196.249	29.339	242	169	2	179	418	1	242	1.85e-24	97.1
1178.441	1178.441	100.000	403	0	0	39	441	39	441	0.0	764
1178.441	720.361	56.936	346	149	0	79	424	1	346	1.51e-139	399
1178.441	119.444	45.614	342	183	3	78	418	85	424	4.25e-99	299
1178.441	163.433	40.056	357	209	4	71	423	70	425	1.08e-85	264
1178.441	1024.453	35.028	354	229	1	71	423	71	424	1.96e-78	246
1178.441	624.417	40.782	358	208	3	71	425	57	413	5.01e-77	241
1178.441	676.438	37.845	362	209	6	65	416	77	432	3.42e-68	219
1178.441	302.419	36.963	349	218	2	69	416	54	401	2.01e-65	211
1178.441	925.425	36.467	351	221	2	67	416	58	407	3.76e-65	211
1178.441	1066.425	36.467	351	221	2	67	416	58	407	3.76e-65	211
1178.441	991.412	37.464	347	215	2	71	416	49	394	3.26e-64	207
1178.441	1493.419	34.819	359	228	4	69	426	58	411	2.25e-61	201
1178.441	1760.442	35.143	350	219	6	70	414	71	417	5.04e-61	200
1178.441	69.413	36.134	357	222	4	71	426	54	405	5.13e-61	199
1178.441	475.420	35.376	359	222	7	71	426	62	413	1.84e-60	198
1178.441	1526.419	33.714	350	226	5	68	415	57	402	3.84e-60	197
1178.441	36.413	35.854	357	223	4	71	426	54	405	5.11e-60	197
1178.441	441.414	33.815	346	225	3	71	415	55	397	2.63e-54	182
1178.441	1271.414	33.815	346	225	3	71	415	55	397	2.63e-54	182
1178.441	1393.432	32.479	351	231	2	71	416	77	426	4.97e-54	181
1178.441	1628.476	32.905	389	219	8	70	421	72	455	6.48e-53	179
1178.441	579.445	32.095	377	234	8	71	430	56	427	1.48e-49	170
1178.441	1311.431	32.948	346	225	3	71	411	76	419	2.05e-49	169
1178.441	1360.431	32.948	346	225	3	71	411	76	419	3.33e-49	169
1178.441	1450.444	31.635	373	233	9	65	419	48	416	1.46e-47	164
1178.441	546.453	31.016	374	239	6	71	427	58	429	6.82e-47	163
1178.441	257.449	32.514	366	227	6	71	419	59	421	1.66e-46	162
1178.441	335.449	32.514	366	227	6	71	419	59	421	1.66e-46	162
1178.441	801.457	32.461	382	220	12	65	421	68	436	6.01e-46	160
1178.441	753.460	29.947	374	243	6	71	427	66	437	1.57e-44	157
1178.441	1708.467	30.328	366	236	5	71	419	67	430	8.09e-44	155
1178.441	381.475	32.011	378	232	10	71	430	85	455	1.00e-43	155
1178.441	843.456	30.214	374	230	9	69	421	72	435	2.37e-43	153
1178.441	958.456	31.565	377	221	11	69	421	72	435	3.52e-43	153
1178.441	1138.472	30.130	385	248	6	65	429	69	452	2.72e-41	148
1178.441	1675.495	30.110	362	235	5	74	418	102	462	2.63e-40	145
1178.441	1222.463	28.919	370	236	7	71	420	76	438	5.94e-40	144
1178.441	892.453	31.421	366	231	7	71	419	63	425	2.08e-39	142
1178.441	1563.458	25.515	388	244	8	67	414	50	432	3.54e-37	136
1178.441	196.249	30.738	244	161	4	179	416	2	243	7.46e-21	86.7
396.439	396.439	100.000	439	0	0	1	439	1	439	0.0	878
676.438	676.438	100.000	438	0	0	1	438	1	438	0.0	778
676.438	1393.432	44.548	431	229	6	13	438	7	432	1.75e-107	320
676.438	1311.431	50.276	362	176	3	78	438	73	431	2.86e-105	314
676.438	1360.431	50.276	362	176	3	78	438	73	431	5.52e-105	313
676.438	196.249	50.209	239	117	1	200	438	13	249	3.70e-70	218
676.438	624.417	38.462	429	225	9	10	432	9	404	6.94e-70	223
676.438	1526.419	35.862	435	240	10	7	434	3	405	4.53e-60	197
676.438	1178.441	37.845	362	209	6	77	432	65	416	1.46e-58	194
676.438	475.420	34.949	392	228	7	42	431	38	404	3.69e-57	189
676.438	991.412	41.243	354	198	5	81	432	49	394	1.24e-56	187
676.438	441.414	37.340	391	211	7	46	434	42	400	2.33e-56	187
676.438	1271.414	37.340	391	211	7	46	434	42	400	2.33e-56	187
676.438	302.419	40.510	353	202	4	81	432	56	401	2.94e-56	187
676.438	925.425	39.437	355	203	5	81	432	62	407	1.05e-55	186
676.438	1066.425	39.437	355	203	5	81	432	62	407	1.05e-55	186
676.438	36.413	35.597	427	240	9	7	431	3	396	1.69e-54	182
676.438	1760.442	36.464	362	219	7	79	437	70	423	1.96e-54	182
676.438	69.413	35.648	432	233	9	7	431	3	396	3.52e-53	179
676.438	720.361	37.026	343	208	4	91	432	3	338	6.92e-53	176
676.438	1493.419	36.544	353	212	6	81	431	60	402	2.80e-51	174
676.438	163.433	34.746	354	222	5	81	431	70	417	5.80e-48	165
676.438	1450.444	35.833	360	211	9	81	426	54	407	5.11e-47	163
676.438	257.449	36.565	361	214	7	77	426	56	412	3.40e-46	161
676.438	335.449	36.565	361	214	7	77	426	56	412	3.40e-46	161
676.438	119.444	31.783	387	251	7	47	432	48	422	9.29e-44	154
676.438	381.475	36.088	363	206	10	81	426	85	438	4.33e-43	153
676.438	579.445	31.106	434	255	8	5	427	10	410	2.44e-40	145
676.438	1024.453	28.895	353	242	5	81	431	71	416	5.84e-39	141
676.438	892.453	32.493	357	227	5	81	426	63	416	5.36e-37	135
676.438	753.460	28.798	441	271	9	7	430	10	424	6.95e-37	135
676.438	546.453	31.215	362	234	6	81	430	58	416	3.36e-36	134
676.438	1708.467	30.189	371	238	9	81	436	67	431	1.09e-35	132
676.438	1138.472	30.245	367	244	5	81	436	78	443	2.21e-33	126
676.438	1222.463	28.272	382	236	10	79	436	74	441	6.72e-32	122
676.438	1675.495	27.610	431	284	10	31	437	38	464	8.32e-32	122
676.438	801.457	29.086	361	243	8	81	432	75	431	4.54e-31	119
676.438	843.456	28.532	361	245	8	81	432	74	430	1.31e-30	118
676.438	958.456	28.255	361	246	8	81	432	74	430	2.04e-30	117
676.438	1563.458	32.707	266	176	3	81	346	54	316	9.63e-30	115
676.438	1628.476	28.232	379	234	13	81	427	73	445	6.26e-25	102
676.438	197.192	56.098	41	17	1	78	118	70	109	5.80e-08	47.8
387.437	387.437	100.000	420	0	0	18	437	18	437	0.0	707
387.437	886.403	61.483	418	144	5	21	437	2	403	1.97e-153	436
387.437	585.420	50.739	406	188	6	18	421	18	413	7.84e-126	367
387.437	341.423	50.123	407	195	4	18	422	18	418	7.54e-120	351
387.437	251.453	50.123	407	195	4	18	422	18	418	1.49e-119	352
387.437	1444.322	57.752	258	104	4	160	416	51	304	3.45e-98	292
387.437	1669.436	32.653	392	244	7	44	430	50	426	1.80e-60	198
387.437	1144.434	38.868	265	141	6	175	425	170	427	3.35e-56	187
387.437	1216.455	33.602	372	225	9	45	404	49	410	8.54e-53	179
387.437	540.305	38.235	238	141	3	175	411	54	286	5.10e-52	172
387.437	759.306	38.655	238	140	2	175	411	55	287	2.60e-50	168
387.437	617.299	38.627	233	132	4	187	414	55	281	1.48e-49	166
387.437	296.296	37.190	242	139	6	176	413	55	287	1.40e-48	163
387.437	932.297	36.777	242	140	6	176	413	56	288	9.57e-48	161
387.437	1059.297	36.777	242	140	6	176	413	56	288	9.57e-48	161
387.437	1766.314	39.111	225	125	5	187	406	66	283	1.71e-46	158
387.437	984.299	35.556	225	136	4	186	407	66	284	5.50e-46	156
387.437	481.313	36.585	246	138	7	176	414	52	286	5.56e-45	154
387.437	1715.306	34.008	247	149	5	176	414	54	294	3.32e-44	152
387.437	25.315	35.268	224	136	4	187	407	64	281	6.01e-44	151
387.437	63.314	35.622	233	137	5	178	407	58	280	6.65e-44	151
387.437	435.316	36.564	227	132	5	187	407	62	282	9.14e-44	151
387.437	1265.316	36.564	227	132	5	187	407	62	282	9.14e-44	151
387.437	1305.306	36.441	236	137	5	176	404	55	284	6.36e-42	145
387.437	1354.306	35.593	236	139	5	176	404	55	284	8.24e-42	145
387.437	670.343	35.185	270	153	7	176	430	69	331	3.55e-41	145
387.437	1487.325	31.835	267	157	8	178	436	66	315	3.70e-41	144
387.437	1532.314	32.184	261	160	6	184	437	64	314	1.42e-40	142
387.437	1622.315	32.018	228	148	3	187	413	76	297	2.15e-40	142
387.437	1399.304	34.322	236	142	5	176	404	55	284	6.78e-40	140
387.437	1172.301	30.081	246	160	7	178	421	60	295	1.11e-38	137
387.437	113.305	32.083	240	151	7	175	411	51	281	2.30e-38	136
387.437	203.305	33.475	236	144	5	176	404	55	284	6.24e-38	135
387.437	1030.310	32.946	258	156	9	175	423	55	304	1.89e-36	131
387.437	714.294	31.102	254	165	6	175	427	45	289	5.37e-36	129
387.437	1569.311	31.004	229	149	6	189	412	65	289	1.22e-35	129
387.437	952.313	26.724	232	162	4	179	407	75	301	2.56e-30	114
387.437	837.313	26.724	232	162	4	179	407	75	301	2.83e-30	114
387.437	158.286	28.017	232	151	6	185	413	63	281	6.62e-30	112
387.437	807.309	27.155	232	161	4	179	407	71	297	7.34e-30	113
1669.436	1669.436	100.000	436	0	0	1	436	1	436	0.0	774
1669.436	1144.434	55.690	413	177	4	1	411	1	409	4.89e-149	426
1669.436	1216.455	43.852	431	216	12	1	411	1	425	9.60e-104	311
1669.436	540.305	51.550	258	115	6	153	405	33	285	5.79e-84	255
1669.436	759.306	53.906	256	109	6	154	405	36	286	5.91e-82	250
1669.436	1715.306	49.049	263	124	5	155	409	34	294	2.85e-81	248
1669.436	585.420	36.317	391	228	11	33	411	25	406	5.19e-69	220
1669.436	886.403	36.041	394	226	11	33	411	6	388	8.32e-63	204
1669.436	387.437	32.697	419	261	8	10	411	2	416	2.84e-61	201
1669.436	984.299	42.339	248	141	2	155	401	37	283	4.53e-60	193
1669.436	341.423	35.427	398	234	11	27	411	23	410	5.49e-60	197
1669.436	251.453	35.427	398	234	11	27	411	23	410	7.84e-60	197
1669.436	1622.315	40.698	258	146	5	154	408	44	297	2.74e-59	192
1669.436	296.296	44.841	252	130	6	155	401	34	281	3.01e-59	191
1669.436	25.315	42.276	246	138	3	155	398	34	277	3.36e-59	191
1669.436	617.299	41.870	246	141	2	155	398	25	270	8.99e-59	190
1669.436	63.314	41.870	246	139	3	155	398	33	276	1.06e-58	190
1669.436	1444.322	41.573	267	139	9	154	411	46	304	1.84e-58	190
1669.436	932.297	44.048	252	132	6	155	401	35	282	4.85e-58	188
1669.436	1059.297	44.048	252	132	6	155	401	35	282	4.85e-58	188
1669.436	1532.314	39.919	248	146	2	153	398	35	281	3.56e-54	178
1669.436	481.313	38.400	250	151	2	154	401	30	278	1.65e-53	177
1669.436	1766.314	36.000	250	157	3	154	401	35	283	7.93e-53	175
1669.436	1487.325	39.382	259	150	5	155	407	41	298	1.72e-52	174
1669.436	435.316	37.903	248	149	4	155	398	32	278	3.31e-48	163
1669.436	1265.316	37.903	248	149	4	155	398	32	278	3.31e-48	163
1669.436	714.294	36.885	244	143	5	155	394	27	263	5.84e-47	159
1669.436	1172.301	36.287	237	140	6	155	386	35	265	7.61e-47	159
1669.436	952.313	35.223	247	152	7	154	395	51	294	2.25e-45	155
1669.436	837.313	35.223	247	152	7	154	395	51	294	2.44e-45	155
1669.436	807.309	34.818	247	153	7	154	395	47	290	1.25e-44	153
1669.436	113.305	33.333	252	161	5	155	405	35	280	1.38e-41	145
1669.436	670.343	36.331	278	149	11	155	411	47	317	1.96e-41	145
1669.436	1354.306	34.981	263	156	8	154	406	34	291	2.42e-41	144
1669.436	1305.306	34.221	263	158	8	154	406	34	291	2.81e-40	141
1669.436	1399.304	34.363	259	155	7	158	406	38	291	2.91e-39	139
1669.436	203.305	34.363	259	155	8	158	406	38	291	2.61e-38	136
1669.436	1030.310	34.979	243	149	6	161	398	43	281	7.38e-38	135
1669.436	1569.311	34.118	255	152	8	155	398	32	281	1.50e-37	134
1669.436	158.286	30.556	252	162	7	155	403	35	276	1.12e-27	106
1669.436	539.112	32.110	109	63	2	8	112	5	106	3.15e-10	52.8
1299.435	1299.435	100.000	435	0	0	1	435	1	435	0.0	868
1299.435	1348.435	100.000	435	0	0	1	435	1	435	0.0	868
1299.435	237.353	33.921	227	133	5	146	372	132	341	6.17e-28	108
1299.435	355.353	33.921	227	133	5	146	372	132	341	6.17e-28	108
1299.435	1412.394	31.855	248	158	5	125	370	147	385	7.89e-25	100
1299.435	1.231	31.624	234	141	6	183	406	5	229	2.46e-24	96.3
1299.435	409.234	32.051	234	140	8	185	408	7	231	9.68e-22	89.0
1299.435	232.391	24.026	308	209	11	74	372	46	337	9.23e-14	67.4
1299.435	361.391	24.026	308	209	11	74	372	46	337	9.23e-14	67.4
1299.435	1340.418	25.275	273	154	13	140	388	142	388	1.03e-07	48.5
1348.435	1299.435	100.000	435	0	0	1	435	1	435	0.0	868
1348.435	1348.435	100.000	435	0	0	1	435	1	435	0.0	868
1348.435	237.353	33.921	227	133	5	146	372	132	341	6.17e-28	108
1348.435	355.353	33.921	227	133	5	146	372	132	341	6.17e-28	108
1348.435	1412.394	31.855	248	158	5	125	370	147	385	7.89e-25	100
1348.435	1.231	31.624	234	141	6	183	406	5	229	2.46e-24	96.3
1348.435	409.234	32.051	234	140	8	185	408	7	231	9.68e-22	89.0
1348.435	232.391	24.026	308	209	11	74	372	46	337	9.23e-14	67.4
1348.435	361.391	24.026	308	209	11	74	372	46	337	9.23e-14	67.4
1348.435	1340.418	25.275	273	154	13	140	388	142	388	1.03e-07	48.5
1144.434	1144.434	100.000	416	0	0	19	434	19	434	0.0	739
1144.434	1669.436	55.288	416	182	4	19	433	22	434	5.44e-153	436
1144.434	1216.455	41.935	434	231	10	19	433	19	450	6.47e-97	293
1144.434	759.306	51.311	267	122	5	152	415	37	298	3.35e-84	256
1144.434	540.305	48.708	271	128	6	152	417	35	299	7.26e-83	252
1144.434	1715.306	49.434	265	127	4	152	410	34	297	4.99e-82	250
1144.434	585.420	38.482	382	213	10	38	409	37	406	1.67e-67	216
1144.434	1622.315	42.578	256	139	6	152	404	45	295	3.58e-66	209
1144.434	617.299	44.245	278	143	8	152	421	25	298	1.99e-64	204
1144.434	296.296	46.988	249	126	5	151	396	33	278	2.84e-63	201
1144.434	984.299	42.857	266	145	5	151	412	36	298	2.45e-62	199
1144.434	25.315	42.545	275	150	7	152	423	34	303	9.10e-62	198
1144.434	1532.314	42.085	259	145	4	151	407	37	292	5.58e-61	196
1144.434	481.313	40.357	280	162	4	152	428	31	308	5.97e-61	196
1144.434	932.297	44.980	249	131	5	151	396	34	279	6.44e-61	195
1144.434	1059.297	44.980	249	131	5	151	396	34	279	6.44e-61	195
1144.434	63.314	41.786	280	155	7	152	428	33	307	2.15e-60	194
1144.434	1444.322	40.909	264	140	8	154	409	49	304	2.15e-60	195
1144.434	387.437	38.571	280	150	7	156	427	160	425	1.87e-58	193
1144.434	1487.325	43.137	255	139	6	151	401	40	292	3.00e-58	189
1144.434	886.403	32.187	407	253	11	30	423	6	402	1.48e-56	187
1144.434	341.423	39.785	279	151	8	151	420	152	422	3.84e-56	187
1144.434	251.453	40.449	267	143	7	151	409	152	410	6.84e-56	187
1144.434	1766.314	38.400	250	150	4	152	399	36	283	9.87e-54	177
1144.434	113.305	38.078	281	159	8	151	430	34	300	2.23e-53	176
1144.434	435.316	40.996	261	148	6	151	407	31	289	3.02e-53	176
1144.434	1265.316	40.996	261	148	6	151	407	31	289	3.02e-53	176
1144.434	1172.301	38.889	252	144	5	152	399	35	280	4.27e-53	175
1144.434	807.309	38.132	257	152	6	152	404	48	301	8.82e-50	167
1144.434	952.313	37.354	257	154	6	152	404	52	305	2.92e-49	165
1144.434	837.313	37.354	257	154	6	152	404	52	305	6.37e-48	162
1144.434	714.294	34.831	267	160	6	151	413	26	282	3.72e-46	157
1144.434	1030.310	37.903	248	144	6	158	400	43	285	3.86e-45	154
1144.434	1569.311	35.424	271	160	8	151	411	31	296	2.08e-40	142
1144.434	670.343	36.704	267	144	11	156	407	53	309	1.26e-38	138
1144.434	1354.306	35.521	259	151	8	155	403	38	290	2.32e-37	133
1144.434	1399.304	34.457	267	159	7	155	411	38	298	3.28e-37	133
1144.434	203.305	34.749	259	153	8	155	403	38	290	1.37e-36	131
1144.434	158.286	36.187	257	149	8	154	406	36	281	2.88e-36	130
1144.434	1305.306	33.977	259	155	8	155	403	38	290	1.71e-35	128
163.433	163.433	100.000	433	0	0	1	433	1	433	0.0	825
163.433	720.361	43.567	342	183	6	95	430	16	353	1.26e-88	269
163.433	1178.441	40.171	351	205	4	76	425	77	423	2.23e-83	258
163.433	119.444	37.879	330	196	3	94	419	99	423	7.28e-75	236
163.433	1024.453	33.923	339	220	4	94	430	93	429	3.76e-65	211
163.433	991.412	39.181	342	203	4	77	417	56	393	6.86e-65	209
163.433	624.417	34.360	422	238	8	2	417	15	403	3.15e-64	207
163.433	302.419	38.123	341	206	4	76	415	62	398	6.22e-63	204
163.433	475.420	37.778	315	191	4	101	414	91	401	6.72e-61	199
163.433	925.425	37.463	339	207	4	77	414	69	403	2.13e-60	198
163.433	1066.425	37.463	339	207	4	77	414	69	403	2.13e-60	198
163.433	676.438	36.111	324	199	4	100	417	110	431	3.78e-58	192
163.433	1760.442	37.318	343	208	6	76	415	78	416	3.93e-58	192
163.433	1526.419	38.871	319	182	8	101	414	89	399	3.29e-55	184
163.433	1493.419	36.391	338	202	7	80	414	72	399	3.39e-55	184
163.433	1628.476	33.418	392	218	10	76	431	79	463	1.85e-54	183
163.433	579.445	35.119	336	197	8	100	418	84	415	1.72e-51	175
163.433	69.413	35.647	317	199	4	99	414	81	393	1.01e-50	172
163.433	36.413	35.647	317	199	4	99	414	81	393	1.02e-50	172
163.433	1450.444	34.911	338	195	10	101	417	83	416	1.22e-50	172
163.433	1138.472	33.934	333	201	7	100	415	106	436	3.92e-50	172
163.433	753.460	33.433	335	203	7	101	418	95	426	8.64e-50	171
163.433	381.475	31.517	422	251	10	14	412	32	438	4.14e-48	166
163.433	441.414	33.918	342	215	6	76	414	61	394	7.72e-48	164
163.433	1271.414	33.918	342	215	6	76	414	61	394	7.72e-48	164
163.433	1675.495	31.657	338	208	7	97	415	124	457	4.35e-47	164
163.433	1708.467	32.836	335	205	6	101	418	96	427	1.30e-46	162
163.433	892.453	35.103	339	195	9	100	417	91	425	8.10e-46	160
163.433	257.449	31.361	338	207	9	101	421	88	417	1.69e-45	159
163.433	335.449	31.361	338	207	9	101	421	88	417	1.69e-45	159
163.433	546.453	31.287	342	201	11	101	418	87	418	1.86e-44	156
163.433	1393.432	33.237	346	218	5	77	415	84	423	7.84e-44	154
163.433	1222.463	29.870	385	228	12	76	432	82	452	2.49e-41	148
163.433	1311.431	31.778	343	225	5	77	414	83	421	1.46e-40	145
163.433	1360.431	31.778	343	225	5	77	414	83	421	1.62e-40	145
163.433	1563.458	28.775	351	206	10	98	409	80	425	2.69e-35	131
163.433	801.457	29.429	333	211	12	99	414	102	427	3.98e-35	130
163.433	843.456	29.730	333	210	12	99	414	101	426	2.92e-33	125
163.433	958.456	28.313	332	216	11	99	414	101	426	3.55e-33	125
163.433	196.249	28.755	233	164	1	185	415	8	240	9.45e-18	77.8
1393.432	1393.432	100.000	432	0	0	1	432	1	432	0.0	760
1393.432	1311.431	89.516	372	39	0	61	432	60	431	0.0	635
1393.432	1360.431	85.213	399	56	1	34	432	36	431	0.0	634
1393.432	196.249	89.960	249	25	0	184	432	1	249	4.05e-147	414
1393.432	676.438	48.343	362	183	3	74	432	78	438	3.43e-115	340
1393.432	302.419	40.056	357	208	3	73	428	52	403	1.39e-73	232
1393.432	925.425	39.155	355	208	3	76	428	61	409	1.12e-71	227
1393.432	1066.425	39.155	355	208	3	76	428	61	409	1.12e-71	227
1393.432	624.417	38.418	354	210	4	77	427	57	405	6.34e-71	225
1393.432	991.412	39.031	351	204	3	77	424	49	392	1.27e-69	221
1393.432	475.420	35.411	353	220	4	77	428	62	407	7.09e-64	207
1393.432	1760.442	36.842	361	218	5	69	425	64	418	5.69e-63	205
1393.432	720.361	34.985	343	217	2	85	426	1	338	1.11e-60	197
1393.432	36.413	32.231	363	238	4	67	428	44	399	4.32e-57	189
1393.432	69.413	31.956	363	239	4	67	428	44	399	9.12e-57	188
1393.432	1493.419	31.933	357	235	4	73	428	56	405	6.32e-56	186
1393.432	441.414	32.861	353	229	4	77	428	55	400	2.69e-54	181
1393.432	1271.414	32.861	353	229	4	77	428	55	400	2.69e-54	181
1393.432	1178.441	32.479	351	231	2	77	426	71	416	9.29e-54	181
1393.432	1526.419	31.461	356	236	4	74	428	57	405	2.23e-53	179
1393.432	579.445	33.425	365	227	7	73	424	52	413	3.07e-50	171
1393.432	1450.444	33.607	366	219	9	76	424	53	411	9.25e-49	167
1393.432	381.475	33.780	373	225	10	64	420	72	438	6.89e-47	163
1393.432	163.433	33.060	366	229	6	64	423	60	415	4.52e-45	157
1393.432	892.453	32.970	367	228	8	73	425	59	421	6.41e-45	157
1393.432	119.444	27.989	368	249	6	64	428	70	424	3.06e-43	152
1393.432	1024.453	29.143	350	241	3	77	424	71	415	6.52e-42	149
1393.432	1222.463	30.978	368	238	7	75	428	74	439	7.93e-42	149
1393.432	1138.472	31.522	368	224	8	77	424	78	437	5.94e-41	147
1393.432	257.449	32.500	360	221	9	77	420	59	412	4.61e-39	141
1393.432	335.449	32.500	360	221	9	77	420	59	412	4.61e-39	141
1393.432	1675.495	29.412	374	233	9	74	424	93	458	1.36e-37	138
1393.432	1628.476	29.708	377	229	9	77	421	73	445	3.08e-37	137
1393.432	1708.467	29.508	366	241	7	77	428	67	429	2.44e-36	134
1393.432	546.453	28.919	370	248	6	69	425	50	417	6.20e-36	132
1393.432	801.457	29.558	362	238	10	77	426	75	431	2.12e-35	131
1393.432	753.460	28.117	377	252	7	64	425	53	425	3.41e-35	130
1393.432	1563.458	26.234	385	245	7	76	425	53	433	1.65e-33	126
1393.432	843.456	28.415	366	245	10	73	426	70	430	3.74e-33	125
1393.432	958.456	28.142	366	246	10	73	426	70	430	1.22e-32	124
1393.432	197.192	86.792	53	7	0	61	113	57	109	2.97e-27	103
849.431	849.431	100.000	431	0	0	1	431	1	431	0.0	823
1311.431	1311.431	100.000	396	0	0	36	431	36	431	0.0	740
1311.431	1360.431	99.242	396	3	0	36	431	36	431	0.0	733
1311.431	1393.432	86.717	399	50	2	36	431	34	432	0.0	649
1311.431	196.249	95.984	249	10	0	183	431	1	249	3.13e-154	432
1311.431	676.438	48.974	390	191	4	45	431	54	438	2.14e-119	350
1311.431	302.419	39.944	358	207	3	72	427	52	403	9.29e-68	217
1311.431	925.425	39.831	354	205	3	76	427	62	409	1.48e-67	216
1311.431	1066.425	39.831	354	205	3	76	427	62	409	1.48e-67	216
1311.431	624.417	38.395	349	211	3	76	423	57	402	1.12e-66	214
1311.431	991.412	37.784	352	215	2	76	427	49	396	1.06e-62	203
1311.431	475.420	34.986	363	208	4	76	427	62	407	7.37e-60	196
1311.431	1760.442	34.301	379	236	3	46	424	53	418	4.07e-59	195
1311.431	1493.419	31.218	394	225	5	45	427	47	405	7.69e-53	177
1311.431	720.361	32.945	343	224	2	84	425	1	338	1.78e-52	175
1311.431	36.413	32.065	368	235	5	68	427	39	399	2.27e-51	174
1311.431	69.413	31.793	368	236	5	68	427	39	399	5.62e-51	172
1311.431	1526.419	30.633	395	228	5	44	427	46	405	9.87e-50	169
1311.431	1178.441	32.961	358	230	4	67	419	59	411	2.36e-49	169
1311.431	441.414	33.428	353	227	4	76	427	55	400	2.73e-48	166
1311.431	1271.414	33.428	353	227	4	76	427	55	400	2.73e-48	166
1311.431	381.475	33.417	398	236	10	38	419	54	438	1.79e-47	165
1311.431	1450.444	32.410	361	222	7	75	419	53	407	1.01e-45	159
1311.431	579.445	31.351	370	222	5	72	420	52	410	1.96e-45	159
1311.431	892.453	32.979	376	232	7	65	426	54	423	5.43e-44	155
1311.431	163.433	31.633	392	251	8	39	421	31	414	8.56e-43	151
1311.431	119.444	27.344	384	251	5	44	427	69	424	4.90e-42	149
1311.431	1222.463	29.348	368	244	4	74	427	74	439	5.96e-39	141
1311.431	257.449	32.778	360	220	8	76	419	59	412	1.12e-38	140
1311.431	335.449	32.778	360	220	8	76	419	59	412	1.12e-38	140
1311.431	1024.453	31.498	327	215	5	76	399	71	391	9.43e-38	138
1311.431	1138.472	28.333	360	246	3	76	423	78	437	2.60e-35	131
1311.431	1628.476	32.584	267	177	3	76	341	73	337	3.22e-34	128
1311.431	1675.495	27.020	396	262	8	45	423	73	458	8.23e-34	127
1311.431	1708.467	28.415	366	239	7	76	424	67	426	8.14e-32	121
1311.431	546.453	26.776	366	253	4	72	424	54	417	1.01e-31	121
1311.431	753.460	26.786	392	260	9	48	424	46	425	1.12e-31	121
1311.431	1563.458	29.617	287	192	4	55	341	40	316	6.61e-31	119
1311.431	801.457	30.258	271	182	5	76	341	75	343	3.65e-30	116
1311.431	197.192	76.623	77	16	1	36	112	35	109	9.35e-30	109
1311.431	843.456	28.000	275	191	5	72	341	70	342	7.68e-28	110
1311.431	958.456	28.000	275	191	5	72	341	70	342	1.05e-27	109
1360.431	1360.431	100.000	396	0	0	36	431	36	431	0.0	740
1360.431	1311.431	99.242	396	3	0	36	431	36	431	0.0	733
1360.431	1393.432	86.466	399	51	2	36	431	34	432	0.0	646
1360.431	196.249	95.984	249	10	0	183	431	1	249	1.81e-154	432
1360.431	676.438	48.974	390	191	4	45	431	54	438	1.60e-119	351
1360.431	302.419	39.944	358	207	3	72	427	52	403	3.62e-67	215
1360.431	925.425	39.831	354	205	3	76	427	62	409	6.95e-67	215
1360.431	1066.425	39.831	354	205	3	76	427	62	409	6.95e-67	215
1360.431	624.417	38.395	349	211	3	76	423	57	402	7.70e-67	214
1360.431	991.412	37.784	352	215	2	76	427	49	396	9.14e-63	204
1360.431	1760.442	34.301	379	236	3	46	424	53	418	1.29e-59	196
1360.431	475.420	34.177	395	218	6	44	427	44	407	3.12e-59	194
1360.431	720.361	32.945	343	224	2	84	425	1	338	2.32e-52	175
1360.431	1493.419	31.218	394	225	5	45	427	47	405	2.42e-52	176
1360.431	36.413	32.065	368	235	5	68	427	39	399	1.78e-51	174
1360.431	69.413	31.793	368	236	5	68	427	39	399	4.02e-51	173
1360.431	1526.419	30.886	395	227	5	44	427	46	405	4.34e-50	170
1360.431	1178.441	32.961	358	230	4	67	419	59	411	4.72e-49	168
1360.431	441.414	33.144	353	228	4	76	427	55	400	2.24e-47	163
1360.431	1271.414	33.144	353	228	4	76	427	55	400	2.24e-47	163
1360.431	381.475	33.417	398	236	10	38	419	54	438	2.90e-47	164
1360.431	1450.444	32.133	361	223	7	75	419	53	407	1.25e-44	156
1360.431	579.445	31.081	370	223	5	72	420	52	410	1.91e-44	156
1360.431	892.453	32.713	376	233	7	65	426	54	423	4.72e-43	152
1360.431	119.444	27.202	386	263	5	50	427	49	424	1.53e-42	150
1360.431	163.433	31.830	377	239	7	49	421	52	414	1.65e-42	150
1360.431	1222.463	29.348	368	244	4	74	427	74	439	6.33e-39	141
1360.431	257.449	32.500	360	221	8	76	419	59	412	9.44e-38	137
1360.431	335.449	32.500	360	221	8	76	419	59	412	9.44e-38	137
1360.431	1024.453	31.193	327	216	5	76	399	71	391	8.12e-37	135
1360.431	1138.472	28.333	360	246	3	76	423	78	437	1.97e-35	132
1360.431	1628.476	32.584	267	177	3	76	341	73	337	1.18e-33	127
1360.431	1675.495	26.768	396	263	8	45	423	73	458	4.55e-33	125
1360.431	1708.467	28.415	366	239	7	76	424	67	426	7.99e-32	121
1360.431	753.460	26.786	392	260	9	48	424	46	425	8.31e-32	121
1360.431	546.453	26.776	366	253	4	72	424	54	417	3.45e-31	119
1360.431	1563.458	29.963	267	184	3	75	341	53	316	3.91e-30	116
1360.431	197.192	75.325	77	17	1	36	112	35	109	5.29e-30	110
1360.431	801.457	30.258	271	182	5	76	341	75	343	9.53e-30	115
1360.431	843.456	28.000	275	191	5	72	341	70	342	2.10e-27	108
1360.431	958.456	28.000	275	191	5	72	341	70	342	2.71e-27	108
1327.430	1327.430	100.000	430	0	0	1	430	1	430	0.0	845
1327.430	1636.420	44.872	390	207	5	41	426	32	417	2.75e-113	334
1327.430	1386.399	40.967	393	228	4	37	427	8	398	1.03e-98	296
1327.430	867.413	29.973	377	252	8	36	408	3	371	5.51e-48	164
1327.430	191.416	29.847	392	258	9	43	424	13	397	6.69e-46	159
1327.430	1316.416	28.499	393	264	8	42	424	12	397	3.41e-43	152
1327.430	1365.479	28.499	393	264	8	42	424	75	460	6.24e-43	152
1327.430	1017.337	25.938	320	197	11	60	375	21	304	1.25e-18	81.6
1327.430	1548.333	26.761	284	170	11	43	319	1	253	1.22e-16	75.9
1327.430	280.336	25.843	356	209	13	48	395	6	314	5.18e-16	73.9
1327.430	654.343	24.074	378	238	13	43	414	1	335	6.34e-16	73.6
1327.430	1780.335	23.256	344	226	9	64	404	20	328	3.62e-13	65.1
1327.430	868.354	25.215	349	223	10	60	405	16	329	4.22e-12	62.0
1327.430	1155.335	27.372	274	159	13	43	308	1	242	5.64e-12	61.6
1327.430	1587.345	26.712	292	172	12	61	342	17	276	8.22e-12	61.2
1327.430	647.381	25.352	284	184	10	41	320	31	290	1.01e-11	61.2
1327.430	508.346	24.746	295	187	8	56	343	14	280	3.88e-11	58.9
1327.430	1736.332	26.545	275	170	11	50	320	8	254	1.16e-10	57.4
1327.430	599.348	22.778	360	222	12	49	396	7	322	2.85e-09	53.1
1327.430	235.345	24.478	335	201	14	43	366	1	294	1.30e-08	51.2
1327.430	358.345	24.478	335	201	14	43	366	1	294	1.30e-08	51.2
1327.430	45.345	24.671	304	189	11	49	343	7	279	1.36e-08	51.2
365.425	365.425	100.000	425	0	0	1	425	1	425	0.0	802
365.425	1518.414	51.074	419	187	6	6	422	10	412	5.07e-125	364
365.425	463.410	51.422	422	186	7	4	422	3	408	1.28e-121	355
365.425	688.397	48.166	409	195	5	14	421	2	394	3.08e-117	343
365.425	1321.415	40.670	418	232	8	9	422	7	412	3.21e-85	262
365.425	796.423	37.240	384	223	7	41	421	48	416	4.26e-62	202
365.425	848.421	37.108	415	242	8	11	421	17	416	4.42e-62	202
365.425	963.421	37.240	384	223	7	41	421	48	416	4.81e-62	202
925.425	925.425	100.000	362	0	0	64	425	64	425	0.0	636
925.425	1066.425	100.000	362	0	0	64	425	64	425	0.0	636
925.425	302.419	96.961	362	11	0	64	425	58	419	0.0	619
925.425	991.412	75.138	362	90	0	64	425	51	412	2.09e-174	489
925.425	624.417	58.841	345	140	1	65	407	60	404	4.85e-120	351
925.425	475.420	46.814	361	186	4	64	423	64	419	8.19e-97	292
925.425	36.413	47.778	360	185	2	64	423	56	412	2.40e-94	285
925.425	69.413	47.500	360	186	2	64	423	56	412	6.20e-94	284
925.425	1493.419	45.531	358	190	4	64	419	62	416	5.26e-91	277
925.425	1526.419	45.938	357	188	4	65	419	63	416	2.59e-90	275
925.425	441.414	45.098	357	193	2	64	419	57	411	2.68e-85	262
925.425	1271.414	45.098	357	193	2	64	419	57	411	2.68e-85	262
925.425	1760.442	48.276	348	176	3	64	408	74	420	7.53e-85	262
925.425	720.361	37.293	362	220	4	70	425	1	361	1.12e-61	199
925.425	1393.432	39.205	352	206	3	64	409	79	428	7.43e-61	199
925.425	676.438	39.489	352	201	5	65	407	84	432	1.30e-58	193
925.425	1311.431	39.429	350	208	2	64	409	78	427	6.33e-58	191
925.425	1360.431	39.429	350	208	2	64	409	78	427	2.70e-57	189
925.425	1450.444	38.983	354	196	7	65	401	57	407	1.16e-56	188
925.425	1178.441	36.043	369	227	3	65	425	74	441	3.70e-55	184
925.425	579.445	39.155	355	196	8	65	402	59	410	5.39e-54	181
925.425	1222.463	36.339	366	212	7	65	410	79	443	6.75e-52	176
925.425	163.433	38.486	317	192	3	89	403	99	414	1.03e-50	172
925.425	1675.495	35.013	377	221	7	65	421	102	474	8.87e-49	168
925.425	119.444	30.725	345	236	3	68	411	84	426	3.26e-46	160
925.425	1138.472	33.799	358	219	5	65	405	81	437	1.21e-44	157
925.425	1628.476	33.995	403	222	8	65	425	76	476	9.60e-44	154
925.425	257.449	37.079	356	200	9	65	401	62	412	2.41e-43	153
925.425	335.449	37.079	356	200	9	65	401	62	412	2.41e-43	153
925.425	753.460	34.349	361	218	7	65	408	69	427	3.03e-43	153
925.425	1708.467	34.916	358	216	3	65	406	70	426	4.82e-43	152
925.425	892.453	35.112	356	207	9	65	401	66	416	5.77e-43	152
925.425	381.475	34.270	356	210	9	65	401	88	438	1.73e-40	145
925.425	546.453	33.155	374	225	8	65	415	61	432	7.72e-40	143
925.425	1024.453	31.790	324	218	3	64	385	73	395	6.90e-39	140
925.425	801.457	32.213	357	225	6	65	407	78	431	8.11e-39	140
925.425	958.456	31.593	383	237	7	65	425	77	456	1.70e-38	140
925.425	843.456	31.933	357	226	6	65	407	77	430	6.80e-38	138
925.425	1563.458	26.316	361	226	4	65	387	57	415	1.08e-26	106
925.425	196.249	34.818	247	153	3	169	409	1	245	3.39e-23	93.2
1066.425	925.425	100.000	362	0	0	64	425	64	425	0.0	636
1066.425	1066.425	100.000	362	0	0	64	425	64	425	0.0	636
1066.425	302.419	96.961	362	11	0	64	425	58	419	0.0	619
1066.425	991.412	75.138	362	90	0	64	425	51	412	2.09e-174	489
1066.425	624.417	58.841	345	140	1	65	407	60	404	4.85e-120	351
1066.425	475.420	46.814	361	186	4	64	423	64	419	8.19e-97	292
1066.425	36.413	47.778	360	185	2	64	423	56	412	2.40e-94	285
1066.425	69.413	47.500	360	186	2	64	423	56	412	6.20e-94	284
1066.425	1493.419	45.531	358	190	4	64	419	62	416	5.26e-91	277
1066.425	1526.419	45.938	357	188	4	65	419	63	416	2.59e-90	275
1066.425	441.414	45.098	357	193	2	64	419	57	411	2.68e-85	262
1066.425	1271.414	45.098	357	193	2	64	419	57	411	2.68e-85	262
1066.425	1760.442	48.276	348	176	3	64	408	74	420	7.53e-85	262
1066.425	720.361	37.293	362	220	4	70	425	1	361	1.12e-61	199
1066.425	1393.432	39.205	352	206	3	64	409	79	428	7.43e-61	199
1066.425	676.438	39.489	352	201	5	65	407	84	432	1.30e-58	193
1066.425	1311.431	39.429	350	208	2	64	409	78	427	6.33e-58	191
1066.425	1360.431	39.429	350	208	2	64	409	78	427	2.70e-57	189
1066.425	1450.444	38.983	354	196	7	65	401	57	407	1.16e-56	188
1066.425	1178.441	36.043	369	227	3	65	425	74	441	3.70e-55	184
1066.425	579.445	39.155	355	196	8	65	402	59	410	5.39e-54	181
1066.425	1222.463	36.339	366	212	7	65	410	79	443	6.75e-52	176
1066.425	163.433	38.486	317	192	3	89	403	99	414	1.03e-50	172
1066.425	1675.495	35.013	377	221	7	65	421	102	474	8.87e-49	168
1066.425	119.444	30.725	345	236	3	68	411	84	426	3.26e-46	160
1066.425	1138.472	33.799	358	219	5	65	405	81	437	1.21e-44	157
1066.425	1628.476	33.995	403	222	8	65	425	76	476	9.60e-44	154
1066.425	257.449	37.079	356	200	9	65	401	62	412	2.41e-43	153
1066.425	335.449	37.079	356	200	9	65	401	62	412	2.41e-43	153
1066.425	753.460	34.349	361	218	7	65	408	69	427	3.03e-43	153
1066.425	1708.467	34.916	358	216	3	65	406	70	426	4.82e-43	152
1066.425	892.453	35.112	356	207	9	65	401	66	416	5.77e-43	152
1066.425	381.475	34.270	356	210	9	65	401	88	438	1.73e-40	145
1066.425	546.453	33.155	374	225	8	65	415	61	432	7.72e-40	143
1066.425	1024.453	31.790	324	218	3	64	385	73	395	6.90e-39	140
1066.425	801.457	32.213	357	225	6	65	407	78	431	8.11e-39	140
1066.425	958.456	31.593	383	237	7	65	425	77	456	1.70e-38	140
1066.425	843.456	31.933	357	226	6	65	407	77	430	6.80e-38	138
1066.425	1563.458	26.316	361	226	4	65	387	57	415	1.08e-26	106
1066.425	196.249	34.818	247	153	3	169	409	1	245	3.39e-23	93.2
341.423	341.423	100.000	423	0	0	1	423	1	423	0.0	669
341.423	251.453	99.762	421	1	0	1	421	1	421	0.0	665
341.423	886.403	55.138	399	171	5	21	417	2	394	1.08e-124	362
341.423	585.420	54.137	423	185	6	1	420	1	417	3.16e-124	362
341.423	387.437	50.244	410	192	5	17	418	17	422	1.05e-111	330
341.423	1444.322	57.312	253	104	4	162	412	56	306	1.40e-91	275
341.423	540.305	39.841	251	142	4	162	408	44	289	7.93e-52	172
341.423	1669.436	41.406	256	136	6	162	410	163	411	1.42e-51	174
341.423	1144.434	39.764	254	138	6	165	410	163	409	2.00e-48	166
341.423	759.306	38.462	260	149	5	162	417	46	298	1.67e-46	157
341.423	617.299	40.000	260	137	7	176	423	47	299	2.53e-43	149
341.423	296.296	40.000	240	131	6	181	413	61	294	8.63e-43	147
341.423	1487.325	39.231	260	134	8	169	419	60	304	1.25e-41	145
341.423	932.297	39.167	240	133	6	181	413	62	295	5.90e-40	140
341.423	1059.297	39.167	240	133	6	181	413	62	295	5.90e-40	140
341.423	1715.306	38.372	258	142	6	162	408	43	294	7.00e-40	140
341.423	63.314	38.211	246	139	5	162	401	42	280	2.07e-39	139
341.423	25.315	39.035	228	127	5	180	401	60	281	1.16e-38	137
341.423	1216.455	35.178	253	146	6	166	405	170	417	1.89e-38	139
341.423	984.299	37.500	240	138	6	180	413	63	296	2.56e-38	135
341.423	1532.314	37.083	240	136	7	171	401	52	285	4.11e-38	135
341.423	481.313	37.805	246	127	8	173	401	43	279	2.38e-37	133
341.423	435.316	37.226	274	144	10	162	422	41	299	6.80e-37	132
341.423	1265.316	37.226	274	144	10	162	422	41	299	6.80e-37	132
341.423	203.305	36.364	253	145	8	162	404	44	290	8.65e-37	132
341.423	1399.304	34.328	268	153	7	162	419	44	298	8.32e-36	129
341.423	1569.311	35.907	259	153	9	163	413	42	295	4.82e-35	127
341.423	1354.306	33.992	253	151	7	162	404	44	290	7.67e-35	126
341.423	1622.315	34.510	255	155	7	173	422	66	313	1.05e-34	126
341.423	714.294	35.458	251	150	7	162	408	36	278	1.23e-34	125
341.423	1305.306	33.992	253	151	7	162	404	44	290	6.39e-34	124
341.423	670.343	32.714	269	162	8	162	416	58	321	4.67e-32	120
341.423	1766.314	35.606	264	136	9	164	400	27	283	1.95e-31	117
341.423	1172.301	34.836	244	149	8	162	401	44	281	3.16e-30	114
341.423	952.313	29.200	250	166	6	162	405	61	305	2.29e-29	112
341.423	807.309	29.600	250	165	6	162	405	57	301	2.33e-29	111
341.423	837.313	30.000	250	164	6	162	405	61	305	9.36e-29	110
341.423	158.286	33.898	236	135	8	180	408	61	282	1.27e-28	109
341.423	113.305	32.114	246	152	8	168	407	47	283	2.60e-27	105
341.423	1030.310	34.188	234	139	8	172	397	55	281	1.69e-26	103
796.423	796.423	100.000	423	0	0	1	423	1	423	0.0	785
796.423	848.421	98.571	420	6	0	1	420	1	420	0.0	769
796.423	963.421	98.571	420	6	0	1	420	1	420	0.0	768
796.423	688.397	38.177	406	235	11	19	418	1	396	2.62e-75	236
796.423	1518.414	38.861	404	230	11	20	416	18	411	5.09e-72	228
796.423	463.410	39.506	405	233	10	17	416	10	407	7.32e-71	224
796.423	365.425	37.590	415	240	8	17	416	11	421	9.27e-66	211
796.423	1321.415	34.974	386	232	9	20	394	12	389	9.16e-62	201
1191.422	1191.422	100.000	422	0	0	1	422	1	422	0.0	766
820.421	820.421	100.000	415	0	0	1	415	1	415	0.0	808
848.421	848.421	100.000	421	0	0	1	421	1	421	0.0	781
848.421	963.421	99.525	421	2	0	1	421	1	421	0.0	778
848.421	796.423	98.571	420	6	0	1	420	1	420	0.0	769
848.421	688.397	38.424	406	234	11	19	418	1	396	2.24e-75	236
848.421	1518.414	38.614	404	231	10	20	416	18	411	1.07e-71	227
848.421	463.410	39.753	405	232	10	17	416	10	407	9.62e-71	224
848.421	365.425	37.590	415	240	8	17	416	11	421	1.10e-65	211
848.421	1321.415	34.456	386	234	8	20	394	12	389	3.16e-60	197
963.421	963.421	100.000	421	0	0	1	421	1	421	0.0	782
963.421	848.421	99.525	421	2	0	1	421	1	421	0.0	778
963.421	796.423	98.571	420	6	0	1	420	1	420	0.0	768
963.421	688.397	38.025	405	237	9	19	418	1	396	7.36e-76	237
963.421	1518.414	38.614	404	231	10	20	416	18	411	5.76e-72	227
963.421	463.410	39.506	405	233	10	17	416	10	407	1.26e-70	224
963.421	365.425	37.590	415	240	8	17	416	11	421	1.17e-65	211
963.421	1321.415	34.456	386	234	8	20	394	12	389	1.86e-60	197
205.420	205.420	100.000	420	0	0	1	420	1	420	0.0	842
205.420	1340.418	23.708	329	229	9	62	383	71	384	1.07e-11	61.2
475.420	475.420	100.000	420	0	0	1	420	1	420	0.0	801
475.420	1493.419	78.442	385	78	2	37	420	39	419	0.0	626
475.420	36.413	75.325	385	84	2	37	420	39	413	0.0	585
475.420	69.413	75.325	385	84	2	37	420	39	413	0.0	584
475.420	441.414	74.084	382	91	2	40	420	40	414	0.0	572
475.420	1271.414	74.084	382	91	2	40	420	40	414	0.0	572
475.420	1526.419	67.602	392	121	3	31	420	32	419	0.0	541
475.420	925.425	46.594	367	190	4	58	419	58	423	3.27e-107	318
475.420	1066.425	46.594	367	190	4	58	419	58	423	3.27e-107	318
475.420	302.419	46.281	363	189	4	62	419	56	417	1.61e-105	314
475.420	991.412	43.681	364	199	4	61	419	48	410	2.24e-92	280
475.420	624.417	43.702	389	203	6	37	420	40	417	2.18e-87	267
475.420	1760.442	40.106	379	221	4	44	416	52	430	5.96e-83	256
475.420	676.438	35.969	392	224	8	38	404	42	431	2.31e-70	224
475.420	1393.432	33.663	404	239	5	32	407	26	428	4.25e-65	210
475.420	163.433	35.925	373	222	7	45	401	43	414	1.38e-63	206
475.420	720.361	36.111	360	218	4	72	420	3	361	3.96e-63	202
475.420	1450.444	35.222	406	221	12	51	418	42	443	2.34e-61	201
475.420	1311.431	34.986	363	208	4	62	407	76	427	4.58e-61	199
475.420	1178.441	35.376	359	222	7	62	413	71	426	1.79e-60	198
475.420	1360.431	34.177	395	218	6	44	407	44	427	1.94e-60	197
475.420	1708.467	33.884	363	223	3	59	404	64	426	4.06e-58	192
475.420	546.453	34.264	394	217	9	36	403	39	416	4.42e-56	187
475.420	1675.495	33.588	393	226	9	42	403	70	458	7.66e-55	184
475.420	1138.472	34.177	395	227	11	37	408	58	442	1.50e-54	183
475.420	381.475	33.162	389	234	9	30	399	57	438	4.16e-54	182
475.420	579.445	34.367	387	216	11	37	400	39	410	5.45e-54	181
475.420	119.444	31.707	369	241	9	45	407	61	424	5.62e-54	181
475.420	753.460	32.242	397	237	13	30	403	37	424	3.54e-53	179
475.420	892.453	33.693	371	222	8	43	393	44	410	2.59e-52	177
475.420	1222.463	32.208	385	225	9	51	408	65	440	1.60e-51	175
475.420	1628.476	33.333	381	212	8	60	402	71	447	2.94e-51	174
475.420	257.449	33.333	381	220	13	41	399	44	412	2.05e-48	166
475.420	335.449	33.333	381	220	13	41	399	44	412	2.05e-48	166
475.420	801.457	30.137	365	236	8	55	403	68	429	9.71e-45	157
475.420	843.456	29.863	365	237	8	55	403	67	428	1.66e-44	156
475.420	958.456	29.863	365	237	8	55	403	67	428	2.45e-44	155
475.420	1563.458	29.114	395	225	8	55	404	49	433	1.49e-43	153
475.420	1024.453	28.736	348	241	6	62	404	71	416	3.11e-41	147
475.420	196.249	28.516	256	155	4	169	407	1	245	2.40e-25	99.4
585.420	585.420	100.000	420	0	0	1	420	1	420	0.0	685
585.420	341.423	54.703	404	177	6	1	399	1	403	5.37e-129	374
585.420	251.453	54.703	404	177	6	1	399	1	403	1.45e-128	374
585.420	387.437	50.636	393	184	6	17	399	17	409	1.02e-119	351
585.420	886.403	54.047	383	169	6	21	399	2	381	1.24e-119	349
585.420	1444.322	59.023	266	107	2	136	399	32	297	3.74e-114	332
585.420	1669.436	39.118	340	190	9	67	398	73	403	5.68e-65	210
585.420	1144.434	43.750	256	127	10	152	397	152	400	4.92e-59	194
585.420	1487.325	37.308	260	149	4	146	396	36	290	2.00e-55	181
585.420	540.305	38.431	255	145	6	150	397	33	282	2.55e-55	181
585.420	481.313	38.722	266	147	6	138	394	18	276	9.87e-55	179
585.420	1715.306	39.273	275	147	9	137	398	21	288	1.15e-54	179
585.420	63.314	39.147	258	143	6	147	396	28	279	1.46e-53	176
585.420	1532.314	35.907	259	148	4	148	396	34	284	4.52e-53	175
585.420	759.306	39.773	264	149	6	139	397	25	283	1.22e-52	174
585.420	25.315	38.521	257	146	6	147	396	29	280	1.63e-52	174
585.420	617.299	37.405	262	148	8	143	394	16	271	5.25e-52	172
585.420	1216.455	31.534	352	219	10	63	397	67	413	2.71e-50	171
585.420	1172.301	36.694	248	149	6	155	398	39	282	2.22e-49	165
585.420	435.316	35.556	270	159	5	137	396	17	281	3.71e-48	162
585.420	1265.316	35.556	270	159	5	137	396	17	281	3.71e-48	162
585.420	296.296	34.962	266	155	7	137	394	24	279	3.83e-47	159
585.420	1766.314	36.486	222	127	6	181	394	66	281	2.68e-45	154
585.420	932.297	33.835	266	158	7	137	394	25	280	3.35e-45	154
585.420	1059.297	33.835	266	158	7	137	394	25	280	3.35e-45	154
585.420	984.299	36.364	264	151	9	141	396	29	283	4.04e-45	154
585.420	1622.315	34.783	276	168	7	148	417	42	311	5.82e-45	154
585.420	203.305	33.948	271	162	7	138	397	23	287	2.58e-44	152
585.420	714.294	36.214	243	147	6	155	394	31	268	4.47e-44	150
585.420	1354.306	34.799	273	161	7	136	397	21	287	8.33e-44	150
585.420	1569.311	34.701	268	159	9	138	396	24	284	1.97e-42	147
585.420	1305.306	33.700	273	164	7	136	397	21	287	5.96e-42	145
585.420	1030.310	31.890	254	159	6	152	397	38	285	1.36e-41	144
585.420	1399.304	31.136	273	171	6	136	397	21	287	3.92e-40	140
585.420	837.313	31.660	259	163	9	147	396	47	300	1.91e-38	136
585.420	158.286	32.830	265	157	9	138	394	21	272	4.20e-38	135
585.420	952.313	31.250	272	169	10	138	396	34	300	4.35e-38	135
585.420	113.305	33.597	253	153	9	152	398	35	278	4.60e-38	135
585.420	807.309	31.538	260	164	9	146	396	42	296	1.75e-37	134
585.420	670.343	29.242	277	170	10	137	394	33	302	1.17e-31	119
585.420	539.112	38.636	44	27	0	63	106	63	106	1.34e-07	45.1
1636.420	1636.420	100.000	406	0	0	15	420	15	420	0.0	828
1636.420	1327.430	44.872	390	207	5	32	417	41	426	1.94e-113	335
1636.420	1386.399	43.921	403	208	5	17	416	9	396	2.67e-103	308
1636.420	867.413	31.638	354	233	6	55	404	29	377	2.79e-51	173
1636.420	191.416	31.200	375	237	9	50	411	27	393	1.65e-41	147
1636.420	1316.416	28.871	381	252	8	50	418	27	400	1.22e-40	145
1636.420	1365.479	28.871	381	252	8	50	418	90	463	2.66e-40	145
1636.420	654.343	27.687	307	188	8	34	336	1	277	9.45e-21	87.8
1636.420	780.351	30.584	291	165	11	34	313	1	265	2.77e-19	83.6
1636.420	1548.333	27.336	289	164	11	40	318	7	259	5.40e-18	79.7
1636.420	647.381	25.275	364	236	14	30	389	29	360	6.45e-18	80.1
1636.420	868.354	27.458	295	173	9	52	336	17	280	1.73e-15	72.4
1636.420	599.348	25.077	323	201	10	40	355	7	295	3.58e-14	68.2
1636.420	1017.337	28.522	291	165	11	32	314	4	259	7.11e-14	67.4
1636.420	1780.335	25.373	335	211	12	55	385	20	319	3.83e-11	58.9
1636.420	414.352	23.647	351	219	11	52	377	25	351	1.34e-10	57.4
1636.420	508.346	22.796	329	206	11	47	365	14	304	9.74e-09	51.6
1636.420	235.345	24.781	343	207	14	34	365	1	303	7.26e-08	48.9
1636.420	358.345	24.781	343	207	14	34	365	1	303	7.26e-08	48.9
302.419	302.419	100.000	360	0	0	60	419	60	419	0.0	632
302.419	925.425	97.214	359	10	0	61	419	67	425	0.0	617
302.419	1066.425	97.214	359	10	0	61	419	67	425	0.0	617
302.419	991.412	75.209	359	89	0	61	419	54	412	7.08e-173	485
302.419	624.417	59.012	344	139	1	60	401	61	404	4.64e-121	353
302.419	475.420	46.089	358	187	4	61	417	67	419	1.21e-94	286
302.419	69.413	47.339	357	185	2	61	417	59	412	3.61e-93	282
302.419	36.413	47.059	357	186	2	61	417	59	412	2.43e-92	280
302.419	1526.419	46.197	355	186	4	61	413	65	416	3.02e-90	275
302.419	1493.419	45.000	360	192	4	61	419	65	419	1.59e-89	273
302.419	441.414	45.198	354	191	2	61	413	60	411	1.13e-84	260
302.419	1271.414	45.198	354	191	2	61	413	60	411	1.13e-84	260
302.419	1760.442	47.536	345	177	3	61	402	77	420	1.21e-82	256
302.419	720.361	38.462	364	213	5	64	419	1	361	9.07e-64	204
302.419	1393.432	40.173	346	201	3	63	403	84	428	1.02e-61	201
302.419	676.438	40.517	348	199	4	61	401	86	432	2.34e-59	195
302.419	1311.431	39.710	345	204	2	63	403	83	427	3.59e-57	189
302.419	1360.431	39.710	345	204	2	63	403	83	427	1.47e-56	187
302.419	1450.444	39.143	350	193	7	63	395	61	407	2.14e-56	187
302.419	1178.441	36.612	366	223	3	62	419	77	441	3.83e-56	187
302.419	163.433	38.123	341	206	4	62	398	76	415	4.13e-53	178
302.419	579.445	37.394	353	201	7	61	396	61	410	5.81e-52	176
302.419	1222.463	36.034	358	211	6	61	401	81	437	6.34e-52	176
302.419	1675.495	35.372	376	219	7	60	415	103	474	3.55e-50	172
302.419	119.444	31.395	344	233	3	63	405	85	426	9.10e-48	164
302.419	1138.472	33.613	357	219	5	60	399	82	437	1.42e-44	156
302.419	1628.476	32.918	401	225	6	61	419	78	476	4.48e-43	152
302.419	892.453	35.795	352	202	9	63	395	70	416	5.81e-43	152
302.419	257.449	37.216	352	197	9	63	395	66	412	7.07e-43	151
302.419	335.449	37.216	352	197	9	63	395	66	412	7.07e-43	151
302.419	1708.467	35.112	356	214	3	61	400	72	426	8.91e-43	151
302.419	753.460	32.888	374	230	8	60	416	70	439	1.08e-41	148
302.419	546.453	33.333	372	223	8	61	409	63	432	2.03e-40	145
302.419	1024.453	31.085	341	232	3	62	400	77	416	1.24e-39	142
302.419	381.475	33.807	352	209	9	63	395	92	438	1.65e-39	142
302.419	801.457	32.676	355	218	8	63	401	82	431	1.47e-37	137
302.419	958.456	30.343	379	239	7	63	419	81	456	2.17e-36	134
302.419	843.456	30.595	353	228	6	63	401	81	430	1.06e-35	132
302.419	1563.458	27.019	359	222	4	61	381	59	415	6.83e-27	107
302.419	196.249	35.223	247	152	3	163	403	1	245	1.14e-23	94.4
1493.419	1493.419	100.000	377	0	0	43	419	43	419	0.0	773
1493.419	475.420	80.161	373	72	2	47	419	50	420	0.0	620
1493.419	441.414	79.576	377	74	1	43	419	41	414	0.0	612
1493.419	1271.414	79.576	377	74	1	43	419	41	414	0.0	612
1493.419	36.413	80.106	377	69	1	43	419	43	413	0.0	608
1493.419	69.413	79.841	377	70	1	43	419	43	413	0.0	606
1493.419	1526.419	73.740	377	99	0	43	419	43	419	0.0	581
1493.419	925.425	45.455	363	193	4	57	416	59	419	1.46e-102	306
1493.419	1066.425	45.455	363	193	4	57	416	59	419	1.46e-102	306
1493.419	302.419	45.504	367	194	5	54	416	49	413	9.71e-102	304
1493.419	991.412	43.539	356	197	3	58	410	47	401	5.71e-89	271
1493.419	1760.442	39.459	370	214	4	54	416	66	432	1.78e-82	255
1493.419	624.417	42.466	365	200	4	57	416	54	413	1.84e-82	254
1493.419	676.438	36.544	353	212	6	60	402	81	431	1.55e-62	203
1493.419	720.361	36.389	360	218	4	70	419	3	361	5.56e-62	200
1493.419	1178.441	35.200	375	228	7	58	419	69	441	8.82e-62	201
1493.419	1708.467	33.880	366	225	3	57	405	64	429	5.19e-61	200
1493.419	163.433	36.288	361	215	8	49	399	59	414	9.95e-60	196
1493.419	1450.444	34.390	410	227	12	44	417	40	443	1.40e-58	193
1493.419	546.453	34.545	385	214	8	43	401	44	416	6.58e-58	192
1493.419	1393.432	31.933	357	235	4	56	405	73	428	4.76e-56	186
1493.419	381.475	32.973	370	226	5	45	395	70	436	1.19e-54	184
1493.419	1311.431	31.218	394	225	5	47	405	45	427	6.61e-54	181
1493.419	1360.431	31.218	394	225	5	47	405	45	427	1.63e-53	179
1493.419	1675.495	32.481	391	229	9	44	401	70	458	8.76e-53	179
1493.419	1138.472	31.854	383	237	8	45	406	63	442	1.23e-52	178
1493.419	579.445	32.918	401	228	8	53	417	49	444	2.07e-52	177
1493.419	753.460	31.332	383	237	6	43	401	44	424	2.22e-52	177
1493.419	892.453	33.243	370	221	7	45	391	44	410	1.54e-51	175
1493.419	1628.476	32.020	406	228	8	60	419	73	476	8.78e-51	173
1493.419	119.444	32.000	375	234	12	46	405	57	425	4.43e-49	168
1493.419	1222.463	31.407	398	227	11	52	416	66	450	9.38e-48	165
1493.419	843.456	30.894	369	236	8	49	401	63	428	2.72e-47	163
1493.419	958.456	30.894	369	236	8	49	401	63	428	2.87e-47	163
1493.419	257.449	31.873	411	238	12	47	419	43	449	1.52e-46	161
1493.419	335.449	31.873	411	238	12	47	419	43	449	1.52e-46	161
1493.419	801.457	30.623	369	237	8	49	401	64	429	2.78e-46	160
1493.419	1563.458	30.227	440	229	12	43	419	34	458	8.73e-45	157
1493.419	1024.453	28.818	347	242	4	60	402	71	416	1.22e-42	151
1493.419	196.249	25.490	255	162	4	169	406	3	246	2.69e-20	85.1
1526.419	1526.419	100.000	419	0	0	1	419	1	419	0.0	775
1526.419	36.413	74.555	393	94	1	27	419	27	413	0.0	588
1526.419	69.413	77.624	362	81	0	58	419	52	413	0.0	583
1526.419	1493.419	73.698	384	100	1	36	419	37	419	0.0	573
1526.419	475.420	70.360	361	106	1	59	419	61	420	0.0	527
1526.419	441.414	70.360	361	107	0	59	419	54	414	0.0	521
1526.419	1271.414	70.360	361	107	0	59	419	54	414	0.0	521
1526.419	302.419	46.133	362	190	4	58	416	54	413	1.22e-101	304
1526.419	925.425	45.856	362	191	4	58	416	60	419	3.63e-101	303
1526.419	1066.425	45.856	362	191	4	58	416	60	419	3.63e-101	303
1526.419	991.412	46.409	362	189	4	58	416	47	406	5.50e-95	286
1526.419	624.417	43.503	354	195	3	58	406	55	408	9.68e-84	258
1526.419	1760.442	39.452	365	216	4	57	416	68	432	1.51e-77	243
1526.419	676.438	38.162	359	210	6	57	405	78	434	3.15e-66	213
1526.419	1708.467	34.877	367	218	6	58	405	65	429	7.02e-62	202
1526.419	1178.441	33.245	376	236	6	57	419	68	441	4.77e-61	199
1526.419	720.361	35.000	360	223	4	70	419	3	361	8.72e-60	194
1526.419	163.433	37.143	350	205	9	60	399	70	414	1.69e-56	187
1526.419	1393.432	31.461	356	236	4	57	405	74	428	9.55e-54	180
1526.419	119.444	33.236	343	218	7	66	402	84	421	2.71e-53	179
1526.419	257.449	35.930	398	212	15	59	419	58	449	1.75e-52	177
1526.419	335.449	35.930	398	212	15	59	419	58	449	1.75e-52	177
1526.419	1450.444	33.663	404	233	11	37	412	31	427	8.54e-52	175
1526.419	1311.431	32.584	356	232	4	57	405	73	427	2.29e-51	174
1526.419	546.453	32.895	380	219	10	58	411	56	425	2.85e-51	174
1526.419	1360.431	32.584	356	232	4	57	405	73	427	6.35e-51	172
1526.419	1138.472	31.806	371	227	9	58	406	76	442	7.76e-50	171
1526.419	579.445	33.503	394	221	9	60	417	56	444	1.99e-49	169
1526.419	753.460	30.833	360	232	4	59	401	65	424	2.37e-49	169
1526.419	1628.476	31.527	406	230	7	60	419	73	476	8.89e-49	168
1526.419	1675.495	32.055	365	225	7	58	401	96	458	1.75e-48	167
1526.419	801.457	32.597	362	221	10	58	401	73	429	6.75e-48	165
1526.419	1222.463	32.637	383	224	10	60	416	76	450	2.55e-47	164
1526.419	1024.453	35.621	306	184	8	60	358	71	370	2.74e-47	163
1526.419	381.475	32.022	356	220	5	59	395	84	436	2.01e-46	161
1526.419	843.456	31.215	362	226	10	58	401	72	428	1.90e-45	158
1526.419	958.456	31.215	362	226	10	58	401	72	428	2.64e-45	158
1526.419	892.453	33.144	353	210	8	60	391	63	410	2.78e-43	152
1526.419	1563.458	30.695	417	220	11	60	419	54	458	5.26e-43	152
1526.419	196.249	25.301	249	158	4	174	405	8	245	2.03e-17	76.6
1340.418	1340.418	100.000	418	0	0	1	418	1	418	0.0	872
1340.418	232.391	26.923	234	156	7	178	402	135	362	1.07e-16	76.3
1340.418	361.391	26.923	234	156	7	178	402	135	362	1.07e-16	76.3
1340.418	237.353	27.962	211	128	8	176	379	148	341	4.62e-14	68.2
1340.418	355.353	27.962	211	128	8	176	379	148	341	4.62e-14	68.2
1340.418	205.420	24.924	329	225	10	71	384	62	383	8.58e-14	67.8
1340.418	1412.394	32.927	82	54	1	297	378	306	386	8.55e-08	48.9
624.417	624.417	100.000	417	0	0	1	417	1	417	0.0	763
624.417	302.419	59.143	350	141	1	55	404	54	401	2.01e-131	380
624.417	925.425	58.405	351	144	1	54	404	59	407	2.03e-129	375
624.417	1066.425	58.405	351	144	1	54	404	59	407	2.03e-129	375
624.417	991.412	57.307	349	147	1	56	404	48	394	7.63e-121	353
624.417	1760.442	46.221	344	183	2	57	399	72	414	5.94e-88	270
624.417	69.413	45.910	379	193	5	40	413	39	410	2.08e-87	267
624.417	36.413	45.263	380	196	5	39	413	38	410	1.06e-86	265
624.417	475.420	43.702	389	203	6	40	417	37	420	1.96e-84	259
624.417	1526.419	43.733	359	196	4	51	408	53	406	9.74e-82	253
624.417	1493.419	42.466	365	200	4	54	413	57	416	1.97e-79	247
624.417	441.414	42.623	366	205	3	47	412	45	405	6.47e-76	238
624.417	1271.414	42.623	366	205	3	47	412	45	405	6.47e-76	238
624.417	1178.441	40.599	367	210	4	52	413	62	425	2.15e-74	234
624.417	676.438	42.105	361	199	5	51	404	75	432	1.95e-73	232
624.417	1393.432	36.145	415	234	6	18	405	17	427	5.44e-73	230
624.417	720.361	40.936	342	198	3	67	407	3	341	4.97e-72	226
624.417	1311.431	38.109	349	212	3	57	402	76	423	9.60e-68	217
624.417	1360.431	38.109	349	212	3	57	402	76	423	9.80e-68	217
624.417	163.433	37.006	354	216	5	54	403	67	417	2.52e-58	192
624.417	1450.444	35.246	366	219	7	57	407	54	416	2.90e-56	187
624.417	1024.453	35.127	353	224	4	57	407	71	420	3.15e-56	187
624.417	579.445	34.037	379	231	8	44	407	44	418	2.67e-54	182
624.417	1222.463	33.763	388	233	8	51	415	65	451	5.41e-54	181
624.417	119.444	32.659	346	228	4	63	407	84	425	7.17e-53	178
624.417	753.460	33.253	415	244	9	23	407	18	429	3.08e-52	177
624.417	1675.495	34.771	371	225	6	52	406	93	462	8.39e-52	176
624.417	546.453	34.367	387	234	8	39	407	37	421	1.18e-51	175
624.417	381.475	33.152	368	226	8	56	407	84	447	1.65e-49	170
624.417	257.449	31.948	385	240	9	40	407	42	421	8.30e-46	159
624.417	335.449	31.948	385	240	9	40	407	42	421	8.30e-46	159
624.417	1138.472	32.514	366	231	5	56	406	77	441	1.24e-45	159
624.417	892.453	32.698	367	227	8	57	407	63	425	3.84e-45	157
624.417	1708.467	30.874	366	238	3	56	407	66	430	2.65e-43	153
624.417	801.457	30.707	368	238	7	52	406	70	433	1.55e-41	148
624.417	843.456	29.891	368	241	7	52	406	69	432	8.54e-40	143
624.417	958.456	29.891	368	241	7	52	406	69	432	1.60e-39	142
624.417	1628.476	30.423	378	227	5	57	401	73	447	2.70e-37	136
624.417	196.249	33.607	244	160	2	164	405	1	244	8.83e-31	114
624.417	1563.458	26.400	375	237	6	52	390	49	420	1.08e-30	118
191.416	191.416	100.000	416	0	0	1	416	1	416	0.0	844
191.416	1316.416	91.106	416	37	0	1	416	1	416	0.0	775
191.416	1365.479	91.106	416	37	0	1	416	64	479	0.0	773
191.416	867.413	44.415	376	199	4	13	386	10	377	6.79e-106	315
191.416	1386.399	33.584	399	236	10	11	396	12	394	7.09e-54	179
191.416	1327.430	29.847	392	258	9	13	397	43	424	5.43e-46	159
191.416	1636.420	31.200	375	237	9	27	393	50	411	1.64e-41	147
191.416	1780.335	27.733	375	219	15	13	379	1	331	1.57e-19	84.3
191.416	1017.337	26.385	379	227	15	9	383	2	332	5.41e-19	82.8
191.416	868.354	25.325	308	199	8	13	318	1	279	4.28e-16	74.3
191.416	1548.333	26.225	347	210	15	19	361	7	311	4.00e-15	71.2
191.416	654.343	24.462	372	234	13	13	382	1	327	5.56e-15	70.9
191.416	414.352	27.794	349	215	11	13	360	9	321	1.44e-14	69.7
191.416	780.351	22.840	324	208	10	13	326	1	292	6.22e-13	64.7
191.416	599.348	26.667	330	204	13	13	338	1	296	6.95e-13	64.3
191.416	508.346	26.611	357	205	13	13	358	1	311	8.88e-12	60.8
191.416	235.345	25.212	353	214	13	16	361	4	313	7.53e-11	58.2
191.416	358.345	25.212	353	214	13	16	361	4	313	7.53e-11	58.2
191.416	647.381	22.182	275	173	11	4	270	24	265	1.05e-10	57.8
191.416	45.345	25.148	338	195	13	13	337	1	293	1.44e-09	54.3
1316.416	1316.416	100.000	416	0	0	1	416	1	416	0.0	842
1316.416	1365.479	100.000	416	0	0	1	416	64	479	0.0	840
1316.416	191.416	91.106	416	37	0	1	416	1	416	0.0	775
1316.416	867.413	44.974	378	198	4	11	386	8	377	2.97e-107	318
1316.416	1386.399	32.487	394	247	9	11	396	12	394	3.85e-52	175
1316.416	1327.430	28.499	393	264	8	12	397	42	424	2.12e-43	152
1316.416	1636.420	28.871	381	252	8	27	400	50	418	1.21e-40	145
1316.416	1780.335	26.400	375	224	15	13	379	1	331	6.27e-16	73.6
1316.416	654.343	24.194	372	235	12	13	382	1	327	1.58e-15	72.4
1316.416	1017.337	25.066	379	232	14	9	383	2	332	1.89e-15	72.0
1316.416	868.354	27.797	295	178	9	13	301	1	266	2.72e-15	71.6
1316.416	414.352	27.557	352	218	12	10	360	6	321	1.99e-14	69.3
1316.416	1548.333	25.575	348	211	13	19	361	7	311	2.32e-13	65.9
1316.416	599.348	27.356	329	203	13	13	338	1	296	3.69e-13	65.1
1316.416	647.381	24.262	305	182	14	4	294	24	293	3.83e-12	62.4
1316.416	780.351	21.739	322	211	8	13	324	1	291	1.52e-11	60.5
1316.416	235.345	25.568	352	214	14	16	361	4	313	4.12e-11	58.9
1316.416	358.345	25.568	352	214	14	16	361	4	313	4.12e-11	58.9
1316.416	508.346	26.479	355	208	11	13	358	1	311	1.44e-10	57.4
1316.416	45.345	26.184	359	203	15	13	358	1	310	4.45e-10	55.8
1316.416	1155.335	25.606	371	220	18	20	384	8	328	8.73e-08	48.5
1746.416	1746.416	100.000	416	0	0	1	416	1	416	0.0	808
1746.416	743.389	44.479	317	159	8	101	409	77	384	2.38e-78	243
1746.416	270.381	45.875	303	151	6	109	409	86	377	7.55e-78	241
1746.416	322.381	45.875	303	151	6	109	409	86	377	7.55e-78	241
1746.416	1503.370	44.373	311	158	7	103	409	67	366	2.27e-77	240
1746.416	80.373	44.337	309	159	6	103	408	70	368	5.84e-77	239
1746.416	1465.373	44.872	312	157	8	103	409	68	369	4.30e-76	236
1746.416	998.388	40.665	391	199	11	18	402	5	368	1.80e-75	235
1746.416	1682.403	39.899	396	220	8	25	405	1	393	3.36e-75	235
1746.416	900.363	41.143	350	185	8	66	408	25	360	1.15e-72	228
1746.416	455.385	43.038	316	162	8	99	408	75	378	3.31e-71	224
1746.416	1285.385	43.038	316	162	8	99	408	75	378	3.31e-71	224
1746.416	1133.370	39.456	294	160	8	103	395	74	350	5.35e-53	176
1746.416	559.83	43.750	80	42	2	331	409	2	79	6.77e-15	65.1
1199.415	1199.415	100.000	415	0	0	1	415	1	415	0.0	848
1199.415	1751.498	32.804	189	104	6	2	174	5	186	3.32e-22	93.6
1321.415	1321.415	100.000	415	0	0	1	415	1	415	0.0	820
1321.415	1518.414	47.059	408	206	3	8	413	14	413	8.27e-124	360
1321.415	688.397	45.522	402	208	4	12	411	2	394	1.39e-118	346
1321.415	463.410	45.278	413	207	6	7	412	8	408	3.92e-106	315
1321.415	365.425	40.909	418	231	8	7	412	9	422	7.25e-91	276
1321.415	796.423	35.049	408	246	9	12	411	20	416	3.24e-69	220
1321.415	963.421	34.559	408	248	8	12	411	20	416	6.87e-68	217
1321.415	848.421	34.559	408	248	8	12	411	20	416	1.75e-67	216
441.414	441.414	100.000	414	0	0	1	414	1	414	0.0	731
441.414	1271.414	100.000	414	0	0	1	414	1	414	0.0	731
441.414	1493.419	79.630	378	74	1	40	414	42	419	0.0	611
441.414	69.413	77.600	375	81	1	40	414	42	413	0.0	570
441.414	36.413	77.067	375	83	1	40	414	42	413	0.0	568
441.414	475.420	71.259	421	113	2	1	414	1	420	0.0	567
441.414	1526.419	69.048	378	114	1	40	414	42	419	0.0	530
441.414	302.419	45.352	355	189	4	60	411	61	413	4.94e-94	284
441.414	925.425	45.070	355	190	4	60	411	67	419	8.79e-94	284
441.414	1066.425	45.070	355	190	4	60	411	67	419	8.79e-94	284
441.414	991.412	43.662	355	195	4	60	411	54	406	8.02e-88	268
441.414	624.417	42.980	349	194	3	62	405	64	412	1.48e-76	239
441.414	1760.442	39.326	356	212	3	60	411	77	432	3.57e-76	239
441.414	676.438	38.068	352	206	6	59	400	85	434	2.19e-67	216
441.414	720.361	36.905	336	208	3	65	397	3	337	9.43e-61	196
441.414	1178.441	33.875	369	229	7	59	414	75	441	8.61e-57	188
441.414	1393.432	32.659	346	225	4	62	400	84	428	4.09e-53	178
441.414	1450.444	33.075	387	222	8	62	414	61	444	4.84e-50	170
441.414	163.433	33.918	342	215	6	61	394	76	414	5.92e-50	170
441.414	1311.431	33.526	346	222	4	62	400	83	427	1.26e-49	169
441.414	1708.467	31.285	358	229	3	60	400	72	429	5.43e-49	168
441.414	1360.431	33.237	346	223	4	62	400	83	427	1.36e-48	166
441.414	119.444	32.722	327	202	10	81	397	103	421	1.16e-47	164
441.414	1675.495	30.728	371	232	7	60	407	104	472	2.37e-47	164
441.414	381.475	32.764	351	214	5	59	390	89	436	4.62e-47	163
441.414	1138.472	30.939	362	228	7	60	401	83	442	5.91e-47	163
441.414	1222.463	30.504	377	230	8	60	411	81	450	5.35e-46	160
441.414	579.445	32.095	377	227	9	59	411	60	431	4.87e-44	154
441.414	546.453	30.933	375	240	5	40	396	43	416	1.82e-43	153
441.414	257.449	31.534	352	217	8	59	390	63	410	5.94e-42	149
441.414	335.449	31.534	352	217	8	59	390	63	410	5.94e-42	149
441.414	1024.453	32.095	296	196	5	61	353	77	370	1.06e-41	148
441.414	753.460	27.966	354	238	4	60	396	71	424	5.00e-40	144
441.414	892.453	31.124	347	217	5	59	386	67	410	7.51e-40	143
441.414	1628.476	29.379	354	215	4	59	377	77	430	7.78e-40	143
441.414	1563.458	29.298	413	223	11	59	414	58	458	1.02e-39	143
441.414	801.457	30.571	350	226	7	62	396	82	429	4.90e-38	138
441.414	843.456	30.000	350	228	7	62	396	81	428	1.49e-37	137
441.414	958.456	30.286	350	227	7	62	396	81	428	1.61e-37	137
441.414	196.249	28.862	246	167	4	162	400	1	245	1.25e-20	85.9
497.414	497.414	100.000	414	0	0	1	414	1	414	0.0	862
497.414	456.216	43.529	85	47	1	329	413	123	206	7.50e-15	68.6
497.414	1286.216	43.529	85	47	1	329	413	123	206	7.50e-15	68.6
497.414	1019.115	45.714	70	33	2	328	396	27	92	2.01e-12	58.9
497.414	1097.117	42.857	77	37	3	328	402	28	99	1.40e-11	56.6
497.414	1249.283	50.794	63	21	2	347	409	24	76	1.68e-09	53.5
497.414	1428.181	31.579	95	56	3	5	90	57	151	3.83e-08	48.1
497.414	1245.181	28.571	84	58	2	5	86	57	140	2.47e-07	45.8
497.414	504.181	32.000	75	49	2	3	75	55	129	5.54e-07	44.7
497.414	405.133	34.247	73	46	2	5	75	9	81	9.58e-07	43.1
701.414	701.414	100.000	414	0	0	1	414	1	414	0.0	686
783.414	783.414	100.000	414	0	0	1	414	1	414	0.0	738
871.414	871.414	100.000	414	0	0	1	414	1	414	0.0	842
1194.414	1194.414	100.000	398	0	0	17	414	17	414	0.0	733
1271.414	441.414	100.000	414	0	0	1	414	1	414	0.0	731
1271.414	1271.414	100.000	414	0	0	1	414	1	414	0.0	731
1271.414	1493.419	79.630	378	74	1	40	414	42	419	0.0	611
1271.414	69.413	77.600	375	81	1	40	414	42	413	0.0	570
1271.414	36.413	77.067	375	83	1	40	414	42	413	0.0	568
1271.414	475.420	71.259	421	113	2	1	414	1	420	0.0	567
1271.414	1526.419	69.048	378	114	1	40	414	42	419	0.0	530
1271.414	302.419	45.352	355	189	4	60	411	61	413	4.94e-94	284
1271.414	925.425	45.070	355	190	4	60	411	67	419	8.79e-94	284
1271.414	1066.425	45.070	355	190	4	60	411	67	419	8.79e-94	284
1271.414	991.412	43.662	355	195	4	60	411	54	406	8.02e-88	268
1271.414	624.417	42.980	349	194	3	62	405	64	412	1.48e-76	239
1271.414	1760.442	39.326	356	212	3	60	411	77	432	3.57e-76	239
1271.414	676.438	38.068	352	206	6	59	400	85	434	2.19e-67	216
1271.414	720.361	36.905	336	208	3	65	397	3	337	9.43e-61	196
1271.414	1178.441	33.875	369	229	7	59	414	75	441	8.61e-57	188
1271.414	1393.432	32.659	346	225	4	62	400	84	428	4.09e-53	178
1271.414	1450.444	33.075	387	222	8	62	414	61	444	4.84e-50	170
1271.414	163.433	33.918	342	215	6	61	394	76	414	5.92e-50	170
1271.414	1311.431	33.526	346	222	4	62	400	83	427	1.26e-49	169
1271.414	1708.467	31.285	358	229	3	60	400	72	429	5.43e-49	168
1271.414	1360.431	33.237	346	223	4	62	400	83	427	1.36e-48	166
1271.414	119.444	32.722	327	202	10	81	397	103	421	1.16e-47	164
1271.414	1675.495	30.728	371	232	7	60	407	104	472	2.37e-47	164
1271.414	381.475	32.764	351	214	5	59	390	89	436	4.62e-47	163
1271.414	1138.472	30.939	362	228	7	60	401	83	442	5.91e-47	163
1271.414	1222.463	30.504	377	230	8	60	411	81	450	5.35e-46	160
1271.414	579.445	32.095	377	227	9	59	411	60	431	4.87e-44	154
1271.414	546.453	30.933	375	240	5	40	396	43	416	1.82e-43	153
1271.414	257.449	31.534	352	217	8	59	390	63	410	5.94e-42	149
1271.414	335.449	31.534	352	217	8	59	390	63	410	5.94e-42	149
1271.414	1024.453	32.095	296	196	5	61	353	77	370	1.06e-41	148
1271.414	753.460	27.966	354	238	4	60	396	71	424	5.00e-40	144
1271.414	892.453	31.124	347	217	5	59	386	67	410	7.51e-40	143
1271.414	1628.476	29.379	354	215	4	59	377	77	430	7.78e-40	143
1271.414	1563.458	29.298	413	223	11	59	414	58	458	1.02e-39	143
1271.414	801.457	30.571	350	226	7	62	396	82	429	4.90e-38	138
1271.414	843.456	30.000	350	228	7	62	396	81	428	1.49e-37	137
1271.414	958.456	30.286	350	227	7	62	396	81	428	1.61e-37	137
1271.414	196.249	28.862	246	167	4	162	400	1	245	1.25e-20	85.9
1518.414	1518.414	100.000	414	0	0	1	414	1	414	0.0	806
1518.414	688.397	64.304	395	138	2	18	411	2	394	1.12e-178	499
1518.414	463.410	63.504	411	145	2	7	414	2	410	5.81e-171	480
1518.414	365.425	52.267	419	182	6	10	412	6	422	8.96e-131	379
1518.414	1321.415	47.059	408	206	3	14	413	8	413	5.80e-115	338
1518.414	796.423	39.687	383	214	11	18	390	20	395	1.72e-75	236
1518.414	963.421	39.426	383	215	10	18	390	20	395	2.20e-75	236
1518.414	848.421	39.426	383	215	10	18	390	20	395	5.13e-75	235
