650.412	650.412	100.000	392	0	0	1	392	1	392	0.0	797
1326.412	1326.412	100.000	412	0	0	1	412	1	412	0.0	825
1551.408	1551.408	100.000	408	0	0	1	408	1	408	0.0	791
830.404	830.404	100.000	404	0	0	1	404	1	404	0.0	700
830.404	945.404	98.762	404	5	0	1	404	1	404	0.0	693
945.404	945.404	100.000	404	0	0	1	404	1	404	0.0	701
945.404	830.404	98.762	404	5	0	1	404	1	404	0.0	694
1601.401	1601.401	100.000	401	0	0	1	401	1	401	0.0	599
397.400	397.400	100.000	384	0	0	1	384	1	384	0.0	696
397.400	878.396	61.308	367	136	4	1	366	1	362	2.41e-145	414
397.400	1539.355	44.012	334	172	9	39	366	29	353	8.90e-76	234
397.400	1478.351	37.989	358	197	10	18	366	8	349	5.72e-60	194
397.400	58.258	29.167	216	134	4	166	365	42	254	3.33e-23	93.2
397.400	767.260	30.159	189	104	3	170	336	48	230	6.13e-23	92.4
397.400	662.288	26.201	229	149	4	153	363	53	279	2.20e-21	88.6
397.400	1034.292	29.897	194	119	3	154	330	52	245	6.97e-21	87.4
397.400	1662.275	32.663	199	112	8	158	343	43	232	1.14e-20	86.3
397.400	938.235	28.230	209	139	5	158	365	33	231	6.76e-20	83.2
397.400	1053.235	28.230	209	139	5	158	365	33	231	6.76e-20	83.2
397.400	1255.262	27.461	193	112	4	166	336	46	232	1.40e-18	80.1
397.400	495.263	28.261	230	140	8	158	366	33	258	4.93e-18	78.6
397.400	532.273	31.163	215	127	9	170	366	58	269	4.40e-17	75.9
397.400	1580.268	32.624	141	83	4	148	287	24	153	1.26e-16	74.7
397.400	590.256	27.513	189	112	5	170	339	47	229	1.36e-16	74.3
397.400	291.253	26.244	221	148	4	152	363	32	246	1.53e-16	73.9
397.400	425.206	27.647	170	95	4	189	336	13	176	2.70e-16	72.4
397.400	609.255	27.586	203	120	6	151	339	29	218	6.93e-16	72.0
397.400	816.261	28.571	210	123	6	148	339	24	224	1.88e-15	70.9
397.400	16.264	27.723	202	114	6	155	336	46	235	2.05e-14	68.2
397.400	1540.273	31.148	183	109	8	170	336	59	240	1.06e-13	65.9
397.400	109.273	26.943	193	126	6	154	338	55	240	1.46e-13	65.5
397.400	1477.269	28.218	202	127	7	170	354	57	257	1.50e-13	65.5
397.400	828.270	23.556	225	148	5	157	363	43	261	3.22e-13	64.7
397.400	1296.265	25.758	198	137	4	165	355	57	251	5.19e-13	63.9
397.400	1345.265	25.758	198	137	4	165	355	57	251	5.19e-13	63.9
397.400	1209.274	26.570	207	132	7	150	343	35	234	6.36e-13	63.5
397.400	221.271	26.804	194	130	5	170	355	68	257	9.46e-13	63.2
397.400	943.271	23.474	213	142	5	157	354	44	250	1.32e-12	62.8
397.400	245.271	27.826	230	142	8	158	365	40	267	1.71e-12	62.4
397.400	347.271	27.826	230	142	8	158	365	40	267	1.71e-12	62.4
397.400	1771.257	26.761	213	134	7	157	362	46	243	3.42e-11	58.2
397.400	710.264	25.123	203	137	7	165	361	60	253	5.23e-11	57.8
397.400	1438.266	27.861	201	121	8	158	341	47	240	6.51e-11	57.4
397.400	153.257	27.053	207	138	6	158	358	53	252	1.58e-10	56.2
397.400	977.265	25.000	204	119	7	158	338	35	227	2.30e-09	52.8
397.400	1168.253	25.258	194	131	6	150	338	34	218	2.40e-08	49.7
397.400	1084.253	24.402	209	135	5	166	358	45	246	3.65e-08	49.3
397.400	1406.267	24.121	199	139	5	165	355	59	253	5.61e-08	48.5
397.400	877.285	25.610	246	137	12	155	366	47	280	8.98e-07	45.1
81.399	81.399	100.000	399	0	0	1	399	1	399	0.0	814
309.398	309.398	100.000	398	0	0	1	398	1	398	0.0	801
8.396	8.396	100.000	396	0	0	1	396	1	396	0.0	744
878.396	878.396	100.000	364	0	0	1	364	1	364	0.0	669
878.396	397.400	60.976	369	138	4	1	364	1	368	1.81e-143	409
878.396	1539.355	43.934	305	158	9	66	362	54	353	1.63e-69	218
878.396	1478.351	37.255	306	173	9	66	362	54	349	2.49e-56	184
878.396	767.260	34.112	214	121	6	147	342	30	241	2.68e-24	96.3
878.396	1034.292	29.237	236	142	5	150	362	52	285	1.05e-22	92.4
878.396	495.263	30.603	232	134	9	154	363	33	259	1.57e-21	88.6
878.396	662.288	26.222	225	146	4	149	355	53	275	2.04e-21	88.6
878.396	58.258	28.692	237	146	7	144	362	25	256	2.73e-21	87.8
878.396	1255.262	28.646	192	120	3	162	336	46	237	1.74e-19	82.8
878.396	1662.275	30.732	205	120	8	154	345	43	238	9.31e-19	80.9
878.396	938.235	27.273	187	128	3	154	340	33	211	6.47e-18	77.8
878.396	1053.235	27.273	187	128	3	154	340	33	211	6.47e-18	77.8
878.396	16.264	30.526	190	114	6	162	335	51	238	1.09e-16	74.7
878.396	425.206	29.143	175	107	3	185	342	13	187	1.54e-16	73.2
878.396	221.271	28.922	204	135	5	166	360	68	270	3.72e-15	70.1
878.396	1438.266	29.680	219	137	6	154	359	47	261	4.74e-15	69.7
878.396	1296.265	28.436	211	141	5	159	360	55	264	7.86e-15	69.3
878.396	1345.265	28.436	211	141	5	159	360	55	264	7.86e-15	69.3
878.396	590.256	28.022	182	118	3	166	334	47	228	2.10e-14	67.8
878.396	609.255	29.101	189	115	6	154	332	36	215	2.96e-14	67.4
878.396	291.253	27.602	221	145	5	148	359	32	246	7.12e-14	66.2
878.396	532.273	30.043	233	134	11	152	362	44	269	7.34e-14	66.6
878.396	109.273	28.272	191	126	5	150	334	55	240	9.98e-14	66.2
878.396	1209.274	26.695	236	143	8	150	361	39	268	1.90e-13	65.1
878.396	1084.253	25.328	229	144	6	146	354	25	246	2.64e-13	64.7
878.396	1580.268	34.579	107	68	2	146	252	26	130	3.76e-13	64.3
878.396	245.271	28.571	231	139	11	154	361	40	267	4.40e-12	61.2
878.396	347.271	28.571	231	139	11	154	361	40	267	4.40e-12	61.2
878.396	398.282	28.700	223	129	8	166	363	61	278	6.39e-12	60.8
878.396	816.261	25.217	230	137	7	148	355	28	244	6.59e-12	60.5
878.396	1540.273	26.702	191	119	7	166	336	59	248	2.11e-11	58.9
878.396	1406.267	27.670	206	137	5	159	354	57	260	3.68e-11	58.2
878.396	943.271	22.222	225	154	4	143	352	34	252	1.21e-10	56.6
878.396	828.270	22.667	225	150	5	153	359	43	261	3.69e-10	55.5
878.396	1477.269	27.363	201	127	9	166	348	57	256	1.03e-09	53.9
878.396	977.265	23.558	208	133	6	154	342	35	235	5.85e-09	51.6
878.396	1771.257	30.256	195	107	11	153	334	46	224	8.33e-09	51.2
878.396	710.264	26.816	179	121	4	158	332	55	227	9.88e-08	47.8
878.396	1726.235	28.125	192	121	9	144	332	26	203	3.26e-07	46.2
878.396	877.285	26.496	234	128	11	166	363	56	281	6.12e-07	45.4
1412.394	1412.394	100.000	394	0	0	1	394	1	394	0.0	795
1412.394	237.353	33.829	269	158	8	123	386	87	340	1.80e-26	103
1412.394	355.353	33.829	269	158	8	123	386	87	340	1.80e-26	103
1412.394	1299.435	30.837	227	149	3	147	367	125	349	3.84e-21	89.7
1412.394	1348.435	30.837	227	149	3	147	367	125	349	3.84e-21	89.7
1412.394	232.391	28.571	217	139	6	185	392	133	342	5.59e-14	67.8
1412.394	361.391	28.571	217	139	6	185	392	133	342	5.59e-14	67.8
1412.394	1340.418	32.927	82	54	1	306	386	297	378	7.71e-08	48.9
1778.394	1778.394	100.000	394	0	0	1	394	1	394	0.0	787
1778.394	656.262	44.758	248	129	5	7	250	12	255	8.33e-58	185
1778.394	1469.264	41.961	255	140	4	9	256	10	263	2.23e-55	179
1778.394	1156.280	37.868	272	140	9	10	254	9	278	2.32e-47	158
1778.394	10.263	42.412	257	137	7	8	256	9	262	7.01e-47	157
1778.394	53.263	42.366	262	130	9	8	256	9	262	8.39e-46	154
1778.394	1658.266	33.607	244	153	4	18	253	23	265	3.36e-39	136
1778.394	525.268	35.965	228	136	5	11	230	13	238	1.29e-34	124
1778.394	505.265	35.217	230	138	6	10	230	12	239	9.03e-31	114
1778.394	1427.265	35.217	230	136	6	11	230	13	239	3.01e-30	112
1778.394	1244.264	34.498	229	139	5	11	230	12	238	6.38e-30	111
1778.394	778.263	34.513	226	138	5	9	226	10	233	8.22e-30	111
1778.394	1586.279	34.733	262	152	9	9	254	10	268	3.05e-29	110
1778.394	285.267	33.588	262	147	9	8	249	6	260	2.51e-26	102
1778.394	971.288	31.330	233	150	6	6	231	17	246	5.96e-26	101
1778.394	1245.181	33.636	110	66	3	280	386	10	115	1.46e-09	52.4
1778.394	1245.181	31.818	110	72	2	277	383	66	175	3.21e-07	45.4
1778.394	1428.181	30.702	114	72	3	276	386	6	115	1.94e-08	48.9
1778.394	1428.181	31.818	110	72	2	277	383	66	175	1.66e-07	46.2
1778.394	504.181	32.456	114	72	3	274	383	63	175	2.82e-07	45.4
1778.394	405.133	34.375	96	56	3	295	385	36	129	5.53e-07	43.9
620.392	620.392	100.000	392	0	0	1	392	1	392	0.0	746
232.391	232.391	100.000	391	0	0	1	391	1	391	0.0	810
232.391	361.391	100.000	391	0	0	1	391	1	391	0.0	810
232.391	1340.418	26.923	234	156	7	135	362	178	402	1.00e-16	76.3
232.391	1412.394	28.571	217	139	6	133	342	185	392	8.65e-15	70.5
232.391	237.353	23.734	316	195	13	40	337	54	341	2.18e-13	65.9
232.391	355.353	23.734	316	195	13	40	337	54	341	2.18e-13	65.9
232.391	1299.435	23.509	285	196	9	46	317	74	349	1.49e-12	63.5
232.391	1348.435	23.509	285	196	9	46	317	74	349	1.49e-12	63.5
361.391	232.391	100.000	391	0	0	1	391	1	391	0.0	810
361.391	361.391	100.000	391	0	0	1	391	1	391	0.0	810
361.391	1340.418	26.923	234	156	7	135	362	178	402	1.00e-16	76.3
361.391	1412.394	28.571	217	139	6	133	342	185	392	8.65e-15	70.5
361.391	237.353	23.734	316	195	13	40	337	54	341	2.18e-13	65.9
361.391	355.353	23.734	316	195	13	40	337	54	341	2.18e-13	65.9
361.391	1299.435	23.509	285	196	9	46	317	74	349	1.49e-12	63.5
361.391	1348.435	23.509	285	196	9	46	317	74	349	1.49e-12	63.5
1323.391	1323.391	100.000	391	0	0	1	391	1	391	0.0	809
1323.391	1373.389	29.459	370	249	9	1	363	1	365	3.64e-34	125
1700.390	1700.390	100.000	390	0	0	1	390	1	390	0.0	747
234.389	234.389	100.000	389	0	0	1	389	1	389	0.0	786
234.389	359.389	100.000	389	0	0	1	389	1	389	0.0	786
234.389	1161.201	29.167	192	131	3	10	201	10	196	1.55e-21	87.0
234.389	918.204	24.737	190	127	5	13	202	22	195	1.59e-07	46.6
234.389	1072.196	24.737	190	127	5	13	202	14	187	1.83e-07	46.2
359.389	234.389	100.000	389	0	0	1	389	1	389	0.0	786
359.389	359.389	100.000	389	0	0	1	389	1	389	0.0	786
359.389	1161.201	29.167	192	131	3	10	201	10	196	1.55e-21	87.0
359.389	918.204	24.737	190	127	5	13	202	22	195	1.59e-07	46.6
359.389	1072.196	24.737	190	127	5	13	202	14	187	1.83e-07	46.2
1373.389	1373.389	100.000	389	0	0	1	389	1	389	0.0	753
1373.389	1323.391	29.459	370	249	9	1	365	1	363	3.28e-25	100
1536.389	1536.389	100.000	360	0	0	30	389	30	389	0.0	709
1536.389	21.343	55.652	345	141	7	48	386	3	341	7.29e-119	344
1536.389	487.369	56.805	338	135	7	51	380	2	336	3.34e-111	325
1536.389	430.367	48.397	343	164	8	49	382	1	339	2.45e-83	254
1536.389	1260.367	48.397	343	164	8	49	382	1	339	2.45e-83	254
1536.389	766.373	51.479	338	154	6	52	380	3	339	2.25e-76	236
1536.389	589.355	44.648	327	156	9	49	360	1	317	1.44e-59	192
1536.389	59.345	39.837	369	170	16	49	389	1	345	7.77e-50	167
1536.389	533.342	36.415	357	196	14	49	389	1	342	2.35e-36	130
1536.389	979.333	40.530	264	144	7	82	334	33	294	1.16e-35	129
1536.389	1439.380	31.367	373	201	18	48	387	3	353	1.34e-19	84.7
1536.389	392.354	31.250	368	212	14	49	389	1	354	1.91e-17	78.2
1536.389	246.474	84.375	32	5	0	51	82	2	33	4.55e-10	55.8
1536.389	346.474	84.375	32	5	0	51	82	2	33	4.55e-10	55.8
1536.389	1405.504	30.479	292	162	15	96	369	198	466	1.10e-09	54.7
1536.389	880.336	30.249	281	170	10	88	351	30	301	2.20e-09	53.5
1536.389	611.328	29.565	230	136	8	98	315	60	275	4.27e-09	52.4
1536.389	1297.503	29.568	301	165	16	101	382	202	474	2.98e-08	50.4
1536.389	1346.503	29.568	301	165	16	101	382	202	474	2.98e-08	50.4
1536.389	1481.373	28.846	364	206	18	54	386	6	347	5.63e-08	49.3
1536.389	1169.333	33.990	203	106	11	134	315	88	283	7.82e-08	48.5
1536.389	214.498	29.014	355	196	16	51	382	148	469	2.91e-07	47.0
1544.387	1544.387	100.000	387	0	0	1	387	1	387	0.0	709
1674.387	1674.387	100.000	387	0	0	1	387	1	387	0.0	799
1674.387	1139.378	61.853	367	138	2	13	377	10	376	6.54e-176	490
1674.387	1221.372	35.650	331	206	3	53	381	46	371	1.00e-69	219
1674.387	754.350	30.946	349	226	7	22	367	12	348	8.18e-48	161
1674.387	256.332	34.752	282	168	3	46	327	42	307	9.07e-47	158
1674.387	336.332	34.752	282	168	3	46	327	42	307	9.07e-47	158
1674.387	545.350	30.795	302	204	2	37	334	20	320	1.48e-43	150
1674.387	382.333	32.797	311	192	6	14	320	2	299	6.55e-42	145
1674.387	1449.336	34.384	349	201	10	15	359	4	328	4.70e-41	143
1674.387	891.327	36.948	249	151	3	79	327	60	302	1.40e-40	142
1674.387	580.327	31.230	317	209	5	15	331	3	310	2.40e-39	138
1674.387	1709.357	29.066	289	197	5	51	336	39	322	2.98e-37	133
1674.387	1527.344	24.522	314	200	12	16	320	7	292	1.10e-14	69.7
1674.387	476.342	23.473	311	207	11	16	316	7	296	1.66e-14	68.9
1674.387	675.348	22.992	361	241	13	21	362	5	347	3.81e-13	65.1
1674.387	301.339	25.071	351	239	9	14	358	2	334	1.05e-12	63.5
1674.387	1761.356	24.752	202	147	3	10	211	1	197	1.69e-12	63.2
1674.387	1627.347	25.843	267	175	7	50	308	33	284	2.11e-12	62.8
1674.387	990.337	25.581	215	147	5	49	263	37	238	3.07e-12	62.0
1674.387	1177.338	23.867	331	212	12	49	371	34	332	6.26e-12	61.2
1674.387	927.339	25.212	353	236	11	14	358	2	334	2.96e-11	59.3
1674.387	1064.339	25.212	353	236	11	14	358	2	334	2.96e-11	59.3
1674.387	440.342	22.936	327	187	13	16	320	7	290	3.62e-11	58.9
1674.387	1270.342	22.936	327	187	13	16	320	7	290	3.62e-11	58.9
1674.387	719.338	25.000	260	175	7	59	312	46	291	5.96e-11	58.2
1674.387	623.343	29.012	162	98	7	56	211	41	191	2.05e-10	56.6
1674.387	198.344	22.715	361	256	12	16	372	1	342	5.35e-09	52.4
1674.387	118.342	25.767	326	198	17	16	325	5	302	5.33e-08	49.3
1674.387	1025.338	25.676	148	97	3	189	330	174	314	4.59e-07	46.2
1674.387	842.358	22.222	360	239	12	12	357	4	336	5.86e-07	45.8
1674.387	957.358	22.254	355	235	12	17	357	9	336	6.18e-07	45.8
1602.386	1602.386	100.000	386	0	0	1	386	1	386	0.0	773
1745.382	1745.382	100.000	382	0	0	1	382	1	382	0.0	734
647.381	647.381	100.000	381	0	0	1	381	1	381	0.0	782
647.381	599.348	44.898	343	186	3	33	373	1	342	2.78e-101	299
647.381	45.345	43.064	346	186	4	33	373	1	340	6.14e-96	285
647.381	508.346	42.075	347	189	5	33	373	1	341	1.97e-89	269
647.381	235.345	38.596	342	207	3	33	373	1	340	1.10e-83	254
647.381	358.345	38.596	342	207	3	33	373	1	340	1.10e-83	254
647.381	868.354	36.728	324	201	3	33	355	1	321	3.91e-64	204
647.381	1780.335	35.714	322	203	3	33	353	1	319	3.52e-60	193
647.381	414.352	34.582	347	220	6	32	374	8	351	1.44e-54	179
647.381	654.343	33.846	325	204	6	33	354	1	317	1.06e-51	171
647.381	1548.333	32.198	323	213	5	33	354	1	318	8.11e-48	160
647.381	780.351	30.838	334	211	5	33	354	1	326	4.70e-44	151
647.381	1155.335	33.537	328	206	7	33	356	1	320	7.30e-42	145
647.381	1587.345	30.675	326	216	8	33	355	1	319	1.03e-38	137
647.381	1017.337	29.755	326	221	7	31	355	4	322	5.84e-38	135
647.381	280.336	27.445	317	212	8	42	356	14	314	9.34e-23	93.2
647.381	1736.332	27.760	317	224	5	53	368	19	331	4.94e-22	90.9
647.381	1636.420	25.275	364	236	14	29	360	30	389	5.85e-18	80.1
647.381	867.413	24.590	366	222	18	32	356	9	361	1.56e-15	72.4
647.381	1386.399	28.631	241	143	9	46	262	27	262	5.72e-15	70.9
647.381	1365.479	24.262	305	182	14	24	293	67	357	2.90e-12	62.8
647.381	1316.416	24.262	305	182	14	24	293	4	294	3.51e-12	62.4
647.381	1327.430	25.352	284	184	10	31	290	41	320	8.27e-12	61.2
647.381	191.416	22.182	275	173	11	24	265	4	270	9.59e-11	57.8
1439.380	1439.380	100.000	337	0	0	1	337	1	337	0.0	573
1439.380	880.336	49.333	300	142	3	38	337	26	315	3.12e-73	227
1439.380	533.342	46.439	351	149	12	1	337	1	326	4.45e-56	182
1439.380	589.355	41.228	342	172	10	1	337	1	318	3.07e-51	170
1439.380	392.354	38.824	340	194	6	1	337	1	329	4.29e-48	162
1439.380	59.345	37.429	350	183	12	1	337	1	327	4.20e-35	127
1439.380	21.343	29.290	338	201	11	1	330	1	308	5.34e-15	70.5
1439.380	246.474	36.207	116	71	3	225	337	335	450	4.81e-14	68.2
1439.380	346.474	36.207	116	71	3	225	337	335	450	4.81e-14	68.2
1439.380	1536.389	29.936	314	179	12	3	307	48	329	5.71e-13	64.7
1439.380	663.368	27.697	343	211	16	1	336	1	313	1.52e-12	63.2
1439.380	430.367	27.303	304	192	10	4	304	8	285	2.11e-07	47.4
1439.380	1260.367	27.303	304	192	10	4	304	8	285	2.11e-07	47.4
1439.380	487.369	26.974	304	190	11	5	302	4	281	2.60e-07	47.0
1139.378	1139.378	100.000	378	0	0	1	378	1	378	0.0	787
1139.378	1674.387	61.853	367	138	2	10	376	13	377	6.39e-176	490
1139.378	1221.372	35.152	330	210	3	50	378	46	372	1.73e-68	216
1139.378	754.350	32.313	294	192	3	22	310	7	298	1.34e-53	176
1139.378	545.350	30.822	292	200	2	43	334	33	322	2.36e-45	154
1139.378	256.332	34.351	262	166	2	64	325	52	307	5.49e-44	150
1139.378	336.332	34.351	262	166	2	64	325	52	307	5.49e-44	150
1139.378	1449.336	31.488	289	177	6	78	365	67	335	1.67e-38	136
1139.378	580.327	30.503	318	211	5	20	337	11	318	3.27e-37	132
1139.378	382.333	32.993	294	183	5	22	310	7	291	1.81e-36	130
1139.378	891.327	34.400	250	157	3	76	325	60	302	2.01e-34	125
1139.378	1709.357	27.018	285	205	3	50	334	41	322	2.69e-31	117
1139.378	1527.344	23.127	307	206	10	16	315	10	293	1.08e-14	69.7
1139.378	301.339	26.211	351	221	15	18	351	4	333	1.17e-14	69.3
1139.378	1177.338	25.000	288	193	7	29	310	20	290	1.47e-14	68.9
1139.378	623.343	28.261	230	131	12	44	261	32	239	2.76e-14	68.2
1139.378	927.339	25.926	351	222	15	18	351	4	333	3.06e-14	68.2
1139.378	1064.339	25.926	351	222	15	18	351	4	333	3.06e-14	68.2
1139.378	476.342	22.591	301	212	8	22	315	6	292	6.20e-13	64.3
1139.378	1492.342	25.163	306	194	10	23	314	6	290	1.06e-12	63.5
1139.378	990.337	27.551	196	127	5	67	259	53	236	1.32e-12	63.2
1139.378	35.343	25.000	308	200	11	16	314	6	291	4.67e-11	58.5
1139.378	68.343	25.974	308	197	12	16	314	6	291	5.45e-11	58.2
1139.378	957.358	25.000	308	204	9	9	308	4	292	6.83e-10	55.1
1139.378	842.358	25.000	300	198	9	17	308	12	292	6.95e-10	55.1
1139.378	440.342	22.039	304	213	9	16	314	6	290	7.20e-10	54.7
1139.378	1270.342	22.039	304	213	9	16	314	6	290	7.20e-10	54.7
1139.378	802.357	25.581	301	195	11	17	308	11	291	7.72e-10	54.7
1139.378	1627.347	24.823	282	178	11	38	306	24	284	3.40e-09	52.8
1139.378	118.342	22.408	299	210	10	16	310	8	288	4.87e-09	52.4
1139.378	719.338	23.827	277	184	7	47	314	37	295	8.08e-09	51.6
1139.378	675.348	25.000	304	185	15	18	304	5	282	5.64e-08	48.9
393.376	393.376	100.000	376	0	0	1	376	1	376	0.0	774
1210.375	1210.375	100.000	375	0	0	1	375	1	375	0.0	685
1210.375	1664.369	40.146	274	158	4	43	310	34	307	1.28e-45	155
1210.375	1770.329	37.162	148	89	4	180	324	169	315	4.03e-14	67.8
1210.375	947.345	30.556	108	75	0	55	162	50	157	5.03e-11	58.5
1210.375	832.345	30.973	113	78	0	50	162	45	157	5.65e-11	58.2
1210.375	1576.345	28.866	97	67	1	50	146	30	124	5.49e-07	45.8
766.373	766.373	100.000	373	0	0	1	373	1	373	0.0	516
766.373	487.369	65.875	337	104	8	35	367	36	365	1.10e-98	293
766.373	21.343	53.722	309	136	7	35	342	36	338	3.78e-74	229
766.373	430.367	52.395	334	152	5	35	367	36	363	2.09e-64	205
766.373	1260.367	52.395	334	152	5	35	367	36	363	2.09e-64	205
766.373	1536.389	51.803	305	138	5	35	339	85	380	1.05e-63	204
766.373	589.355	41.304	276	139	10	35	298	36	300	1.02e-23	95.9
766.373	533.342	40.244	164	97	1	73	236	76	238	7.85e-19	81.6
766.373	59.345	37.234	282	147	8	35	297	36	306	1.66e-17	77.8
766.373	1481.373	31.250	192	107	7	181	370	200	368	2.15e-10	56.6
766.373	1405.504	32.432	148	95	3	186	333	320	462	2.48e-08	50.4
766.373	1297.503	31.757	148	96	3	186	333	319	461	3.28e-08	50.1
766.373	1346.503	31.757	148	96	3	186	333	319	461	3.28e-08	50.1
766.373	214.498	31.081	148	97	3	186	333	314	456	1.22e-07	48.1
1481.373	1481.373	100.000	373	0	0	1	373	1	373	0.0	695
1481.373	663.368	30.522	249	151	8	1	244	1	232	1.11e-22	93.2
1481.373	214.498	27.099	262	166	9	12	272	147	384	5.12e-10	55.8
1481.373	1405.504	28.846	156	105	5	118	272	240	390	4.13e-09	52.8
1481.373	487.369	26.471	374	229	14	1	362	1	340	3.49e-08	49.7
1481.373	21.343	27.596	366	221	15	1	347	1	341	4.96e-08	49.3
1481.373	589.355	30.576	278	162	13	1	271	1	254	1.09e-07	48.1
553.372	553.372	100.000	372	0	0	1	372	1	372	0.0	677
1221.372	1221.372	100.000	372	0	0	1	372	1	372	0.0	717
1221.372	1674.387	35.650	331	206	3	46	371	53	381	9.64e-70	219
1221.372	1139.378	35.152	330	210	3	46	372	50	378	1.70e-68	216
1221.372	754.350	36.149	296	179	4	42	330	36	328	8.34e-61	195
1221.372	545.350	36.398	261	163	3	47	307	41	298	2.07e-55	181
1221.372	256.332	37.698	252	150	2	63	314	55	299	3.12e-52	172
1221.372	336.332	37.698	252	150	2	63	314	55	299	3.12e-52	172
1221.372	891.327	37.815	238	140	3	77	314	65	294	4.25e-45	153
1221.372	382.333	34.317	271	168	4	43	313	37	297	5.30e-43	148
1221.372	1449.336	34.164	281	165	5	53	322	35	306	8.99e-43	147
1221.372	1709.357	31.987	297	193	4	32	327	26	314	5.83e-42	145
1221.372	580.327	33.824	272	170	4	43	314	37	298	9.64e-36	128
1221.372	1527.344	25.926	297	189	10	39	324	29	305	2.53e-23	94.7
1221.372	35.343	27.076	277	176	8	39	307	29	287	7.80e-23	93.2
1221.372	68.343	26.715	277	177	8	39	307	29	287	3.19e-22	91.7
1221.372	1492.342	25.625	320	205	9	39	343	29	330	1.17e-21	90.1
1221.372	476.342	25.000	292	197	6	39	324	29	304	3.99e-20	85.5
1221.372	440.342	23.837	344	211	11	41	366	30	340	1.07e-16	75.5
1221.372	1270.342	23.837	344	211	11	41	366	30	340	1.07e-16	75.5
1221.372	1627.347	26.971	241	147	7	74	305	66	286	4.94e-15	70.5
1221.372	675.348	22.654	309	197	11	34	323	22	307	2.32e-12	62.4
1221.372	301.339	28.044	271	161	13	39	298	28	275	2.77e-12	62.0
1221.372	990.337	26.296	270	168	11	49	308	40	288	4.90e-12	61.2
1221.372	927.339	31.579	171	103	7	39	204	28	189	1.46e-11	60.1
1221.372	1064.339	31.579	171	103	7	39	204	28	189	1.46e-11	60.1
1221.372	1761.356	29.651	172	104	7	42	206	36	197	4.01e-10	55.5
1221.372	1177.338	27.059	170	100	5	34	193	23	178	5.64e-10	55.1
1221.372	842.358	23.929	280	187	9	33	304	30	291	1.79e-09	53.5
1221.372	719.338	30.827	133	79	4	64	193	58	180	1.80e-09	53.5
1221.372	957.358	23.929	280	187	9	33	304	30	291	1.80e-09	53.5
1221.372	802.357	24.211	285	180	10	33	304	29	290	3.92e-09	52.8
1221.372	198.344	20.635	315	227	10	54	362	45	342	9.22e-09	51.2
1221.372	623.343	23.176	233	154	7	33	258	25	239	1.97e-07	47.4
514.370	514.370	100.000	370	0	0	1	370	1	370	0.0	760
487.369	487.369	100.000	339	0	0	1	339	1	339	0.0	575
487.369	21.343	57.059	340	143	2	1	339	1	338	1.95e-109	319
487.369	766.373	67.419	310	93	6	36	339	35	342	5.46e-107	314
487.369	430.367	60.000	305	119	3	36	338	36	339	4.72e-99	294
487.369	1260.367	60.000	305	119	3	36	338	36	339	4.72e-99	294
487.369	1536.389	56.805	338	135	7	2	336	51	380	4.40e-93	279
487.369	589.355	42.105	285	144	8	36	309	36	310	5.20e-40	140
487.369	533.342	42.213	244	131	6	39	272	39	282	7.04e-31	115
487.369	59.345	40.256	313	162	10	1	295	1	306	3.58e-30	114
487.369	979.333	32.734	278	146	8	36	291	36	294	7.82e-15	69.7
487.369	214.498	34.532	139	86	4	194	330	321	456	1.08e-13	67.0
487.369	1297.503	28.731	268	169	9	74	330	205	461	1.15e-12	63.9
487.369	1346.503	28.731	268	169	9	74	330	205	461	1.15e-12	63.9
487.369	1481.373	30.435	253	150	10	100	337	118	359	1.43e-12	63.2
487.369	1405.504	34.586	133	84	3	198	330	333	462	3.57e-12	62.4
487.369	880.336	30.651	261	153	10	39	281	30	280	6.77e-11	57.8
487.369	1439.380	30.392	306	177	13	4	281	5	302	3.11e-09	53.1
487.369	1149.352	31.053	190	108	7	93	267	99	280	1.22e-07	47.8
487.369	392.354	27.624	181	111	7	104	272	113	285	1.57e-07	47.8
487.369	937.341	31.731	208	119	10	75	268	71	269	1.75e-07	47.4
487.369	1054.341	31.731	208	119	10	75	268	71	269	1.75e-07	47.4
487.369	711.337	31.313	198	121	5	74	256	77	274	2.00e-07	47.4
1664.369	1664.369	100.000	369	0	0	1	369	1	369	0.0	711
1664.369	1210.375	39.116	294	169	5	31	324	40	323	3.31e-53	176
1664.369	1770.329	31.206	141	94	3	168	307	164	302	1.22e-14	69.3
1664.369	1576.345	30.137	219	136	7	8	223	3	207	6.70e-13	63.9
1664.369	947.345	28.421	285	155	15	46	308	50	307	3.95e-12	61.6
1664.369	832.345	26.891	238	140	9	28	247	32	253	4.78e-12	61.6
1664.369	611.328	25.155	322	192	13	1	299	1	296	9.05e-11	57.4
663.368	663.368	100.000	368	0	0	1	368	1	368	0.0	604
663.368	1481.373	30.556	216	131	6	31	232	34	244	1.07e-09	54.3
663.368	589.355	26.056	284	161	9	106	368	100	355	1.53e-09	53.9
663.368	880.336	37.838	111	56	5	188	290	182	287	3.76e-08	49.3
663.368	1439.380	31.343	134	79	6	201	322	213	345	9.37e-08	48.5
430.367	430.367	100.000	367	0	0	1	367	1	367	1.73e-176	490
430.367	1260.367	100.000	367	0	0	1	367	1	367	1.73e-176	490
430.367	487.369	56.535	329	137	5	43	367	43	369	5.33e-79	242
430.367	21.343	50.658	304	143	4	43	345	43	340	1.43e-66	209
430.367	766.373	50.459	327	155	5	43	363	42	367	2.13e-56	184
430.367	1536.389	43.960	298	155	6	45	339	94	382	2.21e-55	182
430.367	533.342	46.970	198	96	4	44	235	44	238	2.78e-36	130
430.367	589.355	53.719	121	56	0	44	164	44	164	4.90e-28	108
430.367	979.333	47.059	119	61	2	44	161	44	161	2.25e-24	97.4
430.367	59.345	46.296	108	56	2	43	148	43	150	8.72e-22	90.1
1260.367	430.367	100.000	367	0	0	1	367	1	367	1.73e-176	490
1260.367	1260.367	100.000	367	0	0	1	367	1	367	1.73e-176	490
1260.367	487.369	56.535	329	137	5	43	367	43	369	5.33e-79	242
1260.367	21.343	50.658	304	143	4	43	345	43	340	1.43e-66	209
1260.367	766.373	50.459	327	155	5	43	363	42	367	2.13e-56	184
1260.367	1536.389	43.960	298	155	6	45	339	94	382	2.21e-55	182
1260.367	533.342	46.970	198	96	4	44	235	44	238	2.78e-36	130
1260.367	589.355	53.719	121	56	0	44	164	44	164	4.90e-28	108
1260.367	979.333	47.059	119	61	2	44	161	44	161	2.25e-24	97.4
1260.367	59.345	46.296	108	56	2	43	148	43	150	8.72e-22	90.1
105.364	105.364	100.000	364	0	0	1	364	1	364	0.0	746
105.364	706.339	33.333	339	196	9	32	361	16	333	2.42e-48	162
1564.363	1564.363	100.000	363	0	0	1	363	1	363	0.0	548
1564.363	802.357	32.131	305	189	5	39	339	32	322	1.51e-28	109
1564.363	842.358	31.148	305	192	4	39	339	33	323	5.19e-28	107
1564.363	957.358	31.148	305	192	4	39	339	33	323	5.62e-28	107
1564.363	1627.347	32.203	295	179	7	56	348	50	325	1.24e-18	81.3
1564.363	623.343	25.523	239	154	7	39	272	35	254	1.41e-08	50.8
1564.363	675.348	25.000	176	113	4	91	266	91	247	1.43e-08	50.8
1564.363	1492.342	23.923	209	135	5	69	272	63	252	1.55e-08	50.4
1564.363	440.342	24.747	198	130	4	69	265	62	241	2.28e-08	50.1
1564.363	1270.342	24.747	198	130	4	69	265	62	241	2.28e-08	50.1
1564.363	1527.344	25.758	198	129	5	69	265	63	243	2.98e-08	49.7
1564.363	35.343	24.402	209	135	6	69	272	63	253	4.10e-07	46.2
1564.363	68.343	24.402	209	135	6	69	272	63	253	4.21e-07	46.2
1564.363	1709.357	29.814	161	87	5	46	195	37	182	6.66e-07	45.4
292.359	292.359	100.000	359	0	0	1	359	1	359	0.0	531
292.359	937.341	42.373	295	147	9	50	338	51	328	7.26e-46	155
292.359	1054.341	42.373	295	147	9	50	338	51	328	7.26e-46	155
292.359	1723.352	30.892	314	189	10	50	351	50	347	4.98e-21	88.2
292.359	1616.342	38.182	110	55	5	241	349	240	337	4.02e-10	55.5
292.359	812.344	27.014	211	139	5	115	324	123	319	7.25e-07	45.4
842.358	842.358	100.000	344	0	0	1	344	1	344	0.0	710
842.358	957.358	99.709	344	1	0	1	344	1	344	0.0	707
842.358	802.357	95.044	343	17	0	2	344	1	343	0.0	675
842.358	1564.363	31.897	348	208	8	11	335	19	360	2.54e-38	135
842.358	1627.347	30.655	336	207	9	17	342	18	337	3.07e-38	135
842.358	1527.344	29.375	320	199	11	6	319	4	302	9.86e-31	115
842.358	440.342	28.451	355	219	13	6	342	4	341	4.40e-27	105
842.358	1270.342	28.451	355	219	13	6	342	4	341	4.40e-27	105
842.358	476.342	28.097	331	209	11	6	331	4	310	2.78e-26	102
842.358	68.343	26.959	319	207	10	6	319	4	301	1.82e-24	97.8
842.358	35.343	26.959	319	207	10	6	319	4	301	2.16e-24	97.4
842.358	1492.342	28.254	315	205	11	6	309	4	308	3.41e-24	97.1
842.358	1761.356	27.647	340	223	11	6	328	4	337	1.55e-22	92.4
842.358	927.339	27.358	318	196	11	4	300	1	304	2.60e-18	80.1
842.358	1064.339	27.358	318	196	11	4	300	1	304	2.60e-18	80.1
842.358	623.343	25.524	286	198	8	32	309	29	307	5.07e-18	79.3
842.358	754.350	27.937	315	187	16	1	297	1	293	1.53e-17	77.8
842.358	301.339	26.730	318	198	11	4	300	1	304	2.42e-17	77.0
842.358	1177.338	28.671	286	169	14	24	292	22	289	2.53e-16	74.3
842.358	990.337	24.918	305	191	13	17	300	17	304	4.24e-16	73.6
842.358	545.350	29.204	226	124	9	70	283	76	277	1.92e-15	71.6
842.358	198.344	26.101	318	200	13	9	309	5	304	6.07e-15	70.1
842.358	719.338	28.929	280	173	12	24	292	25	289	1.08e-14	69.3
842.358	1394.342	26.452	310	199	11	9	304	5	299	1.99e-14	68.6
842.358	118.342	26.531	294	195	11	9	295	11	290	2.23e-14	68.6
842.358	580.327	26.269	335	210	14	14	330	8	323	1.57e-13	65.9
842.358	1310.341	25.949	316	195	13	9	305	5	300	2.98e-13	65.1
842.358	1359.341	25.949	316	195	13	9	305	5	300	2.98e-13	65.1
842.358	382.333	26.045	311	193	13	1	298	1	287	3.40e-13	64.7
842.358	1709.357	22.826	276	188	7	57	313	59	328	1.28e-11	60.1
842.358	1449.336	23.964	338	238	12	6	334	2	329	1.85e-11	59.7
842.358	891.327	26.842	190	128	6	65	250	61	243	5.37e-10	55.1
842.358	1139.378	25.342	292	191	9	12	284	17	300	5.65e-10	55.1
842.358	675.348	23.099	355	240	11	6	340	2	343	6.65e-10	54.7
842.358	1221.372	23.929	280	187	9	30	291	33	304	1.55e-09	53.9
842.358	256.332	25.424	295	190	14	53	339	52	324	1.72e-08	50.4
842.358	336.332	25.424	295	190	14	53	339	52	324	1.72e-08	50.4
842.358	162.340	23.077	221	155	5	80	293	81	293	3.32e-07	46.6
842.358	1674.387	22.222	360	239	12	4	336	12	357	4.62e-07	46.2
957.358	957.358	100.000	344	0	0	1	344	1	344	0.0	709
957.358	842.358	99.709	344	1	0	1	344	1	344	0.0	708
957.358	802.357	94.752	343	18	0	2	344	1	343	0.0	674
957.358	1564.363	31.897	348	208	8	11	335	19	360	2.54e-38	135
957.358	1627.347	30.655	336	207	9	17	342	18	337	3.58e-38	135
957.358	1527.344	29.375	320	199	11	6	319	4	302	1.05e-30	115
957.358	440.342	28.451	355	219	13	6	342	4	341	4.49e-27	105
957.358	1270.342	28.451	355	219	13	6	342	4	341	4.49e-27	105
957.358	476.342	28.097	331	209	11	6	331	4	310	3.20e-26	102
957.358	68.343	26.959	319	207	10	6	319	4	301	1.88e-24	97.8
957.358	35.343	26.959	319	207	10	6	319	4	301	2.48e-24	97.4
957.358	1492.342	28.254	315	205	11	6	309	4	308	3.32e-24	97.1
957.358	1761.356	27.647	340	223	11	6	328	4	337	2.20e-22	92.0
957.358	927.339	27.532	316	194	11	6	300	3	304	3.52e-18	79.7
957.358	1064.339	27.532	316	194	11	6	300	3	304	3.52e-18	79.7
957.358	623.343	25.524	286	198	8	32	309	29	307	5.37e-18	79.3
957.358	754.350	27.937	315	187	16	1	297	1	293	2.18e-17	77.4
957.358	301.339	26.899	316	196	11	6	300	3	304	3.09e-17	77.0
957.358	1177.338	28.671	286	169	14	24	292	22	289	2.86e-16	73.9
957.358	990.337	24.918	305	191	13	17	300	17	304	4.16e-16	73.6
957.358	545.350	29.204	226	124	9	70	283	76	277	2.11e-15	71.6
957.358	198.344	26.101	318	200	13	9	309	5	304	6.29e-15	70.1
957.358	719.338	28.929	280	173	12	24	292	25	289	1.05e-14	69.3
957.358	1394.342	26.452	310	199	11	9	304	5	299	2.09e-14	68.6
957.358	118.342	26.531	294	195	11	9	295	11	290	2.44e-14	68.2
957.358	580.327	26.269	335	210	14	14	330	8	323	1.47e-13	65.9
957.358	1310.341	25.949	316	195	13	9	305	5	300	3.01e-13	65.1
957.358	1359.341	25.949	316	195	13	9	305	5	300	3.01e-13	65.1
957.358	382.333	25.723	311	194	13	1	298	1	287	1.09e-12	63.2
957.358	1709.357	22.826	276	188	7	57	313	59	328	1.27e-11	60.1
957.358	1449.336	23.964	338	238	12	6	334	2	329	1.77e-11	59.7
957.358	1139.378	25.333	300	197	9	4	284	9	300	4.81e-10	55.5
957.358	891.327	26.842	190	128	6	65	250	61	243	5.47e-10	55.1
957.358	675.348	23.099	355	240	11	6	340	2	343	6.59e-10	54.7
957.358	1221.372	23.929	280	187	9	30	291	33	304	1.49e-09	53.9
957.358	256.332	25.424	295	190	14	53	339	52	324	1.69e-08	50.4
957.358	336.332	25.424	295	190	14	53	339	52	324	1.69e-08	50.4
957.358	162.340	23.077	221	155	5	80	293	81	293	3.29e-07	46.6
957.358	1674.387	22.254	355	235	12	9	336	17	357	4.71e-07	46.2
802.357	802.357	100.000	343	0	0	1	343	1	343	0.0	671
802.357	842.358	95.044	343	17	0	1	343	2	344	0.0	639
802.357	957.358	94.752	343	18	0	1	343	2	344	0.0	637
802.357	1627.347	31.498	327	202	8	25	341	23	337	7.52e-40	139
802.357	1564.363	33.660	306	183	6	32	322	39	339	8.20e-37	132
802.357	1527.344	27.946	297	180	11	56	338	54	330	1.48e-25	100
802.357	440.342	29.279	222	149	5	56	275	53	268	1.12e-22	92.8
802.357	1270.342	29.279	222	149	5	56	275	53	268	1.12e-22	92.8
802.357	476.342	28.400	250	167	6	56	299	54	297	3.52e-22	91.3
802.357	1492.342	29.870	231	146	8	56	277	54	277	1.89e-21	89.0
802.357	1761.356	28.188	298	196	9	43	327	45	337	2.45e-21	89.0
802.357	68.343	27.477	222	153	5	56	275	54	269	2.25e-20	85.9
802.357	35.343	27.477	222	153	5	56	275	54	269	2.55e-20	85.9
802.357	623.343	25.000	280	187	7	33	299	36	305	1.42e-18	80.9
802.357	545.350	28.509	228	134	8	42	249	36	254	2.30e-15	71.2
802.357	301.339	26.502	283	176	9	37	299	34	304	3.44e-15	70.9
802.357	927.339	26.056	284	176	10	37	299	34	304	4.46e-15	70.5
802.357	1064.339	26.056	284	176	10	37	299	34	304	4.46e-15	70.5
802.357	990.337	25.506	247	163	9	67	299	65	304	5.01e-15	70.5
802.357	198.344	27.090	299	190	12	24	308	20	304	7.31e-15	69.7
802.357	754.350	27.178	287	177	13	24	296	25	293	2.13e-13	65.5
802.357	1177.338	27.599	279	179	13	24	291	23	289	3.41e-13	64.7
802.357	719.338	27.599	279	176	12	24	291	26	289	5.69e-13	64.3
802.357	1449.336	24.373	279	192	9	59	333	66	329	2.69e-11	58.9
802.357	1310.341	25.249	301	193	12	24	308	20	304	2.85e-11	58.9
802.357	1359.341	25.249	301	193	12	24	308	20	304	2.85e-11	58.9
802.357	1394.342	26.000	300	192	11	24	308	20	304	2.94e-11	58.9
802.357	580.327	27.344	256	154	12	87	329	87	323	1.21e-10	57.0
802.357	382.333	25.188	266	177	10	37	296	37	286	1.54e-10	56.6
802.357	891.327	28.415	183	119	6	73	249	67	243	1.65e-10	56.6
802.357	675.348	24.918	305	187	10	56	339	60	343	5.93e-10	55.1
802.357	1709.357	24.364	275	177	9	59	312	64	328	6.93e-10	54.7
802.357	118.342	24.727	275	182	9	31	294	30	290	1.67e-09	53.5
802.357	1221.372	23.759	282	185	9	29	290	33	304	5.73e-09	52.0
802.357	162.340	23.171	246	164	6	79	307	81	318	1.54e-08	50.4
802.357	1139.378	25.000	272	183	8	33	291	45	308	2.14e-08	50.4
1709.357	1709.357	100.000	357	0	0	1	357	1	357	0.0	701
1709.357	754.350	36.676	349	209	3	1	338	1	348	1.58e-72	224
1709.357	545.350	38.644	295	176	4	28	318	25	318	4.44e-65	205
1709.357	382.333	36.877	301	181	4	1	300	1	293	7.00e-50	166
1709.357	256.332	37.417	302	169	8	1	295	1	289	3.17e-49	164
1709.357	336.332	37.417	302	169	8	1	295	1	289	3.17e-49	164
1709.357	1449.336	35.793	271	164	5	39	307	39	301	1.76e-44	151
1709.357	891.327	36.047	258	157	3	39	295	34	284	1.59e-42	146
1709.357	1221.372	31.987	297	193	4	26	314	32	327	5.59e-42	145
1709.357	580.327	35.185	270	167	4	39	307	38	300	4.90e-39	137
1709.357	1674.387	29.066	289	197	5	39	322	51	336	2.75e-37	133
1709.357	1139.378	27.018	285	205	3	41	322	50	334	2.55e-31	117
1709.357	675.348	24.026	308	203	9	28	320	22	313	1.31e-15	72.0
1709.357	1627.347	23.390	295	205	8	27	319	27	302	7.04e-15	70.1
1709.357	476.342	22.337	291	202	8	27	311	25	297	7.38e-14	67.0
1709.357	1492.342	29.032	155	95	5	44	192	39	184	3.99e-12	61.6
1709.357	35.343	23.860	285	187	10	44	316	39	305	8.60e-12	60.5
1709.357	842.358	22.826	276	188	7	59	328	57	313	9.06e-12	60.5
1709.357	68.343	23.944	284	186	10	45	316	40	305	1.06e-11	60.5
1709.357	957.358	22.826	276	188	7	59	328	57	313	1.10e-11	60.5
1709.357	1564.363	26.407	231	141	7	30	242	39	258	2.02e-10	56.6
1709.357	1527.344	24.832	149	111	1	44	192	39	186	5.02e-10	55.1
1709.357	1177.338	29.787	188	100	9	28	200	23	193	5.99e-10	55.1
1709.357	802.357	24.364	275	177	9	64	328	59	312	8.60e-10	54.7
1709.357	440.342	20.775	284	195	6	44	315	38	303	8.64e-10	54.3
1709.357	1270.342	20.775	284	195	6	44	315	38	303	8.64e-10	54.3
1709.357	719.338	26.380	163	108	4	32	192	35	187	3.44e-09	52.8
1709.357	1025.338	27.234	235	132	10	85	302	88	300	6.11e-09	52.0
1709.357	198.344	20.357	280	192	10	49	316	43	303	1.43e-08	50.8
1709.357	990.337	26.429	140	100	2	73	212	68	204	1.69e-08	50.4
1709.357	301.339	23.485	264	182	8	59	315	54	304	1.03e-07	48.1
1709.357	927.339	23.485	264	182	8	59	315	54	304	1.28e-07	47.8
1709.357	1064.339	23.485	264	182	8	59	315	54	304	1.28e-07	47.8
1709.357	1761.356	33.824	136	74	7	64	191	63	190	5.17e-07	45.8
1761.356	1761.356	100.000	356	0	0	1	356	1	356	0.0	685
1761.356	927.339	36.571	350	201	10	7	347	1	338	1.47e-58	188
1761.356	1064.339	36.571	350	201	10	7	347	1	338	1.47e-58	188
1761.356	301.339	36.571	350	201	10	7	347	1	338	2.61e-58	187
1761.356	990.337	35.866	329	193	8	22	346	19	333	7.50e-55	178
1761.356	623.343	34.056	323	197	8	27	346	25	334	1.09e-53	176
1761.356	1527.344	32.881	295	177	8	1	290	1	279	4.48e-33	121
1761.356	440.342	28.771	358	234	8	1	355	1	340	9.62e-32	117
1761.356	1270.342	28.771	358	234	8	1	355	1	340	9.62e-32	117
1761.356	1492.342	28.169	355	231	10	3	355	1	333	1.79e-31	117
1761.356	476.342	29.179	329	215	7	1	327	1	313	3.64e-31	116
1761.356	35.343	30.599	317	202	8	1	314	1	302	1.02e-30	115
1761.356	68.343	30.915	317	201	8	1	314	1	302	3.67e-30	113
1761.356	198.344	26.230	305	205	5	49	341	43	339	1.26e-28	109
1761.356	675.348	28.247	308	202	6	3	304	1	295	1.38e-28	109
1761.356	1310.341	27.099	262	184	2	57	318	50	304	1.18e-27	106
1761.356	1359.341	27.099	262	184	2	57	318	50	304	1.18e-27	106
1761.356	1394.342	26.578	301	205	5	57	354	50	337	6.87e-27	104
1761.356	802.357	26.531	343	230	11	1	337	1	327	3.90e-19	82.8
1761.356	118.342	27.097	310	210	8	8	315	9	304	1.55e-18	80.9
1761.356	842.358	26.765	340	226	11	4	337	6	328	1.75e-18	80.9
1761.356	957.358	26.765	340	226	11	4	337	6	328	1.91e-18	80.5
1761.356	1627.347	23.767	223	158	5	34	254	31	243	1.43e-13	65.9
1761.356	382.333	27.404	208	142	6	11	216	11	211	1.64e-11	59.7
1761.356	1674.387	24.752	202	147	3	1	197	10	211	4.15e-11	58.5
1761.356	162.340	25.000	152	114	0	165	316	159	310	1.53e-10	56.6
1761.356	545.350	27.004	237	157	7	19	248	20	247	7.04e-10	54.7
1761.356	1177.338	25.249	301	213	5	37	334	33	324	1.05e-09	54.3
1761.356	719.338	23.404	282	193	8	49	315	45	318	5.03e-09	52.0
589.355	589.355	100.000	355	0	0	1	355	1	355	0.0	578
589.355	533.342	53.636	330	145	6	1	322	1	330	8.02e-87	261
589.355	59.345	47.904	334	165	7	1	325	1	334	4.19e-72	223
589.355	880.336	48.511	235	116	4	93	325	91	322	1.62e-61	196
589.355	1439.380	46.275	255	127	6	75	320	86	339	3.94e-58	188
589.355	1536.389	43.865	326	160	8	1	317	49	360	9.32e-49	164
589.355	21.343	40.663	332	174	10	1	321	1	320	9.77e-44	149
589.355	430.367	39.216	306	174	7	5	304	3	302	1.77e-34	125
589.355	1260.367	39.216	306	174	7	5	304	3	302	1.77e-34	125
589.355	487.369	41.875	320	165	8	1	310	1	309	2.76e-34	125
589.355	766.373	41.883	308	150	11	7	300	6	298	6.76e-30	113
589.355	392.354	37.333	225	133	6	102	321	111	332	9.00e-30	112
589.355	246.474	30.116	259	145	10	102	352	241	471	6.13e-16	73.6
589.355	346.474	30.116	259	145	10	102	352	241	471	6.13e-16	73.6
589.355	979.333	47.934	121	59	3	39	157	39	157	9.66e-16	72.4
589.355	663.368	29.060	234	144	8	100	327	106	323	2.22e-13	65.5
589.355	937.341	29.577	142	84	4	128	254	113	253	2.17e-07	47.0
589.355	1054.341	29.577	142	84	4	128	254	113	253	2.17e-07	47.0
