75.227	75.227	100.000	227	0	0	1	227	1	227	4.00e-170	462
189.226	189.226	100.000	226	0	0	1	226	1	226	2.58e-170	462
189.226	1378.225	63.556	225	80	1	1	225	1	223	4.90e-105	297
189.226	631.218	39.904	208	120	4	10	216	12	215	4.70e-43	139
189.226	132.224	27.468	233	125	10	1	204	1	218	2.93e-09	49.7
725.225	725.225	100.000	225	0	0	1	225	1	225	4.20e-147	403
810.225	810.225	100.000	225	0	0	1	225	1	225	1.62e-157	430
810.225	949.225	92.889	225	16	0	1	225	1	225	1.23e-146	402
810.225	834.225	92.889	225	16	0	1	225	1	225	2.45e-146	401
810.225	613.214	31.604	212	127	6	11	216	7	206	4.14e-22	84.7
810.225	935.211	29.524	210	128	5	16	215	5	204	1.20e-19	78.2
810.225	1056.211	29.524	210	128	5	16	215	5	204	1.20e-19	78.2
810.225	293.211	29.048	210	129	5	16	215	5	204	3.20e-19	77.0
810.225	981.205	26.056	142	92	5	77	216	71	201	9.60e-08	45.1
810.225	1769.247	29.630	135	82	5	77	206	102	228	1.34e-07	44.7
834.225	834.225	100.000	225	0	0	1	225	1	225	1.01e-155	425
834.225	949.225	98.222	225	4	0	1	225	1	225	1.37e-152	417
834.225	810.225	92.889	225	16	0	1	225	1	225	2.92e-146	401
834.225	613.214	31.604	212	127	6	11	216	7	206	1.26e-22	86.3
834.225	935.211	30.986	213	129	5	16	219	5	208	1.08e-19	78.2
834.225	1056.211	30.986	213	129	5	16	219	5	208	1.08e-19	78.2
834.225	293.211	28.505	214	133	5	16	219	5	208	1.40e-18	75.1
834.225	981.205	29.323	133	80	5	91	216	76	201	1.36e-08	47.4
949.225	949.225	100.000	225	0	0	1	225	1	225	1.27e-156	427
949.225	834.225	98.222	225	4	0	1	225	1	225	1.16e-152	417
949.225	810.225	92.889	225	16	0	1	225	1	225	1.56e-146	402
949.225	613.214	31.604	212	127	6	11	216	7	206	2.02e-22	85.5
949.225	935.211	31.455	213	128	5	16	219	5	208	6.78e-22	84.0
949.225	1056.211	31.455	213	128	5	16	219	5	208	6.78e-22	84.0
949.225	293.211	28.505	214	133	5	16	219	5	208	6.39e-19	76.3
949.225	981.205	27.215	158	100	6	61	216	57	201	1.45e-09	50.1
1378.225	1378.225	100.000	225	0	0	1	225	1	225	4.05e-169	459
1378.225	189.226	63.556	225	80	1	1	223	1	225	4.87e-105	297
1378.225	631.218	39.713	209	120	5	7	212	8	213	5.20e-40	131
1378.225	858.242	24.880	209	121	8	24	201	25	228	7.56e-07	42.4
1435.224	1435.224	100.000	224	0	0	1	224	1	224	2.74e-166	452
1435.224	528.222	63.839	224	79	2	1	224	1	222	1.72e-99	283
1435.224	1251.223	61.161	224	83	3	2	224	3	223	2.43e-96	275
1435.224	418.118	62.963	108	39	1	118	224	11	118	4.84e-42	133
1435.224	417.105	58.947	95	36	2	2	96	3	94	5.68e-35	115
1435.224	1205.235	31.980	197	125	4	23	216	25	215	9.50e-27	97.4
1472.224	1472.224	100.000	224	0	0	1	224	1	224	3.95e-155	424
1472.224	1663.222	48.341	211	101	6	4	210	12	218	2.04e-49	155
1762.224	1762.224	100.000	179	0	0	1	179	1	179	1.91e-137	379
1762.224	622.203	43.195	169	88	4	13	179	13	175	1.36e-40	132
1762.224	928.198	38.415	164	92	4	14	174	11	168	1.36e-29	103
1762.224	1063.198	38.415	164	92	4	14	174	11	168	1.36e-29	103
1762.224	988.199	37.143	175	100	4	5	175	2	170	4.32e-28	100
1762.224	300.199	37.195	164	95	4	14	174	11	169	1.20e-24	90.9
1762.224	34.195	32.738	168	99	4	11	177	10	164	1.84e-20	79.7
1762.224	67.195	32.738	168	99	4	11	177	10	164	2.10e-20	79.7
1762.224	477.195	30.539	167	102	4	11	176	10	163	1.61e-19	77.4
1762.224	1528.195	28.571	168	106	3	11	177	10	164	1.73e-19	77.4
1762.224	1395.205	25.434	173	115	4	7	178	17	176	4.08e-16	68.6
1762.224	1358.200	27.451	153	89	5	31	178	37	172	2.42e-15	66.2
1762.224	1309.200	26.415	159	95	4	25	178	31	172	4.39e-15	65.5
1762.224	199.200	27.811	169	104	6	15	178	16	171	9.01e-15	64.7
1762.224	1491.194	28.977	176	110	5	2	176	1	162	1.27e-14	64.3
1762.224	439.193	31.138	167	101	4	11	176	8	161	1.69e-14	63.9
1762.224	1269.193	31.138	167	101	4	11	176	8	161	1.69e-14	63.9
1762.224	117.194	29.630	162	97	6	21	179	30	177	2.40e-13	60.5
1762.224	1176.186	34.000	150	78	8	15	158	2	136	3.24e-13	60.1
1762.224	161.210	29.825	171	85	6	18	175	2	150	5.23e-13	60.1
1762.224	674.199	25.843	178	113	7	3	179	11	170	2.99e-12	57.8
1762.224	1140.247	40.816	98	40	6	87	177	77	163	9.65e-12	57.0
1762.224	718.186	30.303	132	76	5	31	160	24	141	1.30e-11	55.8
1762.224	755.244	32.609	92	57	2	89	179	81	168	1.89e-11	55.8
1762.224	1448.221	34.444	90	54	3	89	177	87	172	5.72e-11	54.3
1762.224	1710.235	36.735	98	49	4	87	179	85	174	1.04e-10	53.9
1762.224	544.238	29.474	95	62	2	86	179	79	169	1.66e-10	53.1
1762.224	1565.240	34.677	124	66	5	37	158	40	150	2.27e-10	52.8
1762.224	890.221	26.897	145	92	4	34	177	39	170	2.62e-10	52.4
1762.224	581.222	26.761	142	90	4	37	177	44	172	8.41e-10	50.8
1762.224	1626.216	26.351	148	95	4	32	178	37	171	1.01e-09	50.8
1762.224	255.223	30.345	145	87	6	34	177	42	173	2.41e-09	49.7
1762.224	337.223	30.345	145	87	6	34	177	42	173	2.41e-09	49.7
1762.224	383.228	30.851	94	60	2	87	179	87	176	4.88e-09	48.9
1762.224	1026.237	28.188	149	92	6	30	176	16	151	4.26e-08	46.2
556.223	556.223	100.000	223	0	0	1	223	1	223	1.18e-148	407
128.222	128.222	100.000	222	0	0	1	222	1	222	1.36e-163	445
825.222	825.222	100.000	222	0	0	1	222	1	222	2.88e-169	459
825.222	974.213	34.921	189	93	2	28	187	19	206	8.94e-38	125
1663.222	1663.222	100.000	222	0	0	1	222	1	222	1.18e-162	442
1663.222	1472.224	48.341	211	101	6	12	218	4	210	2.20e-55	171
240.221	240.221	100.000	221	0	0	1	221	1	221	5.93e-136	375
240.221	352.221	100.000	221	0	0	1	221	1	221	5.93e-136	375
240.221	1774.176	36.111	144	84	3	68	211	32	167	6.57e-14	61.6
352.221	240.221	100.000	221	0	0	1	221	1	221	5.93e-136	375
352.221	352.221	100.000	221	0	0	1	221	1	221	5.93e-136	375
352.221	1774.176	36.111	144	84	3	68	211	32	167	6.57e-14	61.6
467.221	467.221	100.000	221	0	0	1	221	1	221	3.53e-165	449
1543.220	1543.220	100.000	220	0	0	1	220	1	220	1.36e-151	414
1543.220	401.215	45.226	199	101	5	12	208	14	206	1.40e-45	145
1543.220	770.200	41.784	213	108	7	1	211	1	199	5.68e-39	128
1543.220	225.219	32.237	152	90	5	69	216	70	212	7.18e-15	65.1
1543.220	1409.219	34.416	154	84	7	69	216	70	212	1.59e-14	64.3
1543.220	1659.206	36.250	160	88	9	58	211	52	203	1.06e-13	61.6
1543.220	1474.175	32.386	176	94	7	27	195	2	159	6.00e-12	56.2
1543.220	1774.176	33.333	105	56	4	99	198	67	162	8.01e-08	44.7
923.219	923.219	100.000	219	0	0	1	219	1	219	3.11e-142	390
923.219	1068.193	99.482	193	1	0	27	219	1	193	1.43e-122	340
1189.219	1189.219	100.000	219	0	0	1	219	1	219	1.96e-112	315
1579.219	1579.219	100.000	201	0	0	1	201	1	201	3.26e-150	410
100.218	100.218	100.000	218	0	0	1	218	1	218	1.06e-149	409
308.218	308.218	100.000	218	0	0	1	218	1	218	1.87e-145	399
631.218	631.218	100.000	218	0	0	1	218	1	218	4.51e-163	443
631.218	189.226	39.904	208	120	4	12	215	10	216	4.53e-43	139
631.218	1378.225	39.713	209	120	5	8	213	7	212	5.04e-40	131
631.218	132.224	26.667	180	115	6	32	203	48	218	5.22e-12	57.4
1050.217	1050.217	100.000	217	0	0	1	217	1	217	1.12e-98	280
23.216	23.216	100.000	216	0	0	1	216	1	216	1.06e-142	391
23.216	61.216	96.759	216	7	0	1	216	1	216	1.30e-137	379
23.216	981.205	29.134	127	76	3	77	200	77	192	9.14e-10	50.4
23.216	712.232	26.012	173	108	5	36	199	48	209	1.14e-08	47.8
23.216	111.237	26.724	116	78	2	72	185	97	207	3.37e-08	46.2
23.216	1618.222	26.718	131	85	3	76	199	83	209	2.77e-07	43.5
23.216	156.239	24.571	175	108	6	50	212	61	223	3.01e-07	43.5
23.216	1769.247	27.612	134	85	4	76	203	108	235	3.80e-07	43.1
61.216	61.216	100.000	216	0	0	1	216	1	216	2.61e-142	390
61.216	23.216	96.759	216	7	0	1	216	1	216	1.60e-137	378
61.216	111.237	27.586	116	77	2	72	185	97	207	9.93e-09	47.8
61.216	981.205	28.346	127	77	3	77	200	77	192	2.00e-08	46.6
61.216	1618.222	28.244	131	83	3	76	199	83	209	2.38e-08	46.6
61.216	156.239	24.571	175	108	6	50	212	61	223	5.64e-07	42.7
61.216	712.232	26.957	115	73	3	85	199	106	209	9.23e-07	42.0
456.216	456.216	100.000	216	0	0	1	216	1	216	6.09e-152	415
456.216	1286.216	100.000	216	0	0	1	216	1	216	6.09e-152	415
456.216	1097.117	41.892	74	37	2	123	194	29	98	1.30e-11	53.9
456.216	1019.115	36.986	73	41	2	123	194	28	96	2.69e-10	50.4
560.216	560.216	100.000	216	0	0	1	216	1	216	1.86e-161	439
1000.216	1000.216	100.000	216	0	0	1	216	1	216	2.46e-163	444
1000.216	1048.93	40.816	98	49	3	111	208	4	92	1.68e-17	69.3
1000.216	449.98	39.394	99	52	3	111	209	3	93	7.31e-15	62.4
1000.216	1279.98	39.394	99	52	3	111	209	3	93	7.31e-15	62.4
1000.216	745.93	36.082	97	53	2	111	207	3	90	7.06e-14	59.7
1000.216	325.79	36.842	76	46	2	137	211	4	78	3.43e-09	46.6
1286.216	456.216	100.000	216	0	0	1	216	1	216	6.09e-152	415
1286.216	1286.216	100.000	216	0	0	1	216	1	216	6.09e-152	415
1286.216	1097.117	41.892	74	37	2	123	194	29	98	1.30e-11	53.9
1286.216	1019.115	36.986	73	41	2	123	194	28	96	2.69e-10	50.4
401.215	401.215	100.000	203	0	0	1	203	1	203	7.16e-123	341
401.215	1543.220	51.064	141	66	3	66	203	65	205	2.17e-41	134
401.215	770.200	44.361	133	70	2	71	203	65	193	5.01e-30	104
401.215	225.219	29.630	135	91	3	67	198	68	201	1.02e-13	62.0
401.215	1409.219	28.889	135	92	3	67	198	68	201	1.74e-12	58.5
401.215	1474.175	28.462	130	81	5	69	193	37	159	9.79e-09	47.4
401.215	1659.206	32.639	144	84	8	67	203	60	197	1.13e-08	47.4
401.215	288.197	33.000	100	61	3	97	196	97	190	3.52e-07	43.1
401.215	240.221	26.136	88	47	2	109	196	138	207	4.83e-07	42.7
401.215	352.221	26.136	88	47	2	109	196	138	207	4.83e-07	42.7
401.215	874.199	25.781	128	87	4	69	193	61	183	6.20e-07	42.4
696.215	696.215	100.000	215	0	0	1	215	1	215	2.39e-98	279
1573.215	1573.215	100.000	191	0	0	25	215	25	215	6.80e-139	382
1573.215	712.232	36.975	119	71	3	90	207	99	214	6.30e-18	73.6
1573.215	613.214	32.317	164	100	6	30	191	30	184	8.22e-16	67.4
1573.215	111.237	28.351	194	122	7	30	207	36	228	3.67e-11	55.1
1573.215	935.211	30.973	113	71	3	85	191	73	184	1.07e-10	53.1
1573.215	1056.211	30.973	113	71	3	85	191	73	184	1.07e-10	53.1
1573.215	1170.242	34.483	87	53	2	118	201	124	209	1.15e-09	50.8
1573.215	981.205	29.524	105	69	2	97	199	86	187	2.10e-09	49.7
1573.215	293.211	29.464	112	72	3	86	191	74	184	4.43e-09	48.5
613.214	613.214	100.000	214	0	0	1	214	1	214	3.58e-147	402
613.214	935.211	48.649	185	86	5	27	205	23	204	3.46e-54	167
613.214	1056.211	48.649	185	86	5	27	205	23	204	3.46e-54	167
613.214	293.211	48.128	187	84	5	27	205	23	204	8.22e-52	161
613.214	834.225	31.410	156	99	2	59	206	61	216	5.61e-22	84.3
613.214	949.225	31.410	156	99	2	59	206	61	216	7.83e-22	84.0
613.214	810.225	31.410	156	99	2	59	206	61	216	1.25e-21	83.6
613.214	1170.242	35.862	145	90	2	66	210	84	225	4.89e-20	79.3
613.214	712.232	32.086	187	111	4	32	205	35	218	1.16e-19	78.2
613.214	111.237	29.808	208	113	9	24	204	30	231	5.15e-16	68.6
613.214	1573.215	32.317	164	100	6	30	184	30	191	7.47e-16	67.8
613.214	1720.244	31.461	178	103	7	30	199	44	210	1.06e-10	53.5
613.214	981.205	27.211	147	86	4	59	196	57	191	1.61e-10	52.8
613.214	1618.222	28.369	141	88	4	69	198	73	211	1.49e-09	50.1
974.213	974.213	100.000	213	0	0	1	213	1	213	2.15e-143	393
974.213	825.222	34.921	189	93	2	19	206	28	187	1.23e-30	107
187.212	187.212	100.000	212	0	0	1	212	1	212	1.64e-125	348
872.212	872.212	100.000	212	0	0	1	212	1	212	2.56e-159	433
1163.212	1163.212	100.000	212	0	0	1	212	1	212	3.56e-152	415
146.211	146.211	100.000	211	0	0	1	211	1	211	6.94e-153	417
293.211	293.211	100.000	211	0	0	1	211	1	211	1.37e-146	401
293.211	935.211	91.469	211	18	0	1	211	1	211	8.80e-135	371
293.211	1056.211	91.469	211	18	0	1	211	1	211	8.80e-135	371
293.211	613.214	48.128	187	84	5	23	204	27	205	8.46e-52	160
293.211	949.225	31.818	154	99	3	61	208	66	219	6.56e-18	73.2
293.211	834.225	31.818	154	99	3	61	208	66	219	1.13e-17	72.8
293.211	810.225	29.101	189	114	5	26	204	37	215	2.33e-17	72.0
293.211	712.232	38.983	118	60	4	78	195	99	204	4.09e-15	65.9
293.211	1170.242	31.852	135	83	3	74	207	97	223	1.09e-10	53.5
293.211	1573.215	29.464	112	72	3	74	184	86	191	2.49e-09	49.3
293.211	1720.244	35.000	80	51	1	78	156	90	169	3.61e-07	43.1
293.211	111.237	26.425	193	116	7	17	188	26	213	8.85e-07	42.0
520.211	520.211	100.000	211	0	0	1	211	1	211	5.37e-156	425
520.211	522.147	45.690	116	40	3	71	164	8	122	1.82e-19	75.9
520.211	522.147	45.652	92	28	3	7	76	31	122	2.99e-13	59.3
907.211	907.211	100.000	211	0	0	1	211	1	211	6.40e-148	404
935.211	935.211	100.000	211	0	0	1	211	1	211	8.51e-156	424
935.211	1056.211	100.000	211	0	0	1	211	1	211	8.51e-156	424
935.211	293.211	91.469	211	18	0	1	211	1	211	2.45e-143	393
935.211	613.214	46.305	203	98	6	5	204	11	205	1.29e-56	173
935.211	949.225	31.797	217	129	6	2	208	12	219	1.62e-21	83.2
935.211	810.225	30.374	214	128	6	2	204	12	215	9.16e-20	78.2
935.211	834.225	36.111	144	86	3	69	208	78	219	2.30e-19	77.4
935.211	712.232	37.302	126	67	4	70	195	91	204	1.92e-16	69.3
935.211	1170.242	34.532	139	82	3	70	207	93	223	7.39e-15	65.1
935.211	1573.215	30.973	113	71	3	73	184	85	191	7.09e-11	53.9
935.211	111.237	27.053	207	118	8	7	188	15	213	1.67e-09	50.1
1056.211	935.211	100.000	211	0	0	1	211	1	211	8.51e-156	424
1056.211	1056.211	100.000	211	0	0	1	211	1	211	8.51e-156	424
1056.211	293.211	91.469	211	18	0	1	211	1	211	2.45e-143	393
1056.211	613.214	46.305	203	98	6	5	204	11	205	1.29e-56	173
1056.211	949.225	31.797	217	129	6	2	208	12	219	1.62e-21	83.2
1056.211	810.225	30.374	214	128	6	2	204	12	215	9.16e-20	78.2
1056.211	834.225	36.111	144	86	3	69	208	78	219	2.30e-19	77.4
1056.211	712.232	37.302	126	67	4	70	195	91	204	1.92e-16	69.3
1056.211	1170.242	34.532	139	82	3	70	207	93	223	7.39e-15	65.1
1056.211	1573.215	30.973	113	71	3	73	184	85	191	7.09e-11	53.9
1056.211	111.237	27.053	207	118	8	7	188	15	213	1.67e-09	50.1
1238.211	1238.211	100.000	211	0	0	1	211	1	211	1.31e-145	398
161.210	161.210	100.000	210	0	0	1	210	1	210	4.23e-146	399
161.210	1176.186	37.791	172	97	2	8	177	10	173	1.06e-32	111
161.210	718.186	37.805	164	100	1	8	169	13	176	1.24e-30	105
161.210	117.194	38.621	145	87	1	9	151	30	174	4.85e-29	102
161.210	255.223	35.897	156	95	3	8	159	26	180	1.19e-24	91.3
161.210	337.223	35.897	156	95	3	8	159	26	180	1.19e-24	91.3
161.210	581.222	33.523	176	109	4	8	176	25	199	1.70e-24	90.9
161.210	890.221	36.364	154	93	3	8	157	23	175	1.77e-23	88.2
161.210	383.228	35.948	153	91	4	8	155	27	177	2.35e-23	87.8
161.210	1448.221	38.235	136	81	2	21	154	40	174	1.92e-22	85.5
161.210	1309.200	32.468	154	101	3	2	153	20	172	4.77e-21	81.3
161.210	1395.205	31.169	154	103	2	2	153	24	176	1.44e-20	80.1
161.210	199.200	32.468	154	101	3	2	153	19	171	1.55e-20	79.7
161.210	1358.200	31.818	154	102	3	2	153	20	172	2.85e-20	79.0
161.210	674.199	34.028	144	91	2	19	159	33	175	1.75e-18	74.3
161.210	1528.195	32.911	158	102	3	17	171	28	184	5.07e-18	73.2
161.210	1140.247	32.530	166	102	6	8	165	16	179	1.14e-17	73.2
161.210	622.203	28.426	197	108	7	3	178	15	199	1.61e-17	72.0
161.210	928.198	31.818	154	91	5	9	150	18	169	1.27e-16	69.3
161.210	1063.198	31.818	154	91	5	9	150	18	169	1.27e-16	69.3
161.210	300.199	32.258	155	90	4	9	150	18	170	1.87e-16	68.9
161.210	1026.237	34.074	135	85	2	19	150	17	150	2.87e-16	68.9
161.210	1565.240	30.573	157	99	5	1	150	15	168	1.98e-15	66.6
161.210	1626.216	30.822	146	94	5	9	150	26	168	8.47e-15	64.7
161.210	477.195	31.852	135	89	2	17	149	28	161	9.12e-15	64.3
161.210	988.199	31.818	154	92	4	9	150	18	170	1.02e-13	61.6
161.210	1762.224	29.825	171	85	6	2	150	18	175	4.48e-13	60.1
161.210	67.195	31.507	146	91	4	17	157	28	169	5.27e-13	59.3
161.210	755.244	30.233	172	96	6	8	163	17	180	1.10e-12	59.3
161.210	34.195	31.507	146	91	4	17	157	28	169	1.21e-12	58.5
161.210	439.193	27.152	151	107	2	9	157	18	167	2.58e-12	57.4
161.210	1269.193	27.152	151	107	2	9	157	18	167	2.58e-12	57.4
161.210	544.238	29.412	153	99	4	8	153	18	168	3.00e-12	57.8
161.210	1491.194	29.032	155	101	3	8	157	18	168	4.48e-12	57.0
161.210	1710.235	27.326	172	112	6	8	172	23	188	2.74e-10	52.4
742.210	742.210	100.000	210	0	0	1	210	1	210	4.27e-137	377
742.210	904.195	66.667	207	56	1	1	207	1	194	2.91e-98	278
685.209	685.209	100.000	209	0	0	1	209	1	209	2.06e-158	431
51.207	51.207	100.000	207	0	0	1	207	1	207	3.24e-156	425
51.207	1429.165	62.424	165	62	0	43	207	1	165	4.69e-76	221
51.207	1246.170	63.125	160	59	0	44	203	7	166	6.37e-74	215
51.207	503.165	57.317	164	64	3	43	203	1	161	1.77e-56	171
51.207	1653.133	27.607	163	72	6	43	195	1	127	2.18e-07	42.7
