779.160	779.160	100.000	141	0	0	20	160	20	160	6.89e-99	275
49.159	49.159	100.000	159	0	0	1	159	1	159	2.61e-118	325
142.159	142.159	100.000	159	0	0	1	159	1	159	3.51e-117	322
143.159	143.159	100.000	141	0	0	19	159	19	159	9.99e-103	285
423.159	423.159	100.000	144	0	0	1	144	1	144	4.38e-105	291
174.158	174.158	100.000	158	0	0	1	158	1	158	4.63e-94	263
84.156	84.156	100.000	156	0	0	1	156	1	156	1.77e-84	239
655.154	655.154	100.000	154	0	0	1	154	1	154	1.55e-74	213
655.154	1657.128	45.985	137	49	4	13	148	12	124	5.73e-07	40.0
921.154	921.154	100.000	154	0	0	1	154	1	154	1.86e-119	327
1779.154	1779.154	100.000	154	0	0	1	154	1	154	4.36e-116	318
1375.153	1375.153	100.000	153	0	0	1	153	1	153	2.42e-114	314
24.152	24.152	100.000	152	0	0	1	152	1	152	2.98e-106	293
24.152	62.152	96.711	152	5	0	1	152	1	152	5.35e-103	285
24.152	1486.149	64.706	153	49	2	1	152	1	149	2.82e-57	169
24.152	1533.151	56.494	154	62	2	1	152	1	151	4.53e-56	166
24.152	482.150	52.288	153	69	2	1	152	1	150	3.83e-51	154
24.152	434.147	48.052	154	71	3	1	152	1	147	1.74e-40	127
24.152	1264.147	48.052	154	71	3	1	152	1	147	1.74e-40	127
24.152	157.132	39.796	98	59	0	35	132	16	113	5.41e-16	63.9
24.152	808.121	33.058	121	74	1	20	140	6	119	1.53e-13	57.4
24.152	951.121	34.653	101	66	0	35	135	14	114	4.77e-13	55.8
24.152	1031.141	33.607	122	73	2	36	151	20	139	1.64e-12	55.1
24.152	836.121	34.653	101	66	0	35	135	14	114	2.17e-12	54.3
24.152	112.146	36.538	104	63	2	36	138	33	134	2.74e-11	52.0
24.152	1171.135	25.758	132	81	6	28	151	11	133	6.60e-07	39.7
62.152	62.152	100.000	152	0	0	1	152	1	152	3.74e-93	260
62.152	24.152	96.711	152	5	0	1	152	1	152	5.86e-91	255
62.152	1486.149	70.732	123	35	1	31	152	27	149	1.36e-56	168
62.152	1533.151	56.494	154	62	2	1	152	1	151	2.08e-51	155
62.152	482.150	52.288	153	69	2	1	152	1	150	7.67e-45	138
62.152	434.147	51.128	133	60	2	22	152	18	147	1.38e-38	122
62.152	1264.147	51.128	133	60	2	22	152	18	147	1.38e-38	122
62.152	808.121	34.906	106	69	0	35	140	14	119	1.01e-14	60.5
62.152	157.132	37.755	98	61	0	35	132	16	113	1.12e-14	60.5
62.152	951.121	34.653	101	66	0	35	135	14	114	9.98e-13	55.1
62.152	836.121	34.653	101	66	0	35	135	14	114	4.26e-12	53.5
62.152	112.146	36.111	108	66	2	36	142	33	138	2.98e-11	51.6
62.152	1031.141	32.787	122	74	2	36	151	20	139	3.30e-11	51.6
139.152	139.152	100.000	152	0	0	1	152	1	152	3.46e-94	263
728.152	728.152	100.000	152	0	0	1	152	1	152	2.35e-109	301
903.151	903.151	100.000	151	0	0	1	151	1	151	1.79e-108	299
1370.151	1370.151	100.000	151	0	0	1	151	1	151	1.29e-107	297
1370.151	1639.151	89.404	151	16	0	1	151	1	151	1.98e-96	268
1370.151	183.148	89.116	147	16	0	1	147	1	147	2.83e-94	263
1370.151	1557.143	41.667	120	67	2	3	121	4	121	4.48e-20	74.7
1533.151	1533.151	100.000	151	0	0	1	151	1	151	1.83e-96	269
1533.151	482.150	60.265	151	59	1	1	151	1	150	2.92e-53	159
1533.151	434.147	65.035	143	50	0	9	151	5	147	5.35e-53	159
1533.151	1264.147	65.035	143	50	0	9	151	5	147	5.35e-53	159
1533.151	24.152	56.494	154	62	2	1	151	1	152	2.46e-50	152
1533.151	62.152	56.494	154	62	2	1	151	1	152	4.85e-50	151
1533.151	1486.149	58.710	155	54	4	1	151	1	149	6.22e-44	135
1533.151	951.121	32.710	107	70	1	28	134	7	111	6.28e-11	50.4
1533.151	157.132	35.238	105	66	1	30	134	11	113	7.24e-11	50.4
1533.151	836.121	31.776	107	71	1	28	134	7	111	4.50e-10	48.1
1533.151	808.121	32.710	107	70	1	28	134	7	111	9.91e-10	47.4
1533.151	1031.141	33.065	124	70	3	36	150	20	139	1.30e-08	44.7
1639.151	1639.151	100.000	151	0	0	1	151	1	151	2.38e-108	299
1639.151	1370.151	89.404	151	16	0	1	151	1	151	1.98e-96	268
1639.151	183.148	91.096	146	13	0	1	146	1	146	6.37e-96	267
1639.151	1557.143	43.333	120	65	2	3	121	4	121	2.66e-22	80.5
74.150	74.150	100.000	150	0	0	1	150	1	150	4.56e-113	310
74.150	1519.150	73.333	150	40	0	1	150	1	150	6.82e-83	234
1233.150	1233.150	100.000	150	0	0	1	150	1	150	1.46e-94	264
1519.150	1519.150	100.000	150	0	0	1	150	1	150	1.06e-111	307
1519.150	74.150	73.333	150	40	0	1	150	1	150	6.82e-83	234
1081.149	1081.149	100.000	149	0	0	1	149	1	149	1.55e-109	301
1486.149	1486.149	100.000	149	0	0	1	149	1	149	3.13e-69	199
1486.149	62.152	72.881	118	31	1	32	149	36	152	4.87e-44	136
1486.149	24.152	72.034	118	32	1	32	149	36	152	8.04e-44	135
1486.149	1533.151	63.333	120	38	3	32	149	36	151	3.24e-37	119
1486.149	482.150	57.983	119	45	3	32	149	36	150	1.02e-32	107
1486.149	434.147	55.629	151	61	3	1	149	1	147	1.81e-27	94.0
1486.149	1264.147	55.629	151	61	3	1	149	1	147	1.81e-27	94.0
1486.149	157.132	36.082	97	62	0	32	128	17	113	1.18e-10	49.7
1486.149	951.121	31.068	103	71	0	31	133	14	116	4.31e-10	48.1
1486.149	836.121	30.097	103	72	0	31	133	14	116	3.77e-09	45.4
1486.149	1031.141	31.132	106	73	0	31	136	19	124	2.04e-08	43.9
1486.149	808.121	31.068	103	71	0	31	133	14	116	2.96e-08	43.1
183.148	183.148	100.000	148	0	0	1	148	1	148	2.33e-106	293
183.148	1639.151	91.096	146	13	0	1	146	1	146	6.24e-96	267
183.148	1370.151	89.116	147	16	0	1	147	1	147	2.78e-94	263
183.148	1557.143	42.500	120	66	2	3	121	4	121	1.71e-21	78.6
311.148	311.148	100.000	148	0	0	1	148	1	148	4.36e-91	255
464.148	464.148	100.000	148	0	0	1	148	1	148	8.12e-111	305
1215.148	1215.148	100.000	148	0	0	1	148	1	148	1.14e-105	291
1215.148	1145.143	50.442	113	54	1	20	132	21	131	1.45e-35	114
1215.148	1668.143	44.715	123	68	0	4	126	5	127	9.44e-35	112
1215.148	1718.135	43.103	116	66	0	11	126	5	120	1.00e-29	99.4
1215.148	537.133	38.636	132	75	2	11	142	7	132	3.14e-25	87.8
1215.148	762.133	38.655	119	70	1	11	129	7	122	7.24e-23	81.6
1215.148	885.117	37.000	100	60	1	30	129	8	104	1.03e-17	67.8
1215.148	586.117	37.391	115	64	3	30	144	8	114	1.16e-16	65.1
1215.148	1031.141	36.066	61	39	0	57	117	59	119	3.56e-09	45.8
1215.148	157.132	37.931	58	36	0	57	114	56	113	8.53e-07	39.3
1229.148	1229.148	100.000	148	0	0	1	148	1	148	1.79e-110	304
1229.148	1227.145	34.694	147	90	1	1	147	1	141	2.51e-26	90.9
273.147	273.147	100.000	147	0	0	1	147	1	147	4.59e-78	222
273.147	319.137	99.270	137	1	0	11	147	1	137	3.58e-70	201
434.147	434.147	100.000	147	0	0	1	147	1	147	2.57e-85	240
434.147	1264.147	100.000	147	0	0	1	147	1	147	2.57e-85	240
434.147	1533.151	62.914	151	52	1	1	147	1	151	9.88e-54	160
434.147	482.150	59.310	145	58	1	3	147	7	150	1.74e-48	147
434.147	62.152	50.000	146	68	2	5	147	9	152	3.87e-36	116
434.147	24.152	48.052	154	71	3	1	147	1	152	1.49e-35	114
434.147	1486.149	55.629	151	61	3	1	147	1	149	1.22e-33	109
434.147	157.132	32.743	113	71	2	18	130	6	113	6.13e-07	39.7
665.147	665.147	100.000	147	0	0	1	147	1	147	1.55e-88	248
665.147	1441.138	40.909	110	59	2	22	129	9	114	5.06e-21	77.0
665.147	1535.130	39.252	107	59	2	23	128	10	111	2.19e-18	70.1
665.147	431.127	39.785	93	52	1	36	128	20	108	1.06e-16	65.5
665.147	1261.127	39.785	93	52	1	36	128	20	108	1.06e-16	65.5
665.147	1482.136	39.130	115	58	3	22	128	7	117	4.00e-16	64.3
1264.147	434.147	100.000	147	0	0	1	147	1	147	2.57e-85	240
1264.147	1264.147	100.000	147	0	0	1	147	1	147	2.57e-85	240
1264.147	1533.151	62.914	151	52	1	1	147	1	151	9.88e-54	160
1264.147	482.150	59.310	145	58	1	3	147	7	150	1.74e-48	147
1264.147	62.152	50.000	146	68	2	5	147	9	152	3.87e-36	116
1264.147	24.152	48.052	154	71	3	1	147	1	152	1.49e-35	114
1264.147	1486.149	55.629	151	61	3	1	147	1	149	1.22e-33	109
1264.147	157.132	32.743	113	71	2	18	130	6	113	6.13e-07	39.7
112.146	112.146	100.000	146	0	0	1	146	1	146	2.48e-88	248
112.146	157.132	39.850	133	72	4	19	146	3	132	3.97e-14	58.9
112.146	808.121	38.235	102	60	2	27	126	9	109	3.44e-09	45.4
112.146	951.121	38.835	103	60	2	26	126	8	109	9.09e-09	44.7
112.146	836.121	37.864	103	61	2	26	126	8	109	4.18e-08	42.7
645.146	645.146	100.000	146	0	0	1	146	1	146	5.97e-108	297
645.146	782.146	32.812	128	76	6	17	138	15	138	3.07e-15	62.0
645.146	601.103	39.744	78	44	3	70	146	28	103	6.25e-10	47.4
782.146	782.146	100.000	146	0	0	1	146	1	146	2.70e-105	290
782.146	645.146	32.812	128	76	6	15	138	17	138	3.07e-15	62.0
782.146	601.103	31.429	105	66	3	42	143	1	102	1.06e-08	43.9
1135.146	1135.146	100.000	146	0	0	1	146	1	146	2.52e-93	260
1388.146	1388.146	100.000	146	0	0	1	146	1	146	2.46e-87	245
1227.145	1227.145	100.000	145	0	0	1	145	1	145	8.02e-92	256
1227.145	1229.148	33.333	138	92	0	1	138	1	138	6.71e-19	71.6
1381.145	1381.145	100.000	145	0	0	1	145	1	145	2.56e-105	290
1145.143	1145.143	100.000	143	0	0	1	143	1	143	2.11e-103	285
1145.143	1668.143	68.033	122	38	1	21	141	21	142	2.77e-51	154
1145.143	1215.148	50.442	113	54	1	21	131	20	132	1.40e-35	114
1145.143	537.133	43.262	141	69	4	1	139	1	132	8.79e-33	106
1145.143	762.133	42.553	141	70	4	1	139	1	132	4.80e-30	99.8
1145.143	1718.135	46.729	107	57	0	9	115	2	108	1.50e-29	98.6
1145.143	885.117	41.176	119	60	2	26	140	3	115	9.92e-24	83.2
1145.143	586.117	42.500	120	59	3	26	141	3	116	1.90e-23	82.4
1145.143	1031.141	40.000	50	30	0	57	106	58	107	3.59e-07	40.4
1329.143	1329.143	100.000	143	0	0	1	143	1	143	2.22e-88	248
1329.143	1419.135	69.930	143	35	2	1	143	1	135	4.44e-62	181
1390.143	1390.143	100.000	143	0	0	1	143	1	143	5.00e-88	247
1557.143	1557.143	100.000	143	0	0	1	143	1	143	1.01e-100	279
1557.143	1639.151	43.333	120	65	2	4	121	3	121	2.52e-22	80.5
1557.143	183.148	42.500	120	66	2	4	121	3	121	1.66e-21	78.6
1557.143	1370.151	41.667	120	67	2	4	121	3	121	4.24e-20	74.7
1668.143	1668.143	100.000	143	0	0	1	143	1	143	3.70e-79	224
1668.143	1145.143	68.033	122	38	1	21	142	21	141	3.70e-40	125
1668.143	1215.148	46.154	117	63	0	5	121	4	120	4.88e-25	87.4
1668.143	762.133	43.269	104	59	0	16	119	11	114	7.57e-18	68.6
1668.143	537.133	41.509	106	62	0	12	117	7	112	5.59e-16	63.5
1668.143	1718.135	41.667	108	63	0	12	119	5	112	1.28e-15	62.8
1668.143	885.117	44.048	84	47	0	26	109	3	86	4.51e-11	50.4
1668.143	586.117	36.957	92	58	0	26	117	3	94	3.13e-08	42.7
1732.143	1732.143	100.000	143	0	0	1	143	1	143	4.27e-103	285
1655.142	1655.142	100.000	142	0	0	1	142	1	142	3.52e-102	282
1655.142	1656.129	55.245	143	42	4	1	138	1	126	5.82e-39	122
1655.142	1657.128	53.571	140	46	5	1	137	1	124	3.27e-34	110
1655.142	655.154	45.652	138	66	2	11	139	13	150	2.28e-28	96.3
1655.142	524.147	56.522	92	36	3	4	91	8	99	3.83e-23	82.4
1655.142	1426.156	56.962	79	32	2	4	80	9	87	1.78e-21	78.6
1655.142	1243.139	54.430	79	32	1	4	78	9	87	8.53e-20	73.6
1655.142	9.148	57.534	73	28	2	4	73	10	82	4.77e-18	69.3
1655.142	1425.166	55.405	74	31	2	4	75	9	82	8.43e-18	69.3
1655.142	1158.136	60.000	70	26	2	1	69	1	69	2.61e-17	67.0
1655.142	1157.129	54.930	71	17	2	10	80	9	64	2.16e-16	64.7
1655.142	1584.138	66.667	57	17	1	10	64	9	65	5.50e-16	63.9
1655.142	1585.145	63.793	58	16	2	1	56	1	55	1.88e-15	62.4
1655.142	287.137	68.085	47	15	0	10	56	11	57	7.19e-15	60.8
1655.142	286.139	68.085	47	15	0	10	56	9	55	7.90e-15	60.8
1655.142	1159.148	66.667	51	16	1	1	51	1	50	5.22e-14	58.9
1655.142	1731.165	76.923	39	9	0	9	47	8	46	6.52e-14	58.9
1655.142	595.122	36.134	119	67	4	23	136	1	115	9.49e-14	57.8
1655.142	779.160	84.000	25	4	0	23	47	1	25	2.06e-07	41.2
448.141	448.141	100.000	141	0	0	1	141	1	141	7.17e-103	284
448.141	1278.141	100.000	141	0	0	1	141	1	141	7.17e-103	284
448.141	1458.141	78.723	141	30	0	1	141	1	141	3.60e-81	229
1031.141	1031.141	100.000	141	0	0	1	141	1	141	7.41e-84	236
1031.141	157.132	38.393	112	63	2	30	141	27	132	3.23e-18	69.3
1031.141	586.117	38.144	97	53	2	31	127	10	99	1.40e-14	59.7
1031.141	1718.135	38.961	77	47	0	45	121	37	113	3.99e-13	56.2
1031.141	885.117	34.091	88	50	2	36	123	15	94	6.88e-12	52.4
1031.141	537.133	34.483	87	54	1	30	116	27	110	1.89e-11	51.6
1031.141	762.133	36.486	74	47	0	44	117	38	111	3.78e-11	50.8
1031.141	24.152	32.432	111	67	2	31	139	47	151	1.14e-09	47.4
1031.141	1215.148	36.066	61	39	0	59	119	57	117	4.47e-09	45.8
1031.141	112.146	34.848	66	42	1	56	120	67	132	9.10e-09	44.7
1031.141	1486.149	29.348	92	65	0	33	124	45	136	9.67e-09	44.7
1031.141	62.152	32.110	109	66	2	33	139	49	151	1.00e-08	44.7
1031.141	1533.151	30.973	113	65	3	31	139	47	150	9.45e-08	42.0
1031.141	482.150	29.091	110	70	3	31	139	47	149	1.88e-07	41.2
1031.141	1145.143	35.593	59	38	0	58	116	57	115	6.82e-07	39.7
1031.141	1401.128	35.616	73	43	3	51	122	53	122	8.66e-07	39.3
1278.141	448.141	100.000	141	0	0	1	141	1	141	7.17e-103	284
1278.141	1278.141	100.000	141	0	0	1	141	1	141	7.17e-103	284
1278.141	1458.141	78.723	141	30	0	1	141	1	141	3.60e-81	229
