85.206	85.206	100.000	206	0	0	1	206	1	206	1.16e-154	421
176.206	176.206	100.000	206	0	0	1	206	1	206	1.02e-149	408
602.206	602.206	100.000	206	0	0	1	206	1	206	9.27e-125	345
602.206	643.203	48.663	187	96	0	1	187	1	187	6.44e-50	155
1620.206	1620.206	100.000	206	0	0	1	206	1	206	4.39e-120	333
1620.206	982.177	35.246	122	78	1	85	206	57	177	1.67e-14	63.2
1620.206	1768.184	29.268	123	74	2	90	206	69	184	9.67e-13	58.5
1620.206	934.182	30.894	123	84	1	84	206	61	182	3.81e-12	56.6
1620.206	1057.182	30.894	123	84	1	84	206	61	182	3.81e-12	56.6
1620.206	294.182	30.081	123	85	1	84	206	61	182	5.36e-12	56.2
1620.206	157.132	35.484	62	38	1	81	142	13	72	2.83e-10	50.4
1620.206	615.178	29.268	123	86	1	84	206	57	178	2.84e-10	51.6
1620.206	1486.149	29.268	123	84	2	80	202	27	146	7.72e-08	44.3
1620.206	482.150	35.294	68	43	1	78	145	29	95	5.02e-07	42.0
864.205	864.205	100.000	205	0	0	1	205	1	205	4.80e-118	328
981.205	981.205	100.000	205	0	0	1	205	1	205	1.08e-129	358
981.205	156.239	38.235	102	61	1	92	191	112	213	3.55e-16	68.6
981.205	1170.242	30.270	185	101	5	37	196	35	216	2.66e-15	66.2
981.205	111.237	29.861	144	89	7	69	203	95	235	1.02e-10	53.5
981.205	613.214	28.671	143	89	4	57	191	59	196	2.62e-10	52.0
981.205	712.232	29.921	127	84	3	71	195	90	213	3.96e-10	51.6
981.205	1618.222	29.365	126	77	3	86	199	92	217	1.08e-09	50.4
981.205	23.216	29.134	127	76	3	77	192	77	200	1.11e-09	50.4
981.205	1573.215	29.524	105	69	2	86	187	97	199	1.37e-09	50.1
981.205	949.225	27.215	158	100	6	57	201	61	216	1.60e-09	50.1
981.205	834.225	29.323	133	80	5	76	201	91	216	1.72e-08	47.0
981.205	1769.247	30.952	126	69	5	86	199	117	236	1.88e-08	47.0
981.205	61.216	28.346	127	77	3	77	192	77	200	2.33e-08	46.6
981.205	810.225	26.056	142	92	5	71	201	77	216	9.34e-08	44.7
981.205	1402.244	27.545	167	88	6	55	199	66	221	4.58e-07	42.7
1395.205	1395.205	100.000	205	0	0	1	205	1	205	5.37e-155	422
1395.205	199.200	82.500	200	35	0	6	205	1	200	5.24e-127	351
1395.205	1309.200	81.095	201	37	1	5	205	1	200	1.42e-122	339
1395.205	1358.200	80.597	201	38	1	5	205	1	200	2.21e-122	339
1395.205	674.199	40.838	191	111	2	15	204	8	197	8.08e-53	162
1395.205	622.203	34.706	170	99	3	25	184	15	182	2.12e-35	118
1395.205	1176.186	35.099	151	97	1	28	177	8	158	3.39e-27	96.7
1395.205	755.244	30.286	175	116	3	16	184	1	175	5.46e-25	92.4
1395.205	383.228	30.612	147	100	1	28	172	25	171	1.36e-24	90.9
1395.205	255.223	29.932	147	101	1	28	172	24	170	1.76e-24	90.5
1395.205	337.223	29.932	147	101	1	28	172	24	170	1.76e-24	90.5
1395.205	928.198	30.811	185	111	5	27	197	14	195	1.91e-24	90.1
1395.205	1063.198	30.811	185	111	5	27	197	14	195	1.91e-24	90.1
1395.205	300.199	31.351	185	111	4	27	197	14	196	8.82e-24	88.2
1395.205	544.238	28.834	163	112	2	26	184	14	176	1.68e-23	88.6
1395.205	117.194	32.692	156	96	4	26	176	25	176	6.52e-23	85.9
1395.205	581.222	28.378	148	104	1	28	173	23	170	7.63e-23	86.3
1395.205	890.221	28.402	169	117	2	6	172	1	167	2.86e-22	84.7
1395.205	988.199	27.419	186	121	3	20	193	7	190	1.99e-21	82.0
1395.205	1140.247	29.870	154	94	4	28	173	14	161	2.61e-21	82.8
1395.205	718.186	29.885	174	101	6	31	192	14	178	5.75e-21	80.5
1395.205	161.210	31.169	154	103	2	24	176	2	153	1.05e-20	80.5
1395.205	477.195	35.385	130	80	2	42	169	31	158	1.11e-20	80.1
1395.205	1448.221	26.842	190	136	2	6	192	1	190	3.20e-20	79.3
1395.205	1528.195	33.088	136	87	2	39	172	28	161	3.59e-20	78.6
1395.205	67.195	33.835	133	84	2	42	172	31	161	5.28e-20	78.2
1395.205	1626.216	24.242	198	149	1	6	203	1	197	8.80e-20	78.2
1395.205	1710.235	26.738	187	128	3	25	202	18	204	1.19e-19	78.2
1395.205	34.195	33.083	133	85	2	42	172	31	161	2.32e-19	76.6
1395.205	1026.237	33.846	130	77	3	42	166	18	143	1.68e-18	75.1
1395.205	1491.194	32.653	147	95	2	28	172	16	160	3.47e-18	73.2
1395.205	1762.224	25.989	177	117	4	17	180	7	182	1.51e-17	72.0
1395.205	1565.240	30.159	126	86	1	54	177	47	172	2.53e-16	69.3
1395.205	439.193	32.192	146	91	3	28	169	15	156	2.48e-15	65.5
1395.205	1269.193	32.192	146	91	3	28	169	15	156	2.48e-15	65.5
918.204	918.204	100.000	204	0	0	1	204	1	204	1.38e-125	347
918.204	1072.196	100.000	196	0	0	9	204	1	196	3.55e-119	331
918.204	1161.201	35.754	179	104	6	22	191	13	189	2.20e-19	76.6
1384.204	1384.204	100.000	204	0	0	1	204	1	204	2.03e-147	402
622.203	622.203	100.000	203	0	0	1	203	1	203	8.98e-132	363
622.203	1762.224	46.497	157	76	4	28	178	28	182	6.33e-36	120
622.203	928.198	35.519	183	117	1	17	198	14	196	6.81e-34	114
622.203	1063.198	35.519	183	117	1	17	198	14	196	6.81e-34	114
622.203	1395.205	35.119	168	97	3	17	182	27	184	6.39e-33	112
622.203	199.200	35.119	168	97	3	17	182	22	179	3.34e-32	110
622.203	988.199	34.783	184	118	1	17	198	14	197	1.10e-30	106
622.203	1358.200	33.333	168	100	3	17	182	23	180	1.17e-30	106
622.203	1309.200	33.333	168	100	3	17	182	23	180	1.61e-30	105
622.203	477.195	34.839	155	93	1	18	172	17	163	5.18e-30	104
622.203	300.199	33.696	184	120	2	17	198	14	197	3.37e-28	99.8
622.203	67.195	34.615	156	94	1	18	173	17	164	1.65e-27	97.8
622.203	34.195	34.615	156	94	1	18	173	17	164	2.72e-27	97.4
622.203	1528.195	28.125	160	99	2	18	173	17	164	1.13e-23	87.8
622.203	439.193	33.152	184	111	2	18	201	15	186	1.46e-23	87.4
622.203	1269.193	33.152	184	111	2	18	201	15	186	1.46e-23	87.4
622.203	718.186	36.364	165	91	5	21	182	14	167	8.81e-23	85.1
622.203	1491.194	32.903	155	96	1	18	172	16	162	1.19e-22	85.1
622.203	674.199	33.750	160	90	6	25	178	24	173	2.00e-22	84.7
622.203	1176.186	33.775	151	91	4	21	170	11	153	7.41e-17	69.7
622.203	117.194	28.736	174	109	5	17	186	26	188	2.68e-15	65.5
622.203	161.210	29.319	191	102	7	21	199	9	178	8.42e-14	61.6
622.203	581.222	29.167	144	82	3	36	173	43	172	8.78e-14	62.0
622.203	755.244	32.990	97	63	1	86	182	81	175	2.84e-13	60.8
622.203	544.238	25.610	164	114	3	21	182	19	176	2.84e-13	60.5
622.203	383.228	30.070	143	90	3	34	175	43	176	3.97e-13	60.1
622.203	1626.216	26.506	166	114	3	18	183	23	180	4.06e-13	60.1
622.203	255.223	31.034	145	82	3	34	173	42	173	3.96e-12	57.4
622.203	337.223	31.034	145	82	3	34	173	42	173	3.96e-12	57.4
622.203	1565.240	28.667	150	91	5	26	171	31	168	3.84e-11	54.7
622.203	1140.247	26.429	140	75	3	82	196	75	211	1.11e-10	53.5
622.203	1710.235	28.369	141	93	3	43	182	48	181	4.58e-10	51.6
622.203	890.221	31.959	97	54	2	82	173	81	170	5.24e-10	51.2
622.203	1026.237	27.465	142	87	5	23	161	12	140	4.53e-09	48.5
622.203	1448.221	30.303	99	63	2	77	173	78	172	1.08e-08	47.4
643.203	643.203	100.000	203	0	0	1	203	1	203	2.05e-117	327
643.203	602.206	48.663	187	96	0	1	187	1	187	3.65e-51	159
1322.203	1322.203	100.000	185	0	0	19	203	19	203	4.74e-136	374
88.202	88.202	100.000	202	0	0	1	202	1	202	1.31e-146	400
969.202	969.202	100.000	183	0	0	20	202	20	202	6.27e-107	300
1040.202	1040.202	100.000	202	0	0	1	202	1	202	1.74e-119	332
136.201	136.201	100.000	201	0	0	1	201	1	201	2.00e-135	372
242.201	242.201	100.000	142	0	0	1	142	1	142	3.10e-70	207
242.201	350.201	100.000	142	0	0	1	142	1	142	3.10e-70	207
316.201	316.201	100.000	201	0	0	1	201	1	201	2.58e-148	404
350.201	242.201	100.000	142	0	0	1	142	1	142	3.10e-70	207
350.201	350.201	100.000	142	0	0	1	142	1	142	3.10e-70	207
1161.201	1161.201	100.000	201	0	0	1	201	1	201	1.65e-148	405
1161.201	1072.196	36.310	168	97	5	13	179	14	172	1.40e-23	87.4
1161.201	918.204	36.310	168	97	5	13	179	22	180	1.58e-23	87.4
199.200	199.200	100.000	200	0	0	1	200	1	200	1.07e-150	410
199.200	1309.200	89.286	196	21	0	2	197	3	198	3.35e-134	369
199.200	1358.200	88.776	196	22	0	2	197	3	198	4.31e-134	368
199.200	1395.205	82.500	200	35	0	1	200	6	205	2.59e-122	339
199.200	674.199	40.000	200	116	3	1	199	1	197	2.42e-49	154
199.200	622.203	34.706	170	99	3	20	179	15	182	5.78e-35	117
199.200	1176.186	37.762	143	88	1	23	164	8	150	2.43e-28	99.8
199.200	255.223	29.348	184	124	2	21	198	22	205	2.69e-27	97.8
199.200	337.223	29.348	184	124	2	21	198	22	205	2.69e-27	97.8
199.200	544.238	29.448	163	111	2	21	179	14	176	2.12e-25	93.2
199.200	755.244	28.221	163	113	2	21	179	13	175	2.39e-23	87.8
199.200	581.222	28.235	170	120	1	1	168	1	170	2.47e-23	87.4
199.200	117.194	32.051	156	97	4	21	171	25	176	5.38e-23	85.9
199.200	1528.195	36.567	134	79	3	34	164	28	158	1.44e-22	84.7
199.200	383.228	28.750	160	110	2	38	193	42	201	3.29e-21	82.0
199.200	1140.247	29.139	151	103	3	21	168	12	161	3.48e-21	82.4
199.200	718.186	28.736	174	103	6	26	187	14	178	4.39e-21	80.5
199.200	890.221	29.530	149	103	1	21	167	19	167	7.25e-21	80.9
199.200	67.195	33.824	136	86	2	34	167	28	161	8.22e-21	80.1
199.200	928.198	27.807	187	114	5	22	192	14	195	1.41e-20	79.7
199.200	1063.198	27.807	187	114	5	22	192	14	195	1.41e-20	79.7
199.200	161.210	32.468	154	101	3	19	171	2	153	1.48e-20	79.7
199.200	300.199	28.342	187	114	4	22	192	14	196	2.04e-20	79.3
199.200	34.195	33.088	136	87	2	34	167	28	161	3.68e-20	78.6
199.200	1026.237	30.822	146	92	3	21	161	2	143	7.52e-20	78.6
199.200	988.199	28.070	171	109	3	21	179	13	181	1.56e-19	77.0
199.200	1448.221	26.471	170	122	2	21	187	21	190	3.05e-18	73.9
199.200	477.195	31.579	133	87	2	34	164	28	158	3.09e-18	73.2
199.200	1626.216	25.000	172	129	0	1	172	1	172	9.02e-18	72.4
199.200	1491.194	33.088	136	87	2	34	167	27	160	2.34e-17	70.9
199.200	1565.240	26.786	168	115	2	7	172	11	172	7.12e-17	70.5
199.200	1710.235	27.119	177	118	3	14	179	5	181	9.12e-17	70.1
199.200	1762.224	27.119	177	103	6	16	175	15	182	3.60e-16	68.2
199.200	439.193	33.835	133	84	3	34	164	26	156	1.48e-15	66.2
199.200	1269.193	33.835	133	84	3	34	164	26	156	1.48e-15	66.2
216.200	216.200	100.000	200	0	0	1	200	1	200	4.39e-145	396
447.200	447.200	100.000	200	0	0	1	200	1	200	2.80e-139	382
447.200	1277.200	100.000	200	0	0	1	200	1	200	2.80e-139	382
447.200	747.200	69.500	200	61	0	1	200	1	200	2.44e-98	278
447.200	1119.177	37.778	180	101	4	24	200	6	177	7.64e-33	110
447.200	1637.230	31.765	170	98	7	43	200	67	230	5.11e-10	51.2
447.200	188.227	31.387	137	84	4	43	174	64	195	1.41e-09	50.1
447.200	1317.230	32.192	146	87	4	62	200	90	230	7.11e-09	48.1
447.200	1366.230	32.192	146	87	4	62	200	90	230	7.11e-09	48.1
555.200	555.200	100.000	200	0	0	1	200	1	200	9.59e-135	370
555.200	1506.79	46.939	49	24	1	149	197	7	53	1.00e-07	42.4
747.200	747.200	100.000	200	0	0	1	200	1	200	3.56e-152	414
747.200	447.200	69.500	200	61	0	1	200	1	200	3.81e-107	300
747.200	1277.200	69.500	200	61	0	1	200	1	200	3.81e-107	300
747.200	1119.177	37.222	180	102	4	24	200	6	177	5.87e-39	126
747.200	1637.230	33.333	147	84	6	62	200	90	230	8.33e-15	64.7
747.200	188.227	33.333	129	76	3	65	193	96	214	5.32e-14	62.4
747.200	1317.230	31.507	146	88	5	62	200	90	230	5.80e-14	62.4
747.200	1366.230	31.507	146	88	5	62	200	90	230	5.80e-14	62.4
770.200	770.200	100.000	200	0	0	1	200	1	200	5.23e-152	414
770.200	1543.220	42.254	213	107	7	1	199	1	211	4.38e-42	135
770.200	401.215	40.000	205	93	7	12	197	14	207	3.08e-34	115
770.200	1659.206	31.638	177	107	8	30	199	34	203	1.57e-17	71.6
770.200	874.199	30.872	149	93	5	3	150	8	147	2.88e-11	54.3
770.200	225.219	28.302	212	133	9	1	196	1	209	3.93e-09	48.5
770.200	500.184	32.558	129	82	5	24	150	7	132	5.89e-09	47.8
770.200	1474.175	28.571	168	112	6	28	192	3	165	1.26e-07	43.9
770.200	55.217	25.967	181	107	7	20	175	14	192	1.76e-07	43.9
1277.200	447.200	100.000	200	0	0	1	200	1	200	2.80e-139	382
1277.200	1277.200	100.000	200	0	0	1	200	1	200	2.80e-139	382
1277.200	747.200	69.500	200	61	0	1	200	1	200	2.44e-98	278
1277.200	1119.177	37.778	180	101	4	24	200	6	177	7.64e-33	110
1277.200	1637.230	31.765	170	98	7	43	200	67	230	5.11e-10	51.2
1277.200	188.227	31.387	137	84	4	43	174	64	195	1.41e-09	50.1
1277.200	1317.230	32.192	146	87	4	62	200	90	230	7.11e-09	48.1
1277.200	1366.230	32.192	146	87	4	62	200	90	230	7.11e-09	48.1
1309.200	1309.200	100.000	200	0	0	1	200	1	200	2.78e-133	366
1309.200	1358.200	98.500	200	3	0	1	200	1	200	2.32e-130	359
1309.200	199.200	91.813	171	14	0	28	198	27	197	2.27e-119	331
1309.200	1395.205	86.667	165	22	0	28	192	32	196	6.51e-108	302
1309.200	674.199	40.606	165	97	1	35	198	31	195	6.91e-47	147
1309.200	622.203	35.714	154	87	3	37	180	31	182	1.15e-31	108
1309.200	1176.186	34.302	172	112	1	28	198	12	183	8.17e-30	103
1309.200	255.223	32.168	143	95	1	28	168	28	170	7.76e-27	96.7
1309.200	337.223	32.168	143	95	1	28	168	28	170	7.76e-27	96.7
1309.200	544.238	29.299	157	107	2	28	180	20	176	1.74e-25	93.6
1309.200	1528.195	36.842	133	80	2	35	165	28	158	4.49e-24	88.6
1309.200	755.244	28.662	157	108	2	28	180	19	175	7.73e-24	89.4
1309.200	581.222	28.070	171	119	2	28	196	27	195	1.88e-23	87.8
1309.200	117.194	34.286	140	83	4	38	172	41	176	3.14e-23	86.7
1309.200	67.195	33.333	150	89	3	28	168	14	161	8.97e-22	82.8
1309.200	718.186	29.480	173	101	6	28	188	15	178	9.14e-22	82.4
1309.200	383.228	30.000	130	91	0	39	168	42	171	1.54e-21	82.8
1309.200	34.195	32.667	150	90	3	28	168	14	161	4.11e-21	80.9
1309.200	890.221	29.371	143	99	1	28	168	25	167	3.24e-20	79.3
1309.200	1140.247	29.655	145	98	3	28	169	18	161	4.51e-20	79.3
1309.200	1026.237	33.077	130	78	3	38	162	18	143	7.45e-20	78.6
1309.200	300.199	29.609	179	110	4	31	196	22	197	3.08e-19	76.3
1309.200	477.195	31.293	147	90	3	28	165	14	158	4.11e-19	75.5
1309.200	928.198	30.435	161	95	5	31	178	22	178	4.53e-19	75.5
1309.200	1063.198	30.435	161	95	5	31	178	22	178	4.53e-19	75.5
1309.200	1491.194	33.824	136	86	2	35	168	27	160	8.53e-19	74.7
1309.200	161.210	31.507	146	97	3	28	172	10	153	1.71e-18	74.3
1309.200	1448.221	26.220	164	118	2	28	188	27	190	5.78e-18	73.2
1309.200	988.199	27.879	165	105	3	28	180	19	181	1.02e-17	72.0
1309.200	439.193	31.293	147	90	3	28	165	12	156	7.48e-17	69.7
1309.200	1269.193	31.293	147	90	3	28	165	12	156	7.48e-17	69.7
1309.200	1762.224	26.994	163	97	4	31	176	25	182	8.55e-17	70.1
1309.200	1565.240	29.323	133	92	1	43	173	40	172	8.55e-17	70.5
1309.200	1710.235	25.767	163	114	2	43	198	42	204	3.82e-16	68.6
1309.200	1626.216	25.342	146	109	0	28	173	27	172	7.49e-16	67.4
1358.200	1358.200	100.000	200	0	0	1	200	1	200	4.32e-133	366
1358.200	1309.200	98.500	200	3	0	1	200	1	200	2.61e-130	359
1358.200	199.200	91.228	171	15	0	28	198	27	197	3.37e-119	331
1358.200	1395.205	86.585	164	22	0	28	191	32	195	5.65e-108	303
1358.200	674.199	41.818	165	95	1	35	198	31	195	1.83e-48	151
1358.200	622.203	35.714	154	87	3	37	180	31	182	3.74e-32	110
1358.200	1176.186	34.884	172	111	1	28	198	12	183	1.32e-30	105
1358.200	255.223	32.168	143	95	1	28	168	28	170	3.43e-27	97.4
1358.200	337.223	32.168	143	95	1	28	168	28	170	3.43e-27	97.4
1358.200	544.238	29.299	157	107	2	28	180	20	176	4.85e-26	95.1
1358.200	755.244	28.662	157	108	2	28	180	19	175	2.20e-24	90.9
1358.200	1528.195	35.374	147	84	3	28	165	14	158	6.17e-24	88.6
1358.200	581.222	29.167	144	100	1	28	169	27	170	1.09e-23	88.6
1358.200	117.194	34.286	140	83	4	38	172	41	176	4.69e-23	85.9
1358.200	718.186	30.488	164	111	2	28	188	15	178	3.73e-22	83.6
1358.200	67.195	33.333	150	89	3	28	168	14	161	4.77e-22	83.6
1358.200	383.228	30.000	130	91	0	39	168	42	171	1.51e-21	82.8
1358.200	34.195	32.667	150	90	3	28	168	14	161	2.10e-21	81.6
1358.200	1140.247	29.655	145	98	3	28	169	18	161	7.25e-21	81.3
1358.200	890.221	29.371	143	99	1	28	168	25	167	1.26e-20	80.1
1358.200	1026.237	33.077	130	78	3	38	162	18	143	3.00e-20	79.7
1358.200	477.195	31.293	147	90	3	28	165	14	158	2.06e-19	76.6
1358.200	300.199	29.609	179	110	4	31	196	22	197	2.11e-19	76.6
1358.200	928.198	28.492	179	111	5	31	196	22	196	3.39e-19	75.9
1358.200	1063.198	28.492	179	111	5	31	196	22	196	3.39e-19	75.9
1358.200	1491.194	34.586	133	83	2	38	168	30	160	1.28e-18	74.3
1358.200	1448.221	25.882	170	123	2	28	194	27	196	2.78e-18	73.9
1358.200	161.210	30.822	146	98	3	28	172	10	153	1.01e-17	72.4
1358.200	1710.235	26.380	163	113	2	43	198	42	204	2.40e-17	71.6
1358.200	988.199	25.414	181	121	3	28	196	19	197	3.99e-17	70.5
1358.200	1762.224	28.025	157	91	5	37	176	31	182	6.90e-17	70.1
1358.200	1565.240	29.323	133	92	1	43	173	40	172	7.05e-17	70.5
1358.200	439.193	31.293	147	90	3	28	165	12	156	1.12e-16	68.9
1358.200	1269.193	31.293	147	90	3	28	165	12	156	1.12e-16	68.9
1358.200	1626.216	25.342	146	109	0	28	173	27	172	2.24e-16	68.9
1590.200	1590.200	100.000	200	0	0	1	200	1	200	3.29e-115	321
1597.200	1597.200	100.000	200	0	0	1	200	1	200	1.24e-149	407
83.199	83.199	100.000	199	0	0	1	199	1	199	8.58e-151	410
300.199	300.199	100.000	199	0	0	1	199	1	199	3.73e-137	376
300.199	928.198	94.975	199	9	1	1	199	1	198	3.79e-129	356
300.199	1063.198	94.975	199	9	1	1	199	1	198	3.79e-129	356
300.199	988.199	61.000	200	76	2	1	199	1	199	3.63e-80	232
300.199	622.203	34.872	195	124	3	3	197	7	198	2.75e-34	115
300.199	1762.224	37.037	189	108	6	11	192	14	198	1.67e-26	95.9
300.199	674.199	34.641	153	91	3	25	177	30	173	1.62e-24	90.1
300.199	1395.205	31.522	184	110	4	14	195	27	196	9.03e-24	88.2
300.199	1358.200	29.412	187	116	4	14	197	23	196	1.75e-21	82.0
300.199	1309.200	29.412	187	116	4	14	197	23	196	2.47e-21	81.6
300.199	199.200	28.342	187	114	4	14	196	22	192	2.03e-20	79.3
300.199	477.195	30.286	175	110	3	1	173	1	165	3.81e-19	75.9
300.199	117.194	30.114	176	110	5	14	187	26	190	7.61e-17	69.7
300.199	161.210	32.258	155	90	4	18	170	9	150	1.77e-16	68.9
300.199	1176.186	32.927	164	92	6	15	170	8	161	1.89e-16	68.2
300.199	255.223	31.765	170	100	5	2	169	15	170	2.95e-16	68.6
300.199	337.223	31.765	170	100	5	2	169	15	170	2.95e-16	68.6
300.199	1528.195	28.804	184	118	3	9	192	11	181	6.81e-16	67.0
300.199	1491.194	27.059	170	114	2	4	173	5	164	1.01e-15	66.6
300.199	718.186	30.435	161	93	5	19	172	11	159	1.14e-15	66.2
300.199	755.244	28.351	194	125	6	1	189	1	185	1.20e-14	64.3
300.199	439.193	27.746	173	115	3	1	173	1	163	2.23e-14	62.8
300.199	1269.193	27.746	173	115	3	1	173	1	163	2.23e-14	62.8
300.199	67.195	26.316	171	114	3	1	169	1	161	2.42e-14	62.8
300.199	34.195	26.316	171	114	3	1	169	1	161	3.16e-14	62.4
300.199	581.222	28.655	171	102	5	3	169	15	169	1.98e-13	60.8
300.199	1626.216	27.869	183	118	4	11	191	19	189	3.28e-11	54.7
300.199	383.228	39.744	78	40	2	30	107	42	112	7.86e-11	53.5
300.199	1448.221	29.310	174	106	5	2	169	7	169	3.18e-10	51.6
300.199	1565.240	40.594	101	40	7	19	109	20	110	3.63e-10	51.6
300.199	1026.237	29.252	147	89	4	28	171	17	151	4.44e-10	51.6
300.199	544.238	30.841	107	67	4	4	108	5	106	1.79e-09	49.7
300.199	890.221	34.021	97	51	3	15	107	21	108	1.92e-09	49.7
300.199	1140.247	32.110	109	67	4	1	108	1	103	8.39e-09	47.8
300.199	1710.235	27.619	105	69	2	9	111	15	114	1.60e-08	47.0
674.199	674.199	100.000	199	0	0	1	199	1	199	2.90e-151	412
674.199	1358.200	40.704	199	113	3	1	195	1	198	3.41e-51	158
674.199	1309.200	39.698	199	115	3	1	195	1	198	1.23e-49	154
674.199	199.200	40.000	200	116	3	1	197	1	199	2.41e-49	154
674.199	1395.205	40.331	181	106	2	8	187	15	194	1.95e-48	151
674.199	622.203	33.696	184	105	7	1	173	1	178	2.55e-27	97.4
674.199	581.222	33.918	171	107	5	1	166	1	170	2.70e-27	97.8
674.199	890.221	34.911	169	106	3	1	166	1	168	6.10e-27	97.1
674.199	255.223	32.768	177	111	6	1	170	1	176	6.79e-25	91.7
674.199	337.223	32.768	177	111	6	1	170	1	176	6.79e-25	91.7
674.199	1176.186	29.814	161	112	1	20	179	7	167	8.08e-25	90.5
674.199	300.199	34.641	153	91	3	30	173	25	177	1.62e-24	90.1
674.199	755.244	29.319	191	119	5	10	196	4	182	2.81e-24	90.5
674.199	988.199	35.333	150	88	4	33	173	28	177	1.03e-23	87.8
674.199	383.228	29.167	168	115	3	14	178	18	184	5.18e-23	86.7
674.199	928.198	31.548	168	107	4	30	189	25	192	2.09e-22	84.3
674.199	1063.198	31.548	168	107	4	30	189	25	192	2.09e-22	84.3
674.199	1448.221	30.409	171	113	3	1	166	1	170	5.36e-22	84.0
674.199	1528.195	29.487	156	104	4	15	167	11	163	3.29e-21	81.3
674.199	477.195	29.697	165	110	4	7	168	3	164	3.36e-21	81.3
674.199	544.238	27.624	181	120	6	1	176	1	175	6.16e-21	81.3
674.199	718.186	30.357	168	111	3	33	199	24	186	1.45e-20	79.3
674.199	67.195	29.697	165	108	5	7	167	3	163	9.01e-20	77.4
674.199	34.195	29.697	165	108	5	7	167	3	163	1.49e-19	76.6
674.199	1491.194	28.662	157	106	4	15	168	10	163	9.64e-19	74.7
674.199	161.210	34.028	144	91	2	33	175	19	159	1.66e-18	74.3
674.199	117.194	29.167	144	100	2	33	175	40	182	3.26e-18	73.2
674.199	1626.216	28.743	167	117	2	19	184	21	186	1.08e-17	72.4
674.199	1565.240	29.814	161	105	3	4	162	10	164	4.27e-17	71.2
674.199	439.193	31.013	158	99	5	16	168	10	162	4.74e-17	70.1
674.199	1269.193	31.013	158	99	5	16	168	10	162	4.74e-17	70.1
674.199	1710.235	22.778	180	135	3	1	176	1	180	9.98e-17	70.1
674.199	1140.247	27.329	161	111	4	10	167	5	162	3.36e-15	65.9
674.199	1026.237	29.167	144	99	3	21	162	4	146	9.24e-15	64.7
674.199	1762.224	26.000	200	126	8	11	189	3	201	3.09e-13	60.1
988.199	988.199	100.000	199	0	0	1	199	1	199	3.02e-139	381
988.199	300.199	61.000	200	76	2	1	199	1	199	3.63e-80	232
988.199	928.198	60.302	199	78	1	1	199	1	198	1.91e-79	230
988.199	1063.198	60.302	199	78	1	1	199	1	198	1.91e-79	230
988.199	622.203	35.233	193	123	1	5	197	8	198	4.06e-36	120
988.199	1762.224	36.041	197	115	5	2	191	5	197	1.05e-29	103
988.199	674.199	35.333	150	88	4	28	177	33	173	1.03e-23	87.8
988.199	1395.205	27.419	186	121	3	7	190	20	193	1.83e-21	82.0
988.199	1309.200	28.235	170	108	3	14	181	23	180	3.39e-20	78.6
988.199	1358.200	25.806	186	124	3	14	197	23	196	1.22e-19	77.0
988.199	199.200	28.070	171	109	3	13	181	21	179	1.56e-19	77.0
988.199	477.195	27.907	172	114	1	2	173	4	165	2.26e-18	73.6
988.199	1491.194	30.814	172	106	3	2	173	6	164	2.73e-18	73.6
988.199	718.186	33.557	149	82	5	28	172	24	159	1.20e-17	71.6
988.199	439.193	28.324	173	114	1	1	173	1	163	4.10e-17	70.1
988.199	1269.193	28.324	173	114	1	1	173	1	163	4.10e-17	70.1
988.199	67.195	30.723	166	102	3	4	169	9	161	2.36e-16	68.2
988.199	34.195	30.723	166	102	3	4	169	9	161	3.83e-16	67.8
988.199	1528.195	27.000	200	130	4	2	198	7	193	1.09e-15	66.6
988.199	117.194	31.016	187	111	7	5	185	14	188	4.90e-15	64.7
988.199	255.223	39.785	93	46	3	18	108	27	111	4.32e-14	62.8
988.199	337.223	39.785	93	46	3	18	108	27	111	4.32e-14	62.8
988.199	1626.216	29.775	178	115	4	11	188	19	186	6.55e-14	62.0
988.199	161.210	31.818	154	92	4	18	170	9	150	9.64e-14	61.6
988.199	755.244	29.670	182	118	5	18	197	18	191	7.16e-13	59.3
988.199	1176.186	31.034	145	83	6	12	152	5	136	8.40e-11	52.8
988.199	1565.240	39.241	79	38	3	34	110	40	110	7.20e-10	50.8
988.199	544.238	35.000	80	46	3	30	109	33	106	1.51e-09	50.1
988.199	890.221	28.302	159	98	5	15	169	21	167	5.45e-09	48.1
988.199	1140.247	28.409	176	105	7	1	170	1	161	1.00e-08	47.8
988.199	383.228	34.177	79	44	2	30	108	42	112	2.06e-08	46.6
988.199	1026.237	32.061	131	71	6	25	150	13	130	3.27e-08	46.2
988.199	581.222	32.099	81	43	2	30	108	40	110	4.49e-08	45.4
988.199	1710.235	32.911	79	47	2	34	112	42	114	6.66e-08	45.1
988.199	1448.221	27.857	140	91	4	30	169	40	169	7.83e-08	45.1
1046.199	1046.199	100.000	199	0	0	1	199	1	199	2.60e-150	409
928.198	928.198	100.000	198	0	0	1	198	1	198	1.42e-138	379
928.198	1063.198	100.000	198	0	0	1	198	1	198	1.42e-138	379
928.198	300.199	94.975	199	9	1	1	198	1	199	9.48e-129	355
928.198	988.199	60.302	199	78	1	1	198	1	199	4.76e-79	229
928.198	622.203	36.598	194	121	2	3	196	7	198	6.59e-35	117
928.198	1762.224	37.566	189	106	6	11	191	14	198	1.51e-26	95.9
928.198	1395.205	30.055	183	113	4	14	194	27	196	1.83e-22	84.7
928.198	674.199	31.548	168	107	4	25	192	30	189	3.55e-21	81.3
928.198	477.195	32.184	174	107	2	1	172	1	165	5.89e-21	80.5
928.198	1309.200	29.167	168	104	4	14	178	23	178	1.60e-19	76.6
928.198	1358.200	27.419	186	120	4	14	196	23	196	1.79e-19	76.6
928.198	199.200	26.882	186	117	4	14	195	22	192	8.04e-19	75.1
928.198	1491.194	27.219	169	114	1	4	172	5	164	9.94e-17	69.3
928.198	1528.195	28.962	183	118	2	9	191	11	181	1.39e-16	68.9
928.198	439.193	29.070	172	113	2	1	172	1	163	1.02e-15	66.6
928.198	1269.193	29.070	172	113	2	1	172	1	163	1.02e-15	66.6
928.198	161.210	31.613	155	90	5	18	169	9	150	5.15e-15	65.1
928.198	67.195	28.235	170	111	2	1	168	1	161	8.39e-15	63.9
928.198	34.195	28.235	170	111	2	1	168	1	161	1.05e-14	63.9
928.198	755.244	30.168	179	112	6	1	174	1	171	1.21e-14	64.3
928.198	117.194	28.736	174	112	5	14	185	26	189	1.31e-14	63.5
928.198	1176.186	31.902	163	94	7	15	169	8	161	1.47e-14	63.2
928.198	718.186	30.435	161	92	6	19	171	11	159	4.86e-14	62.0
928.198	255.223	30.769	169	100	6	3	168	16	170	7.90e-13	58.9
928.198	337.223	30.769	169	100	6	3	168	16	170	7.90e-13	58.9
928.198	1626.216	26.923	182	120	3	11	190	19	189	2.37e-11	54.7
928.198	581.222	26.923	208	122	7	3	196	15	206	3.73e-11	54.3
928.198	1565.240	35.000	160	84	8	19	169	20	168	9.20e-10	50.4
928.198	1026.237	29.054	148	86	6	28	168	17	152	5.35e-09	48.5
928.198	383.228	37.662	77	41	2	31	107	43	112	5.74e-09	48.1
928.198	544.238	29.907	107	68	4	4	108	5	106	8.43e-09	47.8
928.198	1710.235	27.619	105	69	2	9	111	15	114	1.73e-08	47.0
928.198	1140.247	31.193	109	68	4	1	108	1	103	6.67e-08	45.1
928.198	890.221	30.928	97	54	3	15	107	21	108	3.57e-07	43.1
928.198	1448.221	32.609	92	57	3	78	168	82	169	8.70e-07	42.0
972.198	972.198	100.000	198	0	0	1	198	1	198	5.69e-141	385
972.198	1777.188	38.235	204	95	7	1	194	1	183	2.63e-27	97.1
972.198	1585.145	40.104	192	59	6	1	192	1	136	4.63e-27	95.1
972.198	1731.165	42.143	140	58	4	1	124	1	133	2.47e-26	93.6
972.198	1584.138	49.194	124	44	4	1	124	1	105	4.52e-24	87.0
972.198	1776.176	47.244	127	52	5	2	124	29	144	9.54e-24	87.4
972.198	284.183	48.077	104	49	3	2	101	4	106	1.56e-23	87.0
972.198	287.137	52.174	92	37	2	2	93	4	88	9.95e-23	83.6
972.198	1158.136	42.478	113	55	1	1	113	1	103	1.41e-22	83.2
972.198	973.148	45.370	108	53	3	22	124	1	107	3.21e-19	74.7
972.198	506.183	42.029	138	57	6	4	124	9	140	9.26e-19	74.3
972.198	1157.129	52.439	82	24	3	1	80	1	69	1.64e-18	72.4
972.198	1159.148	47.000	100	40	2	1	87	1	100	8.13e-18	71.2
972.198	286.139	49.412	85	37	2	1	85	1	79	1.28e-17	70.5
972.198	1657.128	81.395	43	6	2	1	41	1	43	2.00e-14	61.6
972.198	1655.142	81.579	38	7	0	9	46	10	47	8.35e-14	60.1
972.198	1656.129	50.526	95	33	3	9	91	10	102	8.51e-14	60.1
972.198	9.148	64.583	48	17	0	9	56	16	63	6.00e-13	58.2
972.198	1426.156	75.000	40	8	1	5	42	9	48	4.29e-12	55.8
972.198	655.154	75.000	40	8	1	10	49	13	50	6.49e-12	55.5
972.198	1243.139	63.043	46	15	1	5	48	9	54	9.40e-12	54.7
972.198	1425.166	72.500	40	9	1	5	42	9	48	1.15e-11	55.1
972.198	1468.173	54.098	61	15	1	9	69	15	62	2.12e-11	54.3
972.198	52.188	41.566	166	74	7	5	157	8	163	5.31e-11	53.5
972.198	524.147	81.818	33	6	0	9	41	14	46	8.93e-11	52.0
972.198	779.160	36.250	80	34	2	22	90	1	74	3.10e-07	42.4
1063.198	928.198	100.000	198	0	0	1	198	1	198	1.42e-138	379
1063.198	1063.198	100.000	198	0	0	1	198	1	198	1.42e-138	379
1063.198	300.199	94.975	199	9	1	1	198	1	199	9.48e-129	355
1063.198	988.199	60.302	199	78	1	1	198	1	199	4.76e-79	229
1063.198	622.203	36.598	194	121	2	3	196	7	198	6.59e-35	117
1063.198	1762.224	37.566	189	106	6	11	191	14	198	1.51e-26	95.9
1063.198	1395.205	30.055	183	113	4	14	194	27	196	1.83e-22	84.7
1063.198	674.199	31.548	168	107	4	25	192	30	189	3.55e-21	81.3
1063.198	477.195	32.184	174	107	2	1	172	1	165	5.89e-21	80.5
1063.198	1309.200	29.167	168	104	4	14	178	23	178	1.60e-19	76.6
1063.198	1358.200	27.419	186	120	4	14	196	23	196	1.79e-19	76.6
1063.198	199.200	26.882	186	117	4	14	195	22	192	8.04e-19	75.1
1063.198	1491.194	27.219	169	114	1	4	172	5	164	9.94e-17	69.3
1063.198	1528.195	28.962	183	118	2	9	191	11	181	1.39e-16	68.9
1063.198	439.193	29.070	172	113	2	1	172	1	163	1.02e-15	66.6
1063.198	1269.193	29.070	172	113	2	1	172	1	163	1.02e-15	66.6
1063.198	161.210	31.613	155	90	5	18	169	9	150	5.15e-15	65.1
1063.198	67.195	28.235	170	111	2	1	168	1	161	8.39e-15	63.9
1063.198	34.195	28.235	170	111	2	1	168	1	161	1.05e-14	63.9
1063.198	755.244	30.168	179	112	6	1	174	1	171	1.21e-14	64.3
1063.198	117.194	28.736	174	112	5	14	185	26	189	1.31e-14	63.5
1063.198	1176.186	31.902	163	94	7	15	169	8	161	1.47e-14	63.2
1063.198	718.186	30.435	161	92	6	19	171	11	159	4.86e-14	62.0
1063.198	255.223	30.769	169	100	6	3	168	16	170	7.90e-13	58.9
1063.198	337.223	30.769	169	100	6	3	168	16	170	7.90e-13	58.9
1063.198	1626.216	26.923	182	120	3	11	190	19	189	2.37e-11	54.7
1063.198	581.222	26.923	208	122	7	3	196	15	206	3.73e-11	54.3
1063.198	1565.240	35.000	160	84	8	19	169	20	168	9.20e-10	50.4
1063.198	1026.237	29.054	148	86	6	28	168	17	152	5.35e-09	48.5
1063.198	383.228	37.662	77	41	2	31	107	43	112	5.74e-09	48.1
1063.198	544.238	29.907	107	68	4	4	108	5	106	8.43e-09	47.8
1063.198	1710.235	27.619	105	69	2	9	111	15	114	1.73e-08	47.0
1063.198	1140.247	31.193	109	68	4	1	108	1	103	6.67e-08	45.1
1063.198	890.221	30.928	97	54	3	15	107	21	108	3.57e-07	43.1
1063.198	1448.221	32.609	92	57	3	78	168	82	169	8.70e-07	42.0
738.197	738.197	100.000	197	0	0	1	197	1	197	1.43e-108	303
1100.197	1100.197	100.000	197	0	0	1	197	1	197	8.28e-147	400
1187.197	1187.197	100.000	197	0	0	1	197	1	197	1.41e-148	405
1555.197	1555.197	100.000	182	0	0	1	182	1	182	3.12e-109	305
521.196	521.196	100.000	196	0	0	1	196	1	196	1.56e-93	265
1072.196	918.204	100.000	196	0	0	1	196	9	204	2.30e-119	331
1072.196	1072.196	100.000	196	0	0	1	196	1	196	4.37e-119	330
1072.196	1161.201	35.754	179	104	6	14	183	13	189	1.89e-19	76.6
34.195	34.195	100.000	195	0	0	1	195	1	195	4.67e-135	370
34.195	67.195	98.974	195	2	0	1	195	1	195	1.16e-133	367
34.195	477.195	74.479	192	49	0	1	192	1	192	1.10e-101	286
34.195	1528.195	72.821	195	53	0	1	195	1	195	1.53e-99	281
34.195	1491.194	80.749	187	36	0	9	195	8	194	6.68e-96	271
34.195	439.193	73.016	189	51	0	7	195	5	193	2.76e-90	257
34.195	1269.193	73.016	189	51	0	7	195	5	193	2.76e-90	257
34.195	622.203	33.557	149	91	1	11	151	12	160	1.36e-26	95.5
34.195	1358.200	32.857	140	83	3	14	151	28	158	1.52e-19	76.6
34.195	1309.200	32.857	140	83	3	14	151	28	158	2.50e-19	76.3
34.195	199.200	33.333	126	80	2	28	151	34	157	2.30e-18	73.6
34.195	1395.205	32.117	137	89	2	17	151	28	162	1.19e-17	72.0
34.195	544.238	30.612	147	94	5	11	151	10	154	2.14e-17	71.6
34.195	928.198	28.105	153	99	2	1	144	1	151	3.33e-17	70.5
34.195	1063.198	28.105	153	99	2	1	144	1	151	3.33e-17	70.5
34.195	1762.224	32.624	141	82	3	10	137	11	151	3.80e-17	70.9
34.195	1626.216	29.371	143	97	3	11	151	17	157	3.81e-17	70.9
34.195	755.244	33.607	122	73	4	35	151	35	153	6.43e-17	70.5
34.195	674.199	28.105	153	102	5	3	151	7	155	1.72e-15	65.9
34.195	718.186	33.065	124	76	4	29	148	23	143	9.86e-15	63.5
34.195	988.199	30.986	142	88	2	13	144	11	152	4.29e-14	62.0
34.195	117.194	34.127	126	76	5	30	151	40	162	3.47e-13	59.7
34.195	300.199	26.623	154	101	3	1	144	1	152	6.75e-13	58.9
34.195	581.222	27.632	152	97	5	4	151	17	159	2.39e-12	57.8
34.195	1176.186	29.032	124	83	3	31	151	22	143	1.41e-11	55.1
34.195	161.210	34.524	84	54	1	20	102	9	92	5.06e-11	53.9
34.195	1565.240	33.628	113	64	4	8	116	19	124	7.91e-11	53.5
34.195	1026.237	33.103	145	78	7	17	151	4	139	8.36e-11	53.5
34.195	1710.235	26.446	121	81	3	36	151	42	159	5.23e-10	51.2
34.195	383.228	28.000	150	95	5	3	148	18	158	5.59e-10	51.2
34.195	1448.221	32.727	110	64	5	49	151	53	159	9.33e-10	50.4
34.195	1140.247	32.323	99	58	4	54	147	52	146	1.02e-08	47.8
34.195	255.223	28.070	114	74	5	42	151	51	160	1.46e-08	47.0
34.195	337.223	28.070	114	74	5	42	151	51	160	1.46e-08	47.0
34.195	890.221	27.273	154	95	7	4	151	15	157	1.61e-07	43.9
67.195	67.195	100.000	195	0	0	1	195	1	195	4.93e-135	370
67.195	34.195	98.974	195	2	0	1	195	1	195	1.12e-133	367
67.195	477.195	75.000	192	48	0	1	192	1	192	1.35e-102	288
67.195	1528.195	72.821	195	53	0	1	195	1	195	4.60e-100	282
67.195	1491.194	81.283	187	35	0	9	195	8	194	7.47e-97	274
67.195	439.193	73.016	189	51	0	7	195	5	193	2.70e-90	257
67.195	1269.193	73.016	189	51	0	7	195	5	193	2.70e-90	257
67.195	622.203	33.557	149	91	1	11	151	12	160	8.96e-27	95.9
67.195	1358.200	33.571	140	82	3	14	151	28	158	3.30e-20	78.6
67.195	1309.200	33.571	140	82	3	14	151	28	158	5.92e-20	77.8
67.195	199.200	34.127	126	79	2	28	151	34	157	4.88e-19	75.5
67.195	1395.205	32.847	137	88	2	17	151	28	162	2.94e-18	73.6
67.195	544.238	31.293	147	93	5	11	151	10	154	5.10e-18	73.6
67.195	1626.216	30.070	143	96	3	11	151	17	157	7.39e-18	72.8
67.195	755.244	34.426	122	72	4	35	151	35	153	1.41e-17	72.4
67.195	928.198	27.778	162	102	3	1	149	1	160	3.33e-17	70.5
67.195	1063.198	27.778	162	102	3	1	149	1	160	3.33e-17	70.5
67.195	1762.224	32.624	141	82	3	10	137	11	151	5.85e-17	70.5
67.195	674.199	28.105	153	102	5	3	151	7	155	1.13e-15	66.2
67.195	718.186	32.283	127	79	4	29	151	23	146	5.44e-15	64.3
67.195	988.199	30.986	142	88	2	13	144	11	152	6.06e-14	61.6
67.195	117.194	34.127	126	76	5	30	151	40	162	2.33e-13	60.1
67.195	300.199	26.623	154	101	3	1	144	1	152	9.04e-13	58.5
67.195	581.222	27.632	152	97	5	4	151	17	159	1.38e-12	58.2
67.195	1176.186	29.032	124	83	3	31	151	22	143	4.84e-12	56.2
67.195	1026.237	33.103	145	78	7	17	151	4	139	2.74e-11	54.7
67.195	161.210	34.524	84	54	1	20	102	9	92	4.54e-11	53.9
67.195	1565.240	33.628	113	64	4	8	116	19	124	1.05e-10	53.1
67.195	1448.221	33.636	110	63	5	49	151	53	159	1.69e-10	52.4
67.195	383.228	28.667	150	94	5	3	148	18	158	2.05e-10	52.4
67.195	1710.235	26.446	121	81	3	36	151	42	159	3.80e-10	51.6
67.195	1140.247	33.019	106	59	5	54	151	52	153	7.67e-09	47.8
67.195	255.223	28.070	114	74	5	42	151	51	160	9.11e-09	47.4
67.195	337.223	28.070	114	74	5	42	151	51	160	9.11e-09	47.4
67.195	890.221	35.714	70	41	3	83	151	91	157	8.24e-08	44.7
477.195	477.195	100.000	195	0	0	1	195	1	195	1.40e-130	359
477.195	67.195	75.000	192	48	0	1	192	1	192	9.97e-98	276
477.195	34.195	74.479	192	49	0	1	192	1	192	1.04e-96	273
477.195	439.193	80.000	185	37	0	8	192	6	190	4.68e-91	259
477.195	1269.193	80.000	185	37	0	8	192	6	190	4.68e-91	259
477.195	1491.194	77.604	192	42	1	1	192	1	191	1.53e-88	253
477.195	1528.195	69.271	192	59	0	1	192	1	192	2.76e-87	249
477.195	622.203	33.333	198	117	3	3	188	7	201	1.56e-23	87.4
477.195	755.244	39.831	118	63	4	50	162	50	164	3.79e-20	79.3
477.195	544.238	38.462	117	66	4	50	162	51	165	5.54e-19	75.9
477.195	928.198	32.184	174	107	2	1	165	1	172	3.06e-18	73.2
477.195	1063.198	32.184	174	107	2	1	165	1	172	3.06e-18	73.2
477.195	1395.205	36.207	116	68	3	49	161	60	172	5.83e-18	72.8
477.195	674.199	29.697	165	110	4	3	164	7	168	4.67e-17	70.1
477.195	1358.200	33.043	115	73	2	49	161	56	168	1.19e-16	68.9
477.195	1309.200	33.043	115	73	2	49	161	56	168	3.77e-16	67.8
477.195	199.200	32.174	115	74	2	49	161	55	167	4.36e-16	67.4
477.195	1176.186	39.560	91	53	1	79	169	73	161	1.07e-15	66.2
477.195	1626.216	41.772	79	44	1	83	161	91	167	5.11e-15	65.1
477.195	1448.221	43.210	81	42	3	83	162	93	170	3.97e-14	62.4
477.195	718.186	34.821	112	67	3	58	166	53	161	7.41e-14	61.2
477.195	300.199	30.286	175	110	3	1	165	1	173	3.29e-13	59.7
477.195	117.194	35.052	97	59	2	79	174	92	185	5.09e-13	58.9
477.195	1710.235	30.508	118	76	2	49	162	55	170	5.62e-13	59.7
477.195	1762.224	30.539	167	102	4	10	163	11	176	5.88e-13	59.3
477.195	988.199	33.673	98	65	0	68	165	76	173	6.22e-13	58.9
477.195	581.222	30.841	107	66	3	78	179	88	191	4.26e-12	57.0
477.195	161.210	32.727	110	72	1	52	161	42	149	1.14e-11	55.5
477.195	1026.237	31.250	160	85	5	52	191	40	194	8.95e-11	53.5
477.195	890.221	34.118	85	52	3	78	161	86	167	2.50e-10	52.0
477.195	255.223	33.673	98	61	2	83	179	94	188	4.22e-10	51.2
477.195	337.223	33.673	98	61	2	83	179	94	188	4.22e-10	51.2
477.195	1140.247	33.333	81	51	1	83	163	85	162	1.05e-09	50.4
477.195	383.228	31.624	117	72	4	49	161	59	171	9.22e-09	47.8
477.195	1565.240	31.933	119	71	4	49	161	53	167	3.07e-08	46.2
904.195	904.195	100.000	195	0	0	1	195	1	195	8.39e-146	397
904.195	742.210	68.599	207	52	2	1	194	1	207	2.17e-102	288
1528.195	1528.195	100.000	195	0	0	1	195	1	195	2.62e-133	366
1528.195	67.195	72.821	195	53	0	1	195	1	195	1.69e-97	275
1528.195	34.195	72.821	195	53	0	1	195	1	195	6.21e-97	274
1528.195	477.195	68.718	195	61	0	1	195	1	195	1.58e-90	258
1528.195	439.193	68.715	179	56	0	17	195	15	193	4.63e-83	239
1528.195	1269.193	68.715	179	56	0	17	195	15	193	4.63e-83	239
1528.195	1491.194	68.715	179	56	0	17	195	16	194	1.45e-82	238
1528.195	622.203	28.846	156	103	1	17	164	18	173	2.95e-26	94.4
1528.195	1309.200	36.842	133	80	2	28	158	35	165	4.92e-24	88.6
1528.195	1358.200	36.923	130	78	2	31	158	38	165	6.02e-24	88.6
1528.195	544.238	40.299	134	70	6	35	162	36	165	5.00e-23	86.7
1528.195	199.200	36.567	134	79	3	28	158	34	164	9.18e-23	85.1
1528.195	1395.205	33.835	133	84	2	28	158	39	169	2.27e-20	79.0
1528.195	674.199	29.333	150	100	4	17	163	21	167	5.81e-20	77.8
1528.195	117.194	34.177	158	95	6	30	182	40	193	9.67e-20	77.0
1528.195	1626.216	30.822	146	97	2	31	174	37	180	3.35e-19	76.3
1528.195	1762.224	28.571	161	101	3	17	164	18	177	4.87e-19	75.9
1528.195	928.198	29.518	166	105	2	28	181	26	191	1.24e-18	74.3
1528.195	1063.198	29.518	166	105	2	28	181	26	191	1.24e-18	74.3
1528.195	755.244	32.948	173	97	7	35	194	35	201	1.82e-18	74.7
1528.195	718.186	31.111	180	102	7	19	192	19	182	4.12e-18	72.8
1528.195	161.210	32.530	166	108	3	20	184	9	171	4.42e-18	73.2
1528.195	1176.186	30.986	142	93	3	31	169	22	161	5.51e-18	72.4
1528.195	1448.221	31.515	165	102	5	33	194	41	197	3.18e-17	70.9
1528.195	581.222	29.710	138	91	3	35	169	43	177	1.65e-16	68.9
1528.195	1026.237	31.633	196	108	7	17	191	4	194	1.85e-16	69.3
1528.195	988.199	27.273	176	115	3	28	193	26	198	1.16e-15	66.2
1528.195	300.199	29.341	167	105	3	28	181	26	192	1.63e-15	65.9
1528.195	1710.235	29.927	137	88	4	42	173	48	181	2.25e-14	63.5
1528.195	255.223	31.915	141	88	5	33	169	42	178	2.66e-14	63.2
1528.195	337.223	31.915	141	88	5	33	169	42	178	2.66e-14	63.2
1528.195	383.228	27.632	152	104	3	33	181	43	191	2.65e-13	60.5
1528.195	1565.240	31.250	128	78	4	40	161	44	167	7.05e-13	59.3
1528.195	1140.247	28.105	153	95	5	19	166	23	165	8.71e-13	59.3
1528.195	890.221	28.571	154	98	5	33	180	39	186	1.40e-12	58.2
