855.123	855.123	100.000	123	0	0	1	123	1	123	1.42e-90	251
855.123	791.123	84.553	123	19	0	1	123	1	123	3.92e-78	220
1185.123	1185.123	100.000	123	0	0	1	123	1	123	5.70e-91	252
1421.123	1421.123	100.000	123	0	0	1	123	1	123	6.76e-85	237
1499.123	1499.123	100.000	123	0	0	1	123	1	123	1.40e-83	234
1499.123	465.126	67.769	121	39	0	1	121	1	121	1.79e-54	160
1499.123	265.121	55.752	113	50	0	8	120	8	120	1.80e-37	117
1499.123	327.121	55.752	113	50	0	8	120	8	120	1.80e-37	117
1499.123	1462.121	58.261	115	47	1	7	120	6	120	1.60e-36	115
1499.123	896.125	57.407	108	45	1	15	121	17	124	4.31e-36	114
1499.123	576.124	50.893	112	54	1	8	119	12	122	3.06e-30	99.0
1499.123	1521.129	50.427	117	52	2	11	121	12	128	3.85e-29	96.3
1499.123	1181.120	40.659	91	54	0	29	119	27	117	9.90e-18	67.0
1566.123	1566.123	100.000	123	0	0	1	123	1	123	1.01e-69	199
1566.123	1763.100	43.056	72	38	2	1	69	1	72	9.82e-13	53.5
1566.123	840.91	42.857	70	37	2	1	69	1	68	6.70e-10	46.2
1566.123	955.91	42.857	70	37	2	1	69	1	68	6.70e-10	46.2
1566.123	804.91	41.429	70	38	2	1	69	1	68	1.55e-09	45.1
1593.123	1593.123	100.000	123	0	0	1	123	1	123	4.43e-91	253
1594.123	1594.123	100.000	123	0	0	1	123	1	123	3.38e-74	210
1691.123	1691.123	100.000	123	0	0	1	123	1	123	5.10e-92	255
1691.123	1044.126	76.923	117	26	1	7	123	11	126	2.98e-64	185
1739.123	1739.123	100.000	123	0	0	1	123	1	123	1.77e-75	213
1739.123	1740.140	36.620	71	45	0	23	93	38	108	6.01e-11	49.7
507.122	507.122	100.000	122	0	0	1	122	1	122	5.81e-85	237
507.122	1467.116	47.458	118	59	2	1	118	1	115	1.28e-32	104
507.122	1433.120	50.000	100	48	1	14	113	16	113	9.32e-25	85.1
695.122	695.122	100.000	122	0	0	1	122	1	122	6.79e-88	244
869.122	869.122	100.000	122	0	0	1	122	1	122	1.57e-85	238
869.122	46.108	70.755	106	31	0	17	122	3	108	5.28e-52	153
869.122	1095.126	51.402	107	52	0	15	121	9	115	1.19e-35	112
869.122	853.115	44.211	95	53	0	17	111	20	114	1.18e-24	84.7
1091.122	1091.122	100.000	122	0	0	1	122	1	122	1.15e-88	246
1091.122	1734.108	30.120	83	52	2	26	103	7	88	9.84e-09	43.1
265.121	265.121	100.000	121	0	0	1	121	1	121	3.08e-68	195
265.121	327.121	100.000	121	0	0	1	121	1	121	3.08e-68	195
265.121	896.125	64.948	97	34	0	23	119	26	122	4.00e-40	124
265.121	1521.129	61.386	101	35	1	23	119	26	126	6.95e-36	113
265.121	1499.123	59.184	98	40	0	23	120	23	120	4.04e-34	108
265.121	576.124	58.763	97	40	0	23	119	26	122	7.74e-34	108
265.121	465.126	57.292	96	41	0	24	119	24	119	1.14e-31	102
265.121	1462.121	54.082	98	44	1	23	119	22	119	7.66e-29	95.5
265.121	1181.120	48.352	91	47	0	29	119	27	117	1.02e-23	82.4
265.121	1051.131	37.500	80	45	2	35	112	42	118	1.22e-08	43.5
327.121	265.121	100.000	121	0	0	1	121	1	121	3.08e-68	195
327.121	327.121	100.000	121	0	0	1	121	1	121	3.08e-68	195
327.121	896.125	64.948	97	34	0	23	119	26	122	4.00e-40	124
327.121	1521.129	61.386	101	35	1	23	119	26	126	6.95e-36	113
327.121	1499.123	59.184	98	40	0	23	120	23	120	4.04e-34	108
327.121	576.124	58.763	97	40	0	23	119	26	122	7.74e-34	108
327.121	465.126	57.292	96	41	0	24	119	24	119	1.14e-31	102
327.121	1462.121	54.082	98	44	1	23	119	22	119	7.66e-29	95.5
327.121	1181.120	48.352	91	47	0	29	119	27	117	1.02e-23	82.4
327.121	1051.131	37.500	80	45	2	35	112	42	118	1.22e-08	43.5
1462.121	1462.121	100.000	121	0	0	1	121	1	121	8.89e-71	201
1462.121	465.126	73.171	82	22	0	39	120	39	120	1.24e-37	117
1462.121	1499.123	64.634	82	29	0	39	120	39	120	3.19e-30	99.0
1462.121	896.125	46.774	124	61	2	1	120	1	123	7.80e-30	98.2
1462.121	265.121	47.500	120	61	2	1	119	1	119	2.93e-28	94.0
1462.121	327.121	47.500	120	61	2	1	119	1	119	2.93e-28	94.0
1462.121	576.124	43.089	123	65	2	1	119	1	122	4.24e-26	88.6
1462.121	1521.129	42.520	127	66	3	1	120	1	127	4.63e-25	85.9
1462.121	1181.120	45.333	75	41	0	45	119	43	117	8.45e-15	59.3
1625.121	1625.121	100.000	121	0	0	1	121	1	121	2.89e-88	245
106.120	106.120	100.000	120	0	0	1	120	1	120	1.04e-86	241
550.120	550.120	100.000	120	0	0	1	120	1	120	8.03e-67	191
1181.120	1181.120	100.000	120	0	0	1	120	1	120	7.21e-58	168
1181.120	265.121	48.352	91	47	0	27	117	29	119	4.39e-17	65.1
1181.120	327.121	48.352	91	47	0	27	117	29	119	4.39e-17	65.1
1181.120	1521.129	49.425	87	44	0	31	117	40	126	5.81e-17	65.1
1181.120	1499.123	40.659	91	54	0	27	117	29	119	1.32e-12	53.9
1181.120	896.125	45.783	83	45	0	31	113	36	118	2.70e-11	50.4
1181.120	576.124	44.578	83	46	0	31	113	36	118	4.12e-10	47.4
1181.120	465.126	38.384	99	59	1	21	117	21	119	1.12e-09	46.2
1181.120	1462.121	40.659	91	54	0	27	117	29	119	1.65e-09	45.4
1433.120	1433.120	100.000	120	0	0	1	120	1	120	1.77e-83	233
1433.120	507.122	50.000	100	48	1	16	113	14	113	9.16e-25	85.1
1433.120	1467.116	39.583	96	58	0	12	107	9	104	3.29e-17	65.5
466.119	466.119	100.000	119	0	0	1	119	1	119	3.43e-55	162
1376.119	1376.119	100.000	119	0	0	1	119	1	119	3.83e-79	222
1376.119	1577.95	40.506	79	45	1	4	80	5	83	2.55e-18	67.8
1510.119	1510.119	100.000	119	0	0	1	119	1	119	5.81e-74	209
1703.118	1703.118	100.000	118	0	0	1	118	1	118	7.94e-87	241
1711.118	1711.118	100.000	118	0	0	1	118	1	118	5.30e-86	239
785.117	785.117	100.000	117	0	0	1	117	1	117	1.93e-87	243
1027.117	1027.117	100.000	100	0	0	1	100	1	100	2.42e-71	202
1027.117	717.91	35.211	71	46	0	18	88	19	89	2.65e-13	54.7
1027.117	1490.72	52.778	36	17	0	1	36	1	36	1.22e-08	42.0
1097.117	1097.117	100.000	117	0	0	1	117	1	117	3.97e-88	244
1097.117	1019.115	63.636	110	39	1	5	114	4	112	1.09e-52	155
1752.117	1752.117	100.000	117	0	0	1	117	1	117	1.52e-83	233
125.116	125.116	100.000	116	0	0	1	116	1	116	1.08e-68	196
1467.116	1467.116	100.000	116	0	0	1	116	1	116	2.10e-81	228
1467.116	507.122	47.458	118	59	2	1	115	1	118	1.22e-32	104
1467.116	1433.120	39.583	96	58	0	9	104	12	107	3.18e-17	65.5
1717.116	1717.116	100.000	116	0	0	1	116	1	116	1.91e-47	142
1717.116	761.110	63.889	72	26	0	1	72	1	72	4.94e-23	80.1
1717.116	538.107	58.462	65	27	0	11	75	2	66	1.58e-18	68.6
378.115	378.115	100.000	115	0	0	1	115	1	115	6.99e-63	181
853.115	853.115	100.000	89	0	0	27	115	27	115	1.11e-61	177
853.115	869.122	44.186	86	48	0	29	114	26	111	5.30e-22	77.8
853.115	46.108	41.860	86	50	0	29	114	12	97	1.58e-20	73.6
853.115	1095.126	40.909	88	52	0	27	114	18	105	2.91e-16	63.2
1019.115	1019.115	100.000	115	0	0	1	115	1	115	5.94e-87	241
1019.115	1097.117	63.636	110	39	1	4	112	5	114	1.07e-52	155
644.114	644.114	100.000	114	0	0	1	114	1	114	2.62e-86	240
539.112	539.112	100.000	112	0	0	1	112	1	112	2.44e-70	199
539.112	760.107	63.810	105	37	1	3	107	2	105	1.86e-38	119
539.112	1716.106	44.118	102	57	0	6	107	3	104	1.96e-17	65.5
1188.112	1188.112	100.000	112	0	0	1	112	1	112	2.49e-71	202
1230.112	1230.112	100.000	112	0	0	1	112	1	112	1.54e-79	223
1230.112	966.83	33.333	69	45	1	9	76	3	71	2.78e-09	43.9
1230.112	1335.75	33.929	56	36	1	21	75	3	58	1.03e-07	39.7
1230.112	1334.74	33.333	60	39	1	17	75	2	61	2.10e-07	38.9
1230.112	965.82	32.308	65	42	2	13	75	4	68	6.00e-07	37.7
1230.112	604.77	37.288	59	37	0	16	74	15	73	7.71e-07	37.4
1460.112	1460.112	100.000	112	0	0	1	112	1	112	1.94e-79	222
1460.112	451.97	42.727	110	48	4	1	110	1	95	1.29e-18	68.2
1460.112	1281.97	42.727	110	48	4	1	110	1	95	1.29e-18	68.2
1689.112	1689.112	100.000	112	0	0	1	112	1	112	5.25e-80	224
1697.112	1697.112	100.000	112	0	0	1	112	1	112	3.86e-71	201
1706.112	1706.112	100.000	112	0	0	1	112	1	112	1.77e-52	154
30.111	30.111	100.000	111	0	0	1	111	1	111	1.62e-77	217
50.111	50.111	100.000	111	0	0	1	111	1	111	5.97e-82	228
567.111	567.111	100.000	111	0	0	1	111	1	111	6.18e-81	226
640.111	640.111	100.000	111	0	0	1	111	1	111	3.13e-81	227
1148.111	1148.111	100.000	111	0	0	1	111	1	111	1.21e-72	205
1219.111	1219.111	100.000	111	0	0	1	111	1	111	6.81e-69	196
1219.111	1672.94	49.231	65	32	1	1	64	1	65	1.33e-17	65.5
1219.111	1141.91	44.262	61	31	2	5	64	4	62	5.90e-13	53.5
