862.194	862.194	100.000	194	0	0	1	194	1	194	4.18e-127	350
1644.194	1644.194	100.000	194	0	0	1	194	1	194	1.08e-110	308
1644.194	457.183	45.775	142	76	1	12	153	6	146	3.66e-37	121
1644.194	1287.183	45.775	142	76	1	12	153	6	146	3.66e-37	121
197.192	197.192	100.000	99	0	0	36	134	36	134	2.62e-43	137
605.192	605.192	100.000	192	0	0	1	192	1	192	8.43e-144	392
517.190	517.190	100.000	190	0	0	1	190	1	190	7.44e-141	384
91.189	91.189	100.000	189	0	0	1	189	1	189	9.69e-126	346
573.189	573.189	100.000	189	0	0	1	189	1	189	5.16e-143	390
1103.189	1103.189	100.000	189	0	0	1	189	1	189	3.03e-141	385
1154.189	1154.189	100.000	189	0	0	1	189	1	189	1.71e-126	348
148.188	148.188	100.000	155	0	0	1	155	1	155	2.03e-102	287
231.188	231.188	100.000	188	0	0	1	188	1	188	3.83e-121	334
231.188	362.188	100.000	188	0	0	1	188	1	188	3.83e-121	334
362.188	231.188	100.000	188	0	0	1	188	1	188	3.83e-121	334
362.188	362.188	100.000	188	0	0	1	188	1	188	3.83e-121	334
1336.188	1336.188	100.000	188	0	0	1	188	1	188	6.68e-140	382
1336.188	1414.176	64.607	178	58	2	14	188	1	176	1.53e-67	198
1646.188	1646.188	100.000	188	0	0	1	188	1	188	1.53e-136	373
104.187	104.187	100.000	187	0	0	1	187	1	187	2.36e-89	254
138.187	138.187	100.000	187	0	0	1	187	1	187	2.34e-124	342
633.187	633.187	100.000	187	0	0	1	187	1	187	3.34e-141	385
230.186	230.186	100.000	186	0	0	1	186	1	186	2.38e-117	325
230.186	363.186	97.849	186	4	0	1	186	1	186	1.85e-115	320
363.186	363.186	100.000	186	0	0	1	186	1	186	2.77e-117	324
363.186	230.186	97.849	186	4	0	1	186	1	186	2.04e-115	320
1037.186	1037.186	100.000	186	0	0	1	186	1	186	9.17e-128	351
964.184	964.184	100.000	184	0	0	1	184	1	184	9.89e-122	335
1768.184	1768.184	100.000	184	0	0	1	184	1	184	7.37e-135	369
1768.184	615.178	43.478	184	91	3	4	184	5	178	8.52e-40	127
1768.184	982.177	34.973	183	103	2	2	184	11	177	1.90e-24	88.2
1768.184	1533.151	37.931	116	66	2	68	182	40	150	6.94e-18	70.5
1768.184	294.182	37.963	108	59	3	81	184	79	182	1.38e-16	67.8
1768.184	934.182	38.318	107	60	2	81	184	79	182	2.01e-16	67.4
1768.184	1057.182	38.318	107	60	2	81	184	79	182	2.01e-16	67.4
1768.184	482.150	32.667	150	94	3	34	182	6	149	3.18e-16	66.2
1768.184	24.152	31.469	143	91	4	42	182	14	151	2.98e-15	63.5
1768.184	62.152	31.469	143	91	4	42	182	14	151	4.67e-15	63.2
1768.184	434.147	31.429	140	92	1	43	182	11	146	8.95e-13	57.0
1768.184	1264.147	31.429	140	92	1	43	182	11	146	8.95e-13	57.0
1768.184	1486.149	28.696	115	80	1	68	182	36	148	2.30e-12	55.8
1768.184	1171.135	31.405	121	71	4	68	184	23	135	4.27e-08	43.9
3.183	3.183	100.000	183	0	0	1	183	1	183	1.33e-137	375
3.183	509.96	42.466	73	18	2	99	151	3	71	5.14e-10	48.1
3.183	863.96	36.145	83	29	2	99	161	3	81	3.99e-08	43.1
3.183	47.93	36.986	73	22	2	99	151	3	71	4.07e-08	43.1
3.183	236.98	38.356	73	21	2	99	151	3	71	9.25e-08	42.4
3.183	357.98	38.356	73	21	2	99	151	3	71	9.25e-08	42.4
28.183	28.183	100.000	183	0	0	1	183	1	183	3.20e-122	337
284.183	284.183	100.000	183	0	0	1	183	1	183	2.90e-130	357
284.183	287.137	47.826	184	43	5	1	180	1	135	2.05e-41	130
284.183	286.139	46.927	179	48	5	4	180	2	135	1.88e-35	115
284.183	506.183	35.000	180	97	3	10	181	15	182	5.48e-25	89.7
284.183	1585.145	55.056	89	33	3	4	92	2	83	1.34e-24	87.8
284.183	1158.136	50.980	102	37	2	4	105	2	90	5.99e-24	85.9
284.183	1584.138	45.631	103	47	2	4	106	2	95	5.25e-23	83.6
284.183	1731.165	50.962	104	38	4	5	95	3	106	2.60e-22	82.4
284.183	1776.176	37.363	182	63	8	1	164	26	174	8.01e-21	79.0
284.183	1157.129	43.103	116	45	3	4	98	2	117	3.49e-19	73.2
284.183	1777.188	39.568	139	61	6	4	136	2	123	1.91e-18	72.8
284.183	1159.148	37.419	155	70	5	4	140	2	147	2.05e-18	72.0
284.183	1655.142	57.143	63	27	0	11	73	10	72	1.50e-16	66.6
284.183	1656.129	62.963	54	20	0	9	62	8	61	3.65e-16	65.5
284.183	1426.156	45.361	97	45	3	10	101	14	107	1.37e-14	62.0
284.183	1657.128	68.750	48	15	0	10	57	10	57	1.55e-14	61.2
284.183	9.148	76.316	38	9	0	11	48	16	53	1.05e-13	59.3
284.183	973.148	50.725	69	30	3	24	91	1	66	1.05e-13	59.3
284.183	1243.139	69.048	42	13	0	10	51	14	55	1.82e-13	58.5
284.183	52.188	33.854	192	107	7	1	181	1	183	2.94e-13	58.9
284.183	1425.166	38.843	121	60	5	1	110	2	119	4.76e-13	58.2
284.183	655.154	53.623	69	27	2	12	80	13	76	4.90e-13	57.8
284.183	779.160	44.000	75	37	2	24	94	1	74	1.02e-12	57.0
284.183	1468.173	51.562	64	26	2	2	62	3	64	1.41e-12	57.0
284.183	524.147	63.265	49	17	1	10	57	13	61	2.11e-12	55.8
457.183	457.183	100.000	183	0	0	1	183	1	183	1.21e-135	370
457.183	1287.183	100.000	183	0	0	1	183	1	183	1.21e-135	370
457.183	1644.194	45.775	142	76	1	6	146	12	153	8.96e-42	133
552.183	552.183	100.000	183	0	0	1	183	1	183	6.40e-135	369
1287.183	457.183	100.000	183	0	0	1	183	1	183	1.21e-135	370
1287.183	1287.183	100.000	183	0	0	1	183	1	183	1.21e-135	370
1287.183	1644.194	45.775	142	76	1	6	146	12	153	8.96e-42	133
294.182	294.182	100.000	182	0	0	1	182	1	182	2.63e-130	357
294.182	934.182	97.253	182	5	0	1	182	1	182	9.94e-128	350
294.182	1057.182	97.253	182	5	0	1	182	1	182	9.94e-128	350
294.182	982.177	58.564	181	68	2	2	182	4	177	3.38e-69	202
294.182	615.178	36.842	171	105	2	12	182	11	178	1.13e-25	91.7
294.182	482.150	34.899	149	92	2	32	180	6	149	4.05e-21	79.0
294.182	1768.184	37.963	108	59	3	79	182	81	184	1.37e-16	67.8
294.182	1533.151	31.915	141	88	2	40	180	18	150	2.49e-16	66.2
294.182	1486.149	35.714	126	73	4	58	180	28	148	3.75e-16	65.9
294.182	1031.141	33.333	99	64	1	60	158	18	114	6.21e-15	62.4
294.182	434.147	34.146	123	77	1	58	180	28	146	4.49e-14	60.5
294.182	1264.147	34.146	123	77	1	58	180	28	146	4.49e-14	60.5
294.182	809.47	63.415	41	14	1	3	42	4	44	2.61e-11	50.4
294.182	835.47	72.727	33	9	0	3	35	4	36	5.20e-11	49.7
294.182	950.47	72.727	33	9	0	3	35	4	36	5.20e-11	49.7
294.182	157.132	29.000	100	69	1	62	161	17	114	7.20e-11	51.2
294.182	668.124	34.343	99	54	4	66	157	15	109	4.48e-10	48.9
294.182	62.152	29.286	140	96	2	41	180	15	151	1.24e-09	48.5
294.182	24.152	27.517	149	105	2	32	180	6	151	2.94e-09	47.4
294.182	1171.135	27.007	137	82	4	53	182	10	135	3.92e-07	41.2
648.182	648.182	100.000	165	0	0	18	182	18	182	6.46e-122	336
912.182	912.182	100.000	182	0	0	1	182	1	182	4.23e-134	367
912.182	1077.182	100.000	182	0	0	1	182	1	182	4.23e-134	367
934.182	934.182	100.000	182	0	0	1	182	1	182	7.35e-131	358
934.182	1057.182	100.000	182	0	0	1	182	1	182	7.35e-131	358
934.182	294.182	97.253	182	5	0	1	182	1	182	9.94e-128	350
934.182	982.177	58.011	181	69	2	2	182	4	177	4.59e-69	202
934.182	615.178	37.427	171	104	2	12	182	11	178	3.22e-25	90.5
934.182	482.150	35.570	149	91	2	32	180	6	149	2.09e-21	79.7
934.182	1768.184	38.318	107	60	2	79	182	81	184	1.99e-16	67.4
934.182	1486.149	36.508	126	72	4	58	180	28	148	2.34e-16	66.2
934.182	1533.151	32.520	123	79	1	58	180	32	150	6.27e-16	65.5
934.182	1031.141	33.333	99	64	1	60	158	18	114	5.04e-15	62.8
934.182	434.147	34.959	123	76	1	58	180	28	146	2.84e-14	60.8
934.182	1264.147	34.959	123	76	1	58	180	28	146	2.84e-14	60.8
934.182	809.47	70.588	34	10	0	3	36	4	37	3.46e-11	50.1
934.182	835.47	72.727	33	9	0	3	35	4	36	4.89e-11	49.7
934.182	950.47	72.727	33	9	0	3	35	4	36	4.89e-11	49.7
934.182	157.132	28.713	101	70	1	62	162	17	115	9.69e-11	51.2
934.182	668.124	33.333	105	59	4	60	157	9	109	6.88e-10	48.5
934.182	62.152	29.286	140	96	2	41	180	15	151	9.63e-10	48.9
934.182	24.152	28.571	140	97	2	41	180	15	151	2.31e-09	47.8
934.182	1171.135	27.007	137	82	4	53	182	10	135	5.38e-07	40.8
1057.182	934.182	100.000	182	0	0	1	182	1	182	7.35e-131	358
1057.182	1057.182	100.000	182	0	0	1	182	1	182	7.35e-131	358
1057.182	294.182	97.253	182	5	0	1	182	1	182	9.94e-128	350
1057.182	982.177	58.011	181	69	2	2	182	4	177	4.59e-69	202
1057.182	615.178	37.427	171	104	2	12	182	11	178	3.22e-25	90.5
1057.182	482.150	35.570	149	91	2	32	180	6	149	2.09e-21	79.7
1057.182	1768.184	38.318	107	60	2	79	182	81	184	1.99e-16	67.4
1057.182	1486.149	36.508	126	72	4	58	180	28	148	2.34e-16	66.2
1057.182	1533.151	32.520	123	79	1	58	180	32	150	6.27e-16	65.5
1057.182	1031.141	33.333	99	64	1	60	158	18	114	5.04e-15	62.8
1057.182	434.147	34.959	123	76	1	58	180	28	146	2.84e-14	60.8
1057.182	1264.147	34.959	123	76	1	58	180	28	146	2.84e-14	60.8
1057.182	809.47	70.588	34	10	0	3	36	4	37	3.46e-11	50.1
1057.182	835.47	72.727	33	9	0	3	35	4	36	4.89e-11	49.7
1057.182	950.47	72.727	33	9	0	3	35	4	36	4.89e-11	49.7
1057.182	157.132	28.713	101	70	1	62	162	17	115	9.69e-11	51.2
1057.182	668.124	33.333	105	59	4	60	157	9	109	6.88e-10	48.5
1057.182	62.152	29.286	140	96	2	41	180	15	151	9.63e-10	48.9
1057.182	24.152	28.571	140	97	2	41	180	15	151	2.31e-09	47.8
1057.182	1171.135	27.007	137	82	4	53	182	10	135	5.38e-07	40.8
1077.182	912.182	100.000	182	0	0	1	182	1	182	4.23e-134	367
1077.182	1077.182	100.000	182	0	0	1	182	1	182	4.23e-134	367
504.181	504.181	100.000	181	0	0	1	181	1	181	4.86e-122	336
504.181	1428.181	79.558	181	37	0	1	181	1	181	1.64e-99	279
504.181	1245.181	80.110	181	36	0	1	181	1	181	7.03e-99	277
504.181	777.181	75.691	181	44	0	1	181	1	181	1.08e-93	264
504.181	526.181	72.928	181	49	0	1	181	1	181	8.64e-86	244
504.181	405.133	80.000	120	24	0	57	176	9	128	7.40e-64	187
504.181	405.133	49.020	51	26	0	4	54	78	128	5.51e-13	57.0
504.181	405.133	33.913	115	72	1	3	113	14	128	1.03e-08	45.4
526.181	526.181	100.000	181	0	0	1	181	1	181	1.17e-112	312
526.181	1428.181	76.074	163	39	0	19	181	19	181	1.59e-88	251
526.181	1428.181	45.098	51	28	0	126	176	4	54	1.63e-11	53.9
526.181	1245.181	72.928	181	49	0	1	181	1	181	6.73e-87	247
526.181	504.181	72.840	162	44	0	20	181	20	181	1.86e-85	243
526.181	504.181	49.057	53	27	0	126	178	4	56	1.66e-12	56.6
526.181	504.181	60.526	38	15	0	19	56	141	178	1.40e-10	51.6
526.181	777.181	71.779	163	46	0	19	181	19	181	2.47e-82	236
526.181	777.181	49.057	53	27	0	126	178	4	56	8.82e-14	60.1
526.181	777.181	33.962	106	66	1	71	176	12	113	3.21e-12	55.8
526.181	405.133	75.000	120	30	0	57	176	9	128	4.70e-61	180
526.181	405.133	55.263	38	17	0	19	56	93	130	3.08e-10	49.7
777.181	777.181	100.000	181	0	0	1	181	1	181	2.76e-133	364
777.181	1428.181	78.652	178	38	0	1	178	1	178	1.02e-103	290
777.181	504.181	75.691	181	44	0	1	181	1	181	3.69e-103	288
777.181	1245.181	75.281	178	44	0	1	178	1	178	4.48e-99	278
777.181	526.181	72.376	181	50	0	1	181	1	181	6.43e-91	257
777.181	405.133	75.000	120	30	0	57	176	9	128	1.45e-64	189
777.181	405.133	50.980	51	25	0	4	54	78	128	1.96e-14	60.8
777.181	405.133	31.933	119	77	1	3	117	14	132	3.87e-13	57.4
916.181	916.181	100.000	181	0	0	1	181	1	181	2.70e-128	352
916.181	1074.181	100.000	181	0	0	1	181	1	181	2.70e-128	352
1074.181	916.181	100.000	181	0	0	1	181	1	181	2.70e-128	352
1074.181	1074.181	100.000	181	0	0	1	181	1	181	2.70e-128	352
1245.181	1245.181	100.000	181	0	0	1	181	1	181	2.37e-132	362
1245.181	1428.181	90.608	181	17	0	1	181	1	181	7.88e-122	335
1245.181	504.181	80.110	181	36	0	1	181	1	181	4.40e-109	303
1245.181	777.181	75.281	178	44	0	1	178	1	178	4.48e-99	278
1245.181	526.181	72.928	181	49	0	1	181	1	181	9.82e-95	267
1245.181	405.133	80.000	120	24	0	57	176	9	128	3.04e-71	206
1245.181	405.133	34.783	115	71	1	3	113	14	128	4.66e-15	62.4
1245.181	405.133	48.148	54	27	1	3	55	76	129	7.72e-12	53.9
1428.181	1428.181	100.000	181	0	0	1	181	1	181	2.22e-132	362
1428.181	1245.181	90.608	181	17	0	1	181	1	181	7.88e-122	335
1428.181	504.181	79.558	181	37	0	1	181	1	181	5.66e-109	303
1428.181	777.181	78.652	178	38	0	1	178	1	178	1.02e-103	290
1428.181	526.181	75.138	181	45	0	1	181	1	181	2.98e-95	268
1428.181	405.133	79.167	120	25	0	57	176	9	128	1.04e-70	204
1428.181	405.133	48.077	52	27	0	4	55	78	129	5.93e-14	59.7
1428.181	405.133	30.435	115	76	1	3	113	14	128	2.53e-12	55.5
304.180	304.180	100.000	158	0	0	23	180	23	180	9.24e-118	325
391.180	391.180	100.000	180	0	0	1	180	1	180	8.38e-132	360
391.180	881.133	47.581	124	62	2	55	178	11	131	1.32e-31	105
391.180	486.140	52.273	88	42	0	93	180	53	140	1.01e-25	90.5
391.180	534.136	45.946	111	57	1	73	180	26	136	1.52e-24	87.4
391.180	765.139	41.237	97	54	3	85	178	41	137	8.84e-15	62.0
391.180	588.135	41.758	91	51	2	90	178	43	133	1.98e-09	47.4
41.179	41.179	100.000	179	0	0	1	179	1	179	2.05e-135	370
41.179	782.146	36.036	111	70	1	70	179	36	146	3.65e-20	76.3
41.179	511.176	27.027	185	116	5	1	176	1	175	4.65e-15	63.5
129.179	129.179	100.000	179	0	0	1	179	1	179	1.32e-130	357
940.179	940.179	100.000	161	0	0	1	161	1	161	2.73e-103	288
615.178	615.178	100.000	178	0	0	1	178	1	178	1.90e-120	332
615.178	1768.184	41.436	181	99	1	5	178	4	184	3.58e-36	118
615.178	982.177	34.254	181	112	2	1	178	1	177	8.30e-27	94.4
615.178	294.182	36.842	171	105	2	11	178	12	182	1.12e-22	83.6
615.178	934.182	37.427	171	104	2	11	178	12	182	4.19e-22	82.0
615.178	1057.182	37.427	171	104	2	11	178	12	182	4.19e-22	82.0
615.178	1533.151	35.938	128	82	0	31	158	9	136	1.06e-17	70.1
615.178	482.150	36.937	111	69	1	48	158	26	135	1.57e-16	66.6
615.178	62.152	31.169	154	102	3	23	176	2	151	7.90e-16	65.1
615.178	434.147	42.857	112	64	0	48	159	22	133	5.91e-15	62.4
615.178	1264.147	42.857	112	64	0	48	159	22	133	5.91e-15	62.4
615.178	24.152	31.169	154	99	4	26	176	2	151	6.74e-15	62.4
615.178	1486.149	31.707	123	82	1	54	176	28	148	3.34e-14	60.5
615.178	112.146	33.333	84	55	1	76	159	49	131	6.45e-07	40.8
1193.178	1193.178	100.000	178	0	0	1	178	1	178	1.12e-124	342
1552.178	1552.178	100.000	178	0	0	1	178	1	178	3.15e-134	367
561.177	561.177	100.000	177	0	0	1	177	1	177	4.52e-113	313
