982.177	982.177	100.000	177	0	0	1	177	1	177	1.98e-117	324
982.177	934.182	58.333	180	68	2	5	177	3	182	7.78e-63	186
982.177	1057.182	58.333	180	68	2	5	177	3	182	7.78e-63	186
982.177	294.182	58.889	180	67	2	5	177	3	182	8.03e-63	186
982.177	615.178	34.254	181	112	2	1	177	1	178	5.66e-28	97.4
982.177	1533.151	40.411	146	83	1	30	175	9	150	5.08e-24	86.3
982.177	1768.184	34.973	183	103	2	11	177	2	184	4.04e-23	84.7
982.177	482.150	39.216	153	81	3	23	175	9	149	4.42e-22	81.3
982.177	1486.149	39.024	123	73	1	53	175	28	148	4.25e-18	70.9
982.177	434.147	36.054	147	90	1	29	175	4	146	2.23e-15	63.5
982.177	1264.147	36.054	147	90	1	29	175	4	146	2.23e-15	63.5
982.177	24.152	31.788	151	96	3	29	175	4	151	1.51e-11	53.5
982.177	62.152	30.822	146	98	2	30	175	9	151	2.39e-11	53.1
982.177	1171.135	28.125	128	74	4	57	177	19	135	6.53e-08	43.1
982.177	157.132	26.891	119	82	2	57	175	17	130	1.31e-07	42.4
1325.177	1325.177	100.000	165	0	0	13	177	13	177	2.37e-108	301
511.176	511.176	100.000	161	0	0	1	161	1	161	1.79e-105	294
511.176	41.179	26.901	171	106	5	1	161	1	162	6.75e-11	52.4
511.176	601.103	42.105	76	39	3	86	161	18	88	3.58e-09	46.2
936.176	936.176	100.000	176	0	0	1	176	1	176	3.40e-115	318
936.176	1055.163	100.000	163	0	0	14	176	1	163	2.05e-104	290
936.176	980.173	36.420	162	96	3	20	175	11	171	3.18e-22	82.4
936.176	1721.176	30.065	153	92	4	39	176	24	176	4.98e-09	47.0
1414.176	1414.176	100.000	176	0	0	1	176	1	176	2.83e-109	303
1414.176	1336.188	62.360	178	62	2	1	176	14	188	7.22e-59	176
1721.176	1721.176	100.000	176	0	0	1	176	1	176	2.61e-115	318
1721.176	1055.163	32.026	153	89	5	24	176	26	163	2.46e-13	58.5
1721.176	936.176	32.026	153	89	5	24	176	39	176	4.24e-13	58.2
1721.176	980.173	26.115	157	92	5	26	175	32	171	1.61e-07	42.7
1774.176	1774.176	100.000	176	0	0	1	176	1	176	8.36e-123	337
19.175	19.175	100.000	175	0	0	1	175	1	175	3.96e-124	341
819.175	819.175	100.000	175	0	0	1	175	1	175	1.12e-103	289
1422.174	1422.174	100.000	174	0	0	1	174	1	174	5.94e-130	355
76.173	76.173	100.000	173	0	0	1	173	1	173	1.10e-118	327
76.173	558.173	82.659	173	30	0	1	173	1	173	1.56e-98	276
411.173	411.173	100.000	173	0	0	1	173	1	173	5.82e-106	295
558.173	558.173	100.000	173	0	0	1	173	1	173	1.65e-104	291
558.173	76.173	82.659	173	30	0	1	173	1	173	4.15e-88	249
980.173	980.173	100.000	173	0	0	1	173	1	173	1.81e-112	311
980.173	1055.163	36.420	162	96	3	11	171	7	162	1.06e-25	90.9
980.173	936.176	36.420	162	96	3	11	171	20	175	1.57e-25	90.9
980.173	1721.176	26.282	156	93	4	32	171	26	175	5.55e-09	47.0
1410.173	1410.173	100.000	173	0	0	1	173	1	173	5.09e-131	358
1468.173	1468.173	100.000	173	0	0	1	173	1	173	1.09e-103	289
1468.173	9.148	46.154	143	65	4	1	140	2	135	9.65e-13	56.6
1468.173	1243.139	60.465	86	30	2	1	82	1	86	1.08e-12	56.2
1468.173	524.147	54.237	118	43	4	3	118	2	110	2.21e-10	50.1
458.172	458.172	100.000	172	0	0	1	172	1	172	2.19e-111	308
513.172	513.172	100.000	172	0	0	1	172	1	172	2.40e-108	301
1164.172	1164.172	100.000	172	0	0	1	172	1	172	1.56e-120	332
1553.172	1553.172	100.000	172	0	0	1	172	1	172	6.48e-126	345
356.171	356.171	100.000	171	0	0	1	171	1	171	1.07e-87	248
462.171	462.171	100.000	171	0	0	1	171	1	171	1.36e-115	319
372.170	372.170	100.000	170	0	0	1	170	1	170	1.18e-123	339
372.170	263.167	79.394	165	34	0	4	168	2	166	1.35e-95	268
372.170	329.167	79.394	165	34	0	4	168	2	166	1.35e-95	268
372.170	1457.163	72.121	165	43	2	1	165	1	162	1.76e-83	237
372.170	468.163	64.242	165	55	2	1	165	1	161	1.96e-70	204
915.170	915.170	100.000	170	0	0	1	170	1	170	1.45e-123	339
915.170	1075.170	100.000	170	0	0	1	170	1	170	1.45e-123	339
915.170	1186.165	38.816	152	81	4	2	149	7	150	2.82e-25	89.7
915.170	727.164	36.735	147	78	7	10	152	14	149	6.72e-19	73.2
1075.170	915.170	100.000	170	0	0	1	170	1	170	1.45e-123	339
1075.170	1075.170	100.000	170	0	0	1	170	1	170	1.45e-123	339
1075.170	1186.165	38.816	152	81	4	2	149	7	150	2.82e-25	89.7
1075.170	727.164	36.735	147	78	7	10	152	14	149	6.72e-19	73.2
1246.170	1246.170	100.000	170	0	0	1	170	1	170	5.00e-125	343
1246.170	1429.165	64.331	157	56	0	14	170	9	165	3.42e-73	211
1246.170	503.165	59.756	164	62	2	11	170	2	165	4.27e-56	168
1246.170	1653.133	30.573	157	67	7	7	158	8	127	2.94e-07	41.2
1511.170	1511.170	100.000	170	0	0	1	170	1	170	7.85e-129	352
263.167	263.167	100.000	167	0	0	1	167	1	167	3.28e-122	335
263.167	329.167	100.000	167	0	0	1	167	1	167	3.28e-122	335
263.167	372.170	79.394	165	34	0	2	166	4	168	1.32e-95	268
263.167	1457.163	76.687	163	37	1	1	163	1	162	4.37e-91	256
263.167	468.163	66.258	163	53	1	1	163	1	161	4.57e-76	218
329.167	263.167	100.000	167	0	0	1	167	1	167	3.28e-122	335
329.167	329.167	100.000	167	0	0	1	167	1	167	3.28e-122	335
329.167	372.170	79.394	165	34	0	2	166	4	168	1.32e-95	268
329.167	1457.163	76.687	163	37	1	1	163	1	162	4.37e-91	256
329.167	468.163	66.258	163	53	1	1	163	1	161	4.57e-76	218
1151.167	1151.167	100.000	167	0	0	1	167	1	167	3.91e-123	338
1694.167	1694.167	100.000	167	0	0	1	167	1	167	3.42e-97	272
1425.166	1425.166	100.000	166	0	0	1	166	1	166	2.31e-83	237
1425.166	1426.156	62.112	161	54	2	1	161	1	154	8.20e-44	136
1425.166	524.147	56.522	92	38	2	2	92	1	91	4.29e-09	46.6
168.165	168.165	100.000	165	0	0	1	165	1	165	9.27e-72	207
503.165	503.165	100.000	165	0	0	1	165	1	165	2.29e-122	335
503.165	1429.165	59.880	167	63	2	1	165	1	165	5.98e-63	185
503.165	1246.170	59.756	164	62	2	2	165	11	170	4.14e-56	168
503.165	1653.133	32.075	106	59	3	1	94	1	105	1.52e-08	44.7
1087.165	1087.165	100.000	165	0	0	1	165	1	165	1.39e-102	285
1087.165	596.152	36.719	128	74	3	30	152	22	147	1.34e-21	79.7
1117.165	1117.165	100.000	165	0	0	1	165	1	165	6.88e-84	238
1127.165	1127.165	100.000	165	0	0	1	165	1	165	3.38e-119	327
1186.165	1186.165	100.000	165	0	0	1	165	1	165	1.20e-121	333
1186.165	915.170	38.816	152	81	4	7	150	2	149	2.74e-25	89.7
1186.165	1075.170	38.816	152	81	4	7	150	2	149	2.74e-25	89.7
1186.165	727.164	37.500	152	81	7	15	161	14	156	2.19e-22	82.0
1429.165	1429.165	100.000	165	0	0	1	165	1	165	3.96e-122	335
1429.165	1246.170	64.331	157	56	0	9	165	14	170	3.32e-73	211
1429.165	503.165	59.880	167	63	2	1	165	1	165	5.98e-63	185
639.164	639.164	100.000	164	0	0	1	164	1	164	9.63e-123	336
727.164	727.164	100.000	164	0	0	1	164	1	164	7.05e-120	329
727.164	1186.165	37.500	152	81	7	14	156	15	161	2.18e-22	82.0
727.164	915.170	36.735	147	78	7	14	149	10	152	6.48e-19	73.2
727.164	1075.170	36.735	147	78	7	14	149	10	152	6.48e-19	73.2
1380.164	1380.164	100.000	164	0	0	1	164	1	164	4.84e-121	332
468.163	468.163	100.000	163	0	0	1	163	1	163	9.22e-118	323
468.163	1457.163	74.074	162	41	1	1	161	1	162	1.75e-81	232
468.163	263.167	66.258	163	53	1	1	161	1	163	4.46e-76	218
468.163	329.167	66.258	163	53	1	1	161	1	163	4.46e-76	218
468.163	372.170	64.242	165	55	2	1	161	1	165	1.88e-70	204
1055.163	1055.163	100.000	163	0	0	1	163	1	163	8.16e-105	291
1055.163	936.176	100.000	163	0	0	1	163	14	176	1.36e-104	291
1055.163	980.173	36.420	162	96	3	7	162	11	171	1.99e-22	82.4
1055.163	1721.176	30.065	153	92	4	26	163	24	176	1.96e-09	47.8
1457.163	1457.163	100.000	163	0	0	1	163	1	163	8.05e-120	329
1457.163	263.167	76.687	163	37	1	1	162	1	163	4.27e-91	256
1457.163	329.167	76.687	163	37	1	1	162	1	163	4.27e-91	256
1457.163	372.170	72.121	165	43	2	1	162	1	165	1.69e-83	237
1457.163	468.163	74.074	162	41	1	1	162	1	161	1.75e-81	232
652.162	652.162	100.000	162	0	0	1	162	1	162	1.44e-118	325
902.162	902.162	100.000	162	0	0	1	162	1	162	2.15e-121	333
1554.162	1554.162	100.000	162	0	0	1	162	1	162	1.45e-120	331
911.161	911.161	100.000	161	0	0	1	161	1	161	1.20e-96	270
911.161	1078.161	100.000	161	0	0	1	161	1	161	1.20e-96	270
1078.161	911.161	100.000	161	0	0	1	161	1	161	1.20e-96	270
1078.161	1078.161	100.000	161	0	0	1	161	1	161	1.20e-96	270
