2605
2560
4240
3560
2998
3349
5113
4204
3927
2802
2704
3898
4443
3873
3282
4221
3859
3476
4097
3656
4199
3280
2650
4302
4824
3828
4084
3099
4154
4156
4235
4151
3400
3035
4032
3623
3848
3945
3632
3913
3558
3569
3456
4105
3441
4079
3630
3545
2981
3247
3463
3133
2931
4246
3858
4032
3732
4056
4160
4401
4671
3802
4344
3848
3886
3123
3433
3220
3014
3235
3246
4458
3521
4563
3131
4399
4176
3852
4374
3844
4180
3655
4318
4417
3981
3428
4373
3961
3770
3395
3789
3880
4196
3535
3232
3013
2128
3581
3853
2866
2913
1833
3226
3026
2833
3023
2708
3446
3932
3370
4171
2749
3592
3791
2718
2337
3916
2228
3704
3796
3246
2270
3485
3905
3441
3741
3761
3343
4163
4086
4108
4532
2023
4126
2100
3723
3642
3746
3471
3318
3324
3032
3642
3662
3486
4690
2609
3538
3195
2954
3339
1934
3059
3400
3508
2492
4990
3687
3138
3217
4201
4650
3589
3590
3257
3343
3614
3568
4474
3232
2155
2456
2741
2632
2230
2669
2276
1264
3250
1996
1316
2194
1629
2551
1450
2243
3326
1445
1767
2338
1957
1451
2046
2546
2514
2645
2844
2060
1678
2326
1667
2438
2965
2028
2087
1641
1440
2034
2378
1785
2202
1822
1630
1483
2060
1597
874
1584
2999
2377
2248
2026
2923
1977
2105
2022
1613
1184
2332
1543
1114
1759
2689
1303
2268
2532
845
3311
5208
3357
3679
3428
3653
3930
3796
3504
4044
3767
3837
3929
4465
3737
3708
4234
3722
2461
2954
4632
4514
3790
4157
3809
3873
3735
3402
4083
3855
4187
3226
4444
3568
3132
3484
2582
4333
3333
4263
3463
3340
2883
3266
3984
3443
3390
3790
3487
4155
2451
4744
4098
3303
3504
3215
2983
2819
4033
4215
3741
3712
3388
3542
5580
3851
3330
3233
3495
3167
3305
6284
3524
3322
3443
4327
3603
3978
4165
2603
2832
711
3673
3808
2529
4931
2425
3817
4050
3810
3866
3746
3475
3355
3357
2680
2486
2486
3055
4000
3447
3361
3493
3370
2453
3527
2712
3455
3245
2696
2859
3463
4092
2890
3793
3550
3185
3607
4155
3228
3100
2752
3809
3588
4072
4234
4524
4061
3597
4233
4758
3163
4005
3092
2764
3920
3351
3554
3898
3817
2440
1915
2417
3250
1324
861
1001
841
4602
4359
3143
3347
3810
4177
4452
4125
4320
5025
4985
2492
3288
3653
3902
2946
3827
2860
3221
4005
4196
3116
3498
3988
4011
4729
2501
2367
3117
2859
3120
3055
3024
3438
4046
3419
3040
2907
3130
2878
3228
4389
2786
1818
3868
3866
3868
3862
2830
3782
3863
4027
4676
4096
5097
3970
2419
3644
3014
3659
3901
1934
1750
2475
2341
3463
3589
2900
3397
3323
2594
2339
2335
2510
2503
3155
3431
1080
3434
3841
3723
4523
3634
3067
3246
3287
4704
4719
3961
3533
3609
4946
4062
3189
3668
3166
2872
4416
4123
2769
4065
4928
5046
4161
3285
3298
4306
1941
2290
4077
3265
4024
3368
3477
3538
3949
3447
3432
3414
3400
3538
3557
3551
3413
3316
3427
3464
3569
3483
3341
3484
3394
3347
3660
3343
3484
3541
3489
3523
3494
3490
3483
3537
3512
3451
2848
3798
2783
2981
4614
4206
4411
4784
3227
4408
2946
2720
2803
2975
2702
3133
2957
2364
2652
2634
3314
3635
2277
4127
4146
3471
4467
2296
3236
3138
1573
2701
1990
3984
4128
4209
4365
4310
4301
4289
4572
4310
5329
4745
4471
3366
3803
4130
4214
3120
3866
3752
4049
4010
3683
3349
2876
3617
3639
3127
3434
3960
5153
4090
5265
3054
4690
4141
2995
4155
4335
3559
3116
3725
4091
4516
3218
3607
4010
3149
4339
4885
3797
4237
3114
2984
3372
3625
3285
3292
2438
2731
4246
3450
2978
3324
5061
4110
3892
2766
2584
3818
4299
3703
3093
4198
3824
3367
4122
3555
4102
3251
2795
3503
3659
4417
3069
3795
3593
3078
4202
3381
4140
4190
4104
3406
2944
3944
3633
3851
3944
3600
3902
3576
3576
3486
4060
3443
3956
3629
3540
3016
3304
3530
3174
2968
4232
3804
3914
3677
3886
4084
4328
4564
3708
4350
3805
3794
3175
3443
3257
3056
3296
3279
4496
3427
4456
3129
4313
4117
3817
4244
3724
4093
3505
4287
4305
3894
3376
4338
3978
3763
3381
3791
3826
4103
3426
3263
4293
3534
4582
2397
3048
3265
3440
3829
2774
3807
3652
3035
2555
3728
3553
3483
3840
2698
3859
2799
3718
3591
2976
2637
4189
4029
3823
3601
3692
2949
3661
3544
2694
3400
3706
4066
4104
2196
3844
3155
3938
3563
2856
2244
2794
3823
3227
3865
3845
3932
3976
2532
3148
4062
4274
3262
3203
3957
4783
4284
5104
2020
4269
2126
2692
3886
3705
3837
3510
3439
3334
3125
3695
3771
3242
3499
3614
4460
2729
3624
3304
3088
3459
1982
3167
3478
3609
3797
3256
3337
2919
2977
3534
4302
4726
3746
3419
3277
4420
3729
3538
4732
3224
2601
3438
5197
3533
3808
3561
4493
3773
4311
3668
3975
3842
3567
4121
3813
3901
4033
4371
3700
3600
3442
4258
3842
2511
2999
4565
4298
3846
4254
3853
3816
3720
3469
4184
3280
4120
3312
4569
4367
3785
4111
3570
3747
3484
3136
3484
2689
4830
3547
4315
3343
4258
3575
3467
4662
3000
3324
4019
3464
3453
3391
3462
4667
4132
3520
3735
3564
3937
3576
3929
3636
4986
4307
3843
4253
3767
3858
4651
3851
2426
4014
3819
3398
3588
3289
4291
4298
3339
3657
3052
2917
3275
4458
4767
4140
4146
3799
3683
3468
3577
3714
3399
3317
3579
3231
3385
5991
3483
3395
3514
3350
4469
3700
3888
3798
4287
2656
2882
4090
3634
3324
3843
3196
3531
3142
3670
2609
4499
5024
2421
3918
4127
3934
3985
3822
3570
3170
3440
3412
4383
4406
2766
2579
2580
3123
4099
3344
2937
3299
3452
3322
2539
3625
2809
3470
3491
2686
2774
3558
3694
4053
2582
2815
3758
3453
3393
3169
3509
4119
3105
2970
3505
2749
3798
3873
3927
3662
4289
4207
4410
4112
3523
4171
4853
3086
3960
3005
2753
3946
3361
3497
3968
3869
3276
4665
4421
3142
3321
3864
3344
4222
4482
4200
4367
5017
5013
2799
2661
2423
3194
3570
3851
2875
3787
2828
3165
4009
4146
3073
3431
3906
4039
3020
4802
2517
2385
3011
2813
3092
2896
2837
3485
4066
3992
4614
3408
2786
2669
2839
2712
2958
4404
2825
3833
3830
3837
3833
2888
3735
3764
3982
4608
4051
5008
3919
2438
3658
4970
2988
3665
3422
3914
3840
3663
4232
4235
4034
3730
4542
4972
3954
4303
3745
3811
5050
2555
7322
5707
2329
3319
3468
5515
2920
3381
3255
2864
3345
2455
2099
2238
2427
2419
3068
3059
3423
3504
4851
3799
4355
4182
4106
4428
3287
4578
4169
4036
3546
3747
2967
4540
3644
2868
4969
3659
4256
3262
3239
3978
4043
2996
3503
3852
4362
3528
4629
4652
3799
3547
3639
4806
2931
4100
3746
4577
3860
4428
4081
4603
4907
3633
3672
4052
3813
4468
4236
4041
3441
3795
4301
4047
3889
3146
3701
3535
3188
2933
2518
3341
3712
3356
2955
3677
3171
3926
3501
3598
2801
2725
3737
3701
3046
2824
4363
4041
3632
3632
3286
3302
3519
3708
4606
4333
4692
2190
4762
3498
4316
3273
3067
4435
2965
4085
3065
3233
3921
3337
3414
3476
3796
3420
3391
3202
3363
3323
3503
3524
3401
3267
3412
3444
3548
3410
2340
2348
3486
3461
3332
3461
3372
3332
3630
3336
3461
3501
3462
3489
3465
3463
3465
3498
3481
3429
4005
5879
4809
2845
3711
2784
3869
3899
3829
3836
3308
3477
3510
3848
3460
5329
2941
3973
4095
4439
3390
4096
3862
3450
4619
3744
4393
4766
3496
3194
2759
2490
4401
4335
2917
3178
3376
2675
2621
2697
2850
2635
2966
2875
2221
2530
2579
3299
3525
3503
3640
3656
4840
4111
4135
3462
3954
2296
3234
3075
4003
4139
4225
4383
4302
4314
4302
4583
4302
5353
3978
4785
3798
3626
3399
3411
3399
3399
3395
3398
3391
4438
3247
3772
3840
4086
3108
3769
3766
4022
3931
3603
3247
2793
3554
3613
3036
3296
3867
4957
4031
5011
3053
4679
3894
3006
4169
4258
3567
3088
3546
4072
4472
3189
3597
3928
3157
4290
4756
3704
4021
3084
2872
3248
3533
3245
3307
3352
3923
3257
3826
4320
2582
3414
2378
2663
2528
2751
